  0  55 45 57  45 50 53
  1  54 45 57  44 50 53
  2  55 44 56  44 49 53
  3  55 44 56  45 49 54
  4  55 45 56  44 49 53
  5  54 46 56  44 49 53
  6  55 45 57  44 49 53
  7  55 45 57  44 49 54
  8  55 45 56  45 49 53
  9  55 45 56  44 49 53
 10  55 45 57  44 49 53
 11  55 45 56  44 50 53
 12  54 45 56  44 49 54
 13  55 44 57  44 49 54
 14  55 45 57  44 49 53
 15  55 45 56  44 50 54
 16  55 45 56  44 50 54
 17  55 45 56  44 50 53
 18  55 45 57  45 50 53
 19  56 45 56  44 50 53
 20  55 44 56  44 49 52
 21  55 45 56  44 50 54
 22  55 45 56  44 50 53
 23  55 45 57  44 49 53
 24  55 45 57  44 50 53
 25  54 45 57  44 50 54
 26  55 44 57  44 49 53
 27  56 45 57  44 50 54
 28  55 45 57  44 49 53
 29  55 44 56  44 49 53
 30  55 45 56  44 50 53
 31  55 45 57  44 50 53
 32  55 44 56  44 49 53
 33  54 45 57  44 50 53
 34  55 45 56  44 49 53
 35  55 45 56  44 49 53
 36  54 45 57  44 49 53
 37  55 45 57  44 50 53
 38  55 45 56  44 50 54
 39  55 45 57  45 49 53
 40  55 46 56  44 49 54
 41  55 45 57  44 49 54
 42  55 45 57  44 49 53
 43  55 45 56  44 49 53
 44  55 45 56  44 49 53
 45  55 45 57  44 49 53
 46  55 45 56  44 50 54
 47  55 44 56  44 50 53
 48  54 45 56  45 49 53
 49  55 45 56  45 49 53
 50  55 45 56  44 49 53
 51  55 45 57  44 49 53
 52  55 44 56  44 49 53
 53  55 44 56  44 50 54
 54  55 45 56  44 49 53
 55  55 45 56  44 50 54
 56  55 45 57  44 49 53
 57  55 45 56  44 50 54
 58  55 44 55  44 50 54
 59  55 45 57  44 49 53
 60  54 44 57  44 49 53
 61  55 45 56  44 49 53
 62  55 46 57  45 49 53
 63  55 45 56  44 49 53
 64  55 44 56  44 49 53
 65  55 45 56  44 49 53
 66  55 45 56  44 49 53
 67  55 44 56  45 49 54
 68  55 45 56  44 50 53
 69  55 45 56  44 49 53
 70  55 45 57  44 50 53
 71  54 44 56  44 50 53
 72  55 45 56  44 49 53
 73  55 45 57  44 50 53
 74  55 45 57  44 49 53
 75  55 45 56  44 49 53
 76  55 45 56  44 49 53
 77  54 44 57  44 49 53
 78  55 45 57  44 49 53
 79  55 45 57  44 49 54
 80  55 45 56  44 49 54
 81  55 45 56  44 50 53
 82  55 45 56  44 49 54
 83  55 45 57  45 50 54
 84  55 45 57  44 50 54
 85  55 44 57  44 50 54
 86  55 45 57  45 50 54
 87  55 46 57  44 49 54
 88  55 45 56  45 49 53
 89  55 45 57  44 50 53
 90  54 45 57  44 50 53
 91  55 45 56  45 50 54
 92  55 44 57  44 50 53
 93  54 45 57  44 50 54
 94  55 45 56  44 50 53
 95  55 45 56  44 49 54
 96  54 45 56  44 49 54
 97  55 44 57  44 49 54
 98  55 45 56  44 50 53
 99  55 46 57  44 50 53
100  55 45 56  44 49 53
101  55 45 57  44 50 53
102  55 45 56  45 51 53
103  54 44 57  44 50 53
104  55 45 56  44 49 53
105  55 45 56  44 50 54
106  55 44 56  44 49 53
107  55 45 57  44 49 53
108  55 44 56  44 50 53
109  54 45 57  44 49 54
110  55 44 56  44 49 53
111  55 45 56  44 49 54
112  55 45 57  44 49 53
113  55 45 56  44 49 53
114  54 45 56  44 49 53
115  55 45 57  44 49 53
116  55 45 56  44 50 53
117  55 45 56  44 50 53
118  55 45 56  44 50 53
119  55 45 56  44 50 54
120  55 45 56  45 50 53
121  55 45 56  44 49 53
122  54 44 56  44 50 53
123  55 45 56  44 49 53
124  55 45 56  44 49 53
125  55 45 56  44 49 54
126  54 45 56  44 49 53
127  55 45 56  43 49 53
128  54 45 56  45 50 53
129  55 45 56  45 49 53
130  55 44 56  45 50 53
131  55 44 56  44 49 53
132  55 45 56  44 50 53
133  55 45 56  44 49 53
134  55 45 56  45 49 53
135  55 45 56  44 49 54
136  55 44 57  44 49 53
137  55 45 56  44 49 54
138  55 44 56  44 49 53
139  55 45 56  44 49 54
140  56 45 56  45 50 53
141  55 45 56  44 49 53
142  55 45 56  45 49 53
143  55 45 56  44 50 53
144  55 44 56  44 50 53
145  55 45 56  44 49 53
146  54 45 56  45 49 53
147  55 45 56  44 49 54
148  55 45 57  44 50 54
149  55 45 56  44 49 54
150  55 45 56  44 50 53
151  55 45 56  44 49 53
152  54 45 56  44 49 54
153  55 45 56  44 50 53
154  55 44 57  43 49 54
155  55 45 57  44 49 54
156  55 45 56  44 49 53
157  55 45 57  44 49 53
158  54 46 56  44 49 53
159  55 45 57  44 50 53
160  55 45 56  44 49 54
161  55 46 56  44 50 54
162  55 45 56  44 50 53
163  55 44 56  44 50 53
164  55 45 56  44 49 53
165  55 45 57  44 50 54
166  55 45 56  44 49 53
167  55 45 56  45 49 53
168  55 45 57  44 50 53
169  55 46 57  44 50 54
170  55 45 57  44 49 53
171  55 45 57  44 49 53
172  55 45 56  44 49 53
173  55 45 57  45 50 53
174  55 45 56  44 49 53
175  55 45 56  44 49 53
176  55 44 57  44 49 53
177  55 45 57  45 49 54
178  55 45 57  45 50 54
179  55 44 57  44 49 54
180  55 45 57  44 49 53
181  55 45 56  44 49 53
182  55 45 57  44 50 54
183  55 45 56  44 50 53
184  55 45 56  44 50 53
185  55 45 56  44 50 54
186  55 45 57  44 50 53
187  55 45 56  44 50 53
188  55 45 56  43 49 54
189  55 45 56  44 49 53
190  55 45 56  44 49 54
191  55 45 57  44 50 53
192  55 45 56  44 50 53
193  55 45 57  44 49 54
194  54 44 56  44 48 53
195  55 44 56  44 49 53
196  55 45 57  44 49 54
197  55 44 56  43 49 53
198  55 45 56  44 50 54
199  55 45 57  44 50 53
200  54 45 56  44 50 53
201  55 45 57  44 49 53
202  55 45 56  45 50 53
203  56 45 56  44 50 53
204  55 45 57  44 49 53
205  55 45 57  44 49 53
206  55 45 57  44 49 53
207  55 45 57  44 49 54
208  55 44 57  44 49 53
209  54 45 56  44 50 53
210  54 45 57  44 49 54
211  55 45 57  44 50 54
212  55 44 57  44 50 53
213  55 45 56  45 49 53
214  55 45 56  45 50 53
215  55 45 57  44 50 53
216  55 45 56  44 49 53
217  55 45 57  44 49 54
218  55 45 57  44 49 54
219  55 45 56  44 50 53
220  55 46 56  44 49 54
221  55 45 56  44 49 54
222  55 45 56  44 49 54
223  54 45 57  45 49 53
224  55 45 56  45 50 54
225  55 45 56  45 50 53
226  55 44 56  44 49 53
227  55 45 56  44 50 54
228  55 46 57  45 49 54
229  54 45 57  44 49 54
230  55 45 56  44 49 53
231  55 45 57  44 49 53
232  54 45 57  44 49 53
233  55 45 57  44 49 53
234  55 45 57  44 50 53
235  54 45 57  44 50 54
236  55 45 56  44 50 53
237  55 44 57  45 50 53
238  55 45 57  44 49 53
239  55 45 57  44 49 53
240  55 45 57  44 50 54
241  260 98 67  60 55 56
242  798 540 905  64 64 78
243  550 490 573  58 63 67
244  293 337 414  51 57 62
245  287 301 287  50 56 59
246  163 165 201  47 52 56
247  169 119 139  47 51 55
248  102 90 112  45 49 54
249  92 71 99  45 50 54
250  61 62 96  44 49 54
251  63 69 87  45 50 54
252  56 58 63  45 49 53
253  62 48 59  44 50 53
254  61 48 58  45 50 53
255  55 52 58  44 49 54
256  55 47 57  44 49 54
257  59 50 57  45 50 53
258  55 45 57  44 50 53
259  59 45 60  45 49 53
260  54 45 57  44 50 53
261  55 45 57  44 49 54
262  55 45 56  44 50 54
263  55 43 57  44 49 54
264  55 45 56  44 49 53
265  54 45 57  45 49 53
266  55 45 57  44 50 54
267  55 45 56  44 49 53
268  55 45 56  44 49 54
269  55 44 57  44 50 53
270  55 45 56  44 50 53
271  54 45 57  44 50 54
272  55 45 56  44 49 53
273  55 44 57  44 49 53
274  54 45 56  44 50 54
275  55 44 56  44 49 53
276  55 45 56  44 50 54
277  54 45 57  44 50 53
278  54 44 56  44 49 54
279  55 44 56  44 50 54
280  54 44 56  44 49 53
281  54 45 56  44 49 53
282  54 45 56  44 49 54
283  54 44 56  44 49 54
284  55 44 56  45 49 53
285  54 45 56  44 49 54
286  54 45 56  44 49 53
287  54 44 57  44 50 54
288  55 45 56  44 49 53
289  54 44 57  44 49 54
290  55 45 56  44 49 53
291  54 45 56  44 50 53
292  55 45 57  44 50 53
293  54 44 56  45 49 53
294  55 45 56  45 49 53
295  54 44 56  44 49 53
296  54 44 56  44 49 53
297  71 44 56  44 49 54
298  56 44 56  44 49 54
299  55 44 56  44 49 54
300  54 44 56  44 49 53
301  54 43 56  44 49 54
302  55 45 56  44 50 54
303  54 45 56  44 50 53
304  54 45 56  44 50 54
305  54 44 56  45 50 53
306  55 45 56  44 49 53
307  55 44 56  44 50 53
308  54 45 57  44 50 53
309  54 44 56  44 49 53
310  55 45 56  44 50 54
311  54 43 56  44 49 53
312  54 44 57  44 50 53
313  55 44 56  44 49 54
314  55 45 57  44 49 54
315  54 44 56  44 50 54
316  54 44 56  45 50 53
317  54 44 56  45 49 54
318  54 44 56  45 49 53
319  55 44 55  44 49 53
320  54 45 56  44 49 53
321  54 44 56  44 49 54
322  54 45 55  44 49 53
323  55 45 56  44 49 53
324  54 44 56  44 49 53
325  54 44 56  43 49 53
326  54 45 56  44 49 54
327  54 44 56  44 50 53
328  55 44 56  44 49 53
329  55 45 56  44 49 53
330  54 44 57  44 49 54
331  55 44 56  44 49 53
332  55 45 56  44 49 53
333  54 44 56  43 49 53
334  54 45 56  44 49 54
335  55 45 56  44 50 54
336  53 44 56  44 49 54
337  55 45 56  44 50 54
338  55 44 56  44 49 54
339  54 44 56  43 50 53
340  55 45 56  44 50 54
341  55 44 56  44 49 53
342  54 44 56  45 49 53
343  55 44 56  44 49 54
344  55 44 56  44 49 54
345  54 45 57  44 49 53
346  54 45 56  44 49 54
347  55 44 56  44 49 53
348  58 44 56  45 50 54
349  54 44 56  44 50 53
350  55 44 56  44 50 54
351  54 44 56  44 50 53
352  54 45 57  44 50 53
353  54 44 57  44 49 53
354  53 44 56  44 49 53
355  54 44 56  44 49 53
356  54 44 56  44 49 53
357  54 44 57  44 49 53
358  54 44 57  44 49 53
359  55 45 56  44 50 54
360  54 44 56  44 49 53
361  54 44 56  45 50 54
362  55 44 56  45 50 53
363  54 44 56  45 50 53
364  54 44 56  44 49 54
365  55 45 56  44 49 53
366  54 44 56  44 49 53
367  55 45 56  44 49 53
368  54 44 56  45 49 53
369  54 45 56  44 50 54
370  54 44 56  43 49 53
371  55 45 56  44 49 53
372  55 45 56  44 49 53
373  55 44 56  45 50 53
374  54 44 56  45 50 53
375  55 45 56  44 50 53
376  54 44 57  44 49 53
377  55 45 56  44 50 53
378  54 44 56  44 49 53
379  54 45 56  44 49 54
380  54 45 56  45 50 53
381  55 44 56  44 49 54
382  54 44 56  44 49 53
383  54 44 56  45 49 53
384  54 45 56  45 49 54
385  54 45 57  45 50 53
386  54 45 56  45 49 53
387  54 45 56  44 49 53
388  54 45 57  45 49 53
389  55 44 57  44 49 53
390  54 45 56  44 49 53
391  54 45 56  44 49 53
392  54 44 56  45 49 54
393  54 44 56  44 49 53
394  55 44 56  44 50 53
395  55 44 56  44 50 54
396  54 45 56  44 50 53
397  54 44 56  44 50 54
398  54 45 56  44 49 54
399  54 45 56  44 49 54
400  54 45 56  44 49 54
401  54 45 57  44 49 53
402  55 45 56  44 50 54
403  54 44 56  44 49 53
404  54 45 56  45 49 53
405  54 45 56  44 50 53
406  54 44 56  44 50 53
407  54 46 56  44 50 53
408  55 44 56  44 49 53
409  54 45 56  44 50 53
410  55 44 56  45 50 54
411  55 44 56  44 49 53
412  54 45 56  44 49 53
413  54 44 56  44 49 53
414  54 43 56  44 49 53
415  54 44 56  45 49 54
416  54 45 56  44 49 53
417  55 45 56  44 49 53
418  54 45 56  45 50 53
419  54 45 57  44 50 53
420  54 44 56  44 49 53
421  54 44 56  44 50 53
422  54 44 56  44 49 53
423  54 45 56  44 50 54
424  54 44 57  45 49 53
425  54 44 56  44 50 53
426  54 44 56  44 49 54
427  55 45 56  44 49 53
428  55 45 56  44 49 53
429  54 44 56  44 49 53
430  55 45 56  44 49 53
431  54 45 56  44 49 54
432  55 45 56  44 50 53
433  55 44 56  44 49 53
434  55 45 56  44 49 53
435  54 44 56  44 50 53
436  54 44 56  44 50 54
437  54 43 56  44 49 53
438  54 45 56  45 49 53
439  55 44 57  45 49 53
440  55 44 56  45 50 53
441  54 43 56  44 49 53
442  55 45 55  44 50 53
443  55 45 56  44 49 53
444  55 45 56  45 50 53
445  54 44 56  44 50 53
446  54 45 56  44 49 53
447  54 45 56  44 48 53
448  55 44 56  44 49 54
449  54 44 56  44 49 53
450  54 48 56  44 50 53
451  54 44 56  44 49 53
452  54 44 56  44 49 53
453  54 44 56  44 49 53
454  54 44 56  44 50 52
455  54 45 56  44 50 53
456  54 44 57  44 50 53
457  55 44 56  44 49 53
458  55 45 56  44 49 53
459  55 45 56  44 50 53
460  55 45 56  44 49 53
461  55 44 56  44 49 53
462  54 45 56  44 50 54
463  54 44 56  44 49 53
464  54 44 57  44 50 53
465  54 44 56  45 50 54
466  54 45 56  44 49 54
467  54 43 56  44 49 53
468  55 45 56  44 50 54
469  54 43 57  44 50 53
470  54 44 56  44 49 53
471  54 44 56  44 50 53
472  55 45 56  44 49 54
473  54 44 56  44 49 53
474  54 45 56  44 49 53
475  54 45 56  44 50 53
476  54 43 55  44 49 53
477  54 45 56  44 50 54
478  54 44 55  44 49 53
479  55 44 56  44 49 53
480  55 44 56  44 49 54
481  54 45 56  44 50 53
482  54 44 56  44 50 54
483  54 45 55  44 50 53
484  54 45 55  44 49 53
485  55 46 56  44 50 54
486  54 44 56  44 49 53
487  54 44 56  44 49 53
488  54 45 56  45 50 53
489  55 45 56  44 49 53
490  55 44 56  44 49 54
491  54 44 56  44 49 54
492  54 45 56  44 49 53
493  55 44 56  44 50 54
494  54 44 56  44 49 53
495  54 45 56  44 49 54
496  54 45 56  44 49 54
497  54 44 56  44 50 53
498  54 45 56  44 50 53
499  54 43 56  44 49 53
500  55 45 56  45 49 53
501  55 45 56  44 50 53
502  55 45 56  44 50 53
503  55 44 57  44 49 53
504  55 45 56  44 49 53
505  54 44 56  44 49 53
506  55 45 56  44 49 53
507  55 44 56  44 49 54
508  54 45 56  43 50 53
509  55 44 56  44 49 53
510  55 44 56  44 50 53
511  54 45 56  44 49 54
512  55 45 56  44 50 53
513  55 44 56  44 50 53
514  55 45 56  44 49 53
515  55 44 56  44 49 54
516  55 44 56  44 50 54
517  54 44 56  44 49 53
518  55 45 56  44 50 53
519  54 44 56  44 50 53
520  54 44 56  44 49 53
521  55 44 56  44 49 53
522  54 45 56  45 49 53
523  55 44 56  45 49 53
524  55 44 56  45 50 53
525  54 45 56  44 50 53
526  54 44 56  45 49 54
527  54 45 56  45 49 53
528  54 45 56  44 50 53
529  54 44 56  44 50 53
530  54 45 57  44 49 54
531  54 45 56  44 49 53
532  54 45 56  44 49 53
533  55 45 56  44 50 53
534  54 44 56  44 49 53
535  55 45 56  44 50 53
536  54 44 56  44 49 53
537  55 45 56  44 49 53
538  55 45 57  44 49 53
539  54 44 56  44 50 53
540  54 45 56  44 49 53
541  54 45 56  44 50 53
542  54 44 57  45 49 53
543  55 44 57  44 49 53
544  55 45 56  44 50 53
545  54 44 57  44 50 53
546  55 44 57  44 50 53
547  54 44 56  44 50 53
548  55 45 56  45 49 53
549  54 45 56  44 49 53
550  55 45 56  44 50 53
551  55 45 57  44 50 53
552  54 45 56  45 50 54
553  54 44 56  44 50 53
554  54 44 56  44 50 53
555  54 49 56  44 50 53
556  54 47 56  44 50 53
557  54 45 56  44 50 54
558  55 45 56  44 50 53
559  54 44 56  44 49 53
560  54 45 56  44 50 54
561  54 44 56  44 50 53
562  54 45 56  44 49 53
563  54 44 56  44 49 53
564  54 45 56  44 49 52
565  54 45 56  44 49 54
566  54 45 56  45 50 53
567  54 45 55  45 49 53
568  54 44 56  44 49 53
569  54 44 56  44 50 54
570  54 44 56  44 49 54
571  54 45 56  44 49 53
572  55 45 56  44 49 53
573  54 44 56  44 50 53
574  54 45 56  44 50 54
575  54 44 57  44 49 53
576  54 44 56  44 50 54
577  54 44 56  44 49 53
578  54 44 56  44 50 53
579  54 44 56  44 50 53
580  54 44 56  44 50 54
581  54 44 56  45 49 53
582  54 44 56  44 49 53
583  54 44 56  44 50 53
584  55 44 57  44 50 53
585  55 45 57  45 50 54
586  54 44 56  45 50 53
587  55 44 56  45 49 53
588  54 45 56  44 49 53
589  55 44 56  44 50 53
590  54 45 56  44 49 53
591  54 44 56  44 49 53
592  54 44 56  44 50 53
593  55 45 56  44 49 53
594  54 44 56  44 50 53
595  55 44 55  44 49 53
596  55 45 56  45 49 53
597  55 45 56  44 49 53
598  54 44 56  44 50 53
599  55 45 57  44 49 53
600  55 45 56  44 49 53
601  54 44 56  44 49 53
602  55 45 56  44 50 54
603  55 45 56  44 49 53
604  54 44 56  44 49 54
605  54 45 57  44 49 53
606  55 44 56  44 49 53
607  53 44 56  44 49 53
608  55 45 56  44 49 54
609  55 45 56  44 49 53
610  55 45 56  44 50 53
611  55 45 56  44 49 53
612  55 45 56  44 50 53
613  54 44 56  44 50 54
614  54 44 56  44 49 54
615  54 44 56  44 49 53
616  54 44 56  44 49 53
617  54 44 57  44 49 53
618  54 45 56  44 49 54
619  54 45 56  44 50 53
620  55 44 56  44 49 53
621  54 44 56  44 50 53
622  54 45 56  44 49 53
623  55 45 56  44 50 53
624  54 45 56  44 49 54
625  54 45 56  44 49 53
626  54 45 56  44 49 54
627  54 44 56  44 49 53
628  55 44 56  45 49 53
629  54 45 56  44 50 53
630  54 44 56  44 49 53
631  54 44 55  45 50 53
632  55 45 56  44 50 53
633  55 44 56  44 50 52
634  55 45 56  44 50 53
635  55 45 56  44 50 53
636  54 44 56  44 49 54
637  55 44 56  44 49 53
638  54 45 56  44 49 53
639  54 45 56  44 49 53
640  55 45 56  44 49 54
641  55 45 56  45 49 54
642  54 44 57  45 49 53
643  55 44 57  44 50 53
644  54 45 57  44 49 53
645  55 45 56  44 49 53
646  55 44 57  44 50 53
647  54 44 56  44 50 53
648  54 44 56  44 49 53
649  54 45 56  44 50 53
650  54 44 56  44 49 54
651  55 44 55  44 50 54
652  55 45 56  44 49 53
653  54 45 56  44 49 53
654  55 45 56  45 49 54
655  54 45 56  44 49 53
656  55 43 56  44 49 53
657  55 45 56  44 49 54
658  54 45 56  44 49 53
659  54 44 56  44 49 53
660  54 44 56  44 50 53
661  54 45 56  44 50 53
662  54 44 56  45 50 54
663  54 45 55  44 49 53
664  54 44 56  44 49 53
665  54 45 56  44 50 53
666  55 45 56  44 50 53
667  55 45 57  45 50 54
668  54 44 55  44 49 53
669  55 45 56  44 50 53
670  54 44 55  44 49 54
671  54 44 56  44 49 53
672  55 44 56  45 49 53
673  55 45 56  44 49 53
674  54 44 56  44 49 53
675  54 45 56  45 49 53
676  54 44 55  45 49 54
677  55 44 56  44 50 53
678  54 45 56  45 49 54
679  54 44 56  44 50 53
680  54 44 56  44 50 53
681  54 44 57  44 50 53
682  54 44 56  45 50 53
683  54 45 55  44 49 54
684  55 45 56  45 49 53
685  54 44 56  44 50 53
686  54 44 56  45 50 54
687  54 45 56  44 50 54
688  54 45 56  44 50 53
689  54 44 56  44 49 53
690  54 45 55  44 49 54
691  54 45 56  44 50 53
692  54 45 56  44 50 53
693  54 45 57  44 50 54
694  55 45 57  44 50 53
695  55 44 56  44 49 53
696  54 45 57  44 49 53
697  54 44 56  44 50 53
698  54 45 56  44 50 54
699  55 45 56  44 50 54
700  55 44 56  44 49 53
701  55 45 56  44 49 54
702  54 45 56  44 50 53
703  55 44 56  44 50 53
704  55 45 56  44 50 53
705  55 45 56  44 50 54
706  55 45 56  44 50 53
707  54 44 57  44 50 53
708  54 45 56  44 50 53
709  54 45 56  44 49 54
710  55 44 56  44 49 53
711  54 44 56  44 49 53
712  55 44 56  44 50 53
713  54 45 57  44 49 53
714  55 44 56  45 49 53
715  55 44 56  44 49 54
716  54 44 56  45 49 53
717  54 44 56  44 50 53
718  55 45 56  44 50 54
719  54 45 56  44 50 53
720  54 44 56  44 50 54
721  55 45 56  45 50 53
722  54 45 56  44 50 53
723  54 44 56  44 50 54
724  54 44 56  44 49 53
725  54 44 56  44 49 53
726  55 45 56  45 50 53
727  55 44 57  45 49 54
728  54 44 56  44 50 54
729  55 44 56  44 50 54
730  54 45 55  44 50 53
731  54 45 56  44 50 53
732  54 45 56  44 49 54
733  54 44 56  44 49 53
734  54 45 56  44 49 54
735  54 44 56  44 50 54
736  55 45 56  44 49 53
737  55 44 56  45 49 54
738  54 44 56  44 49 53
739  55 45 56  45 49 53
740  55 44 56  45 50 53
741  54 44 57  44 49 53
742  55 44 56  44 50 53
743  55 44 56  44 50 53
744  55 45 56  44 49 53
745  55 44 57  44 50 53
746  55 44 56  44 49 53
747  54 44 56  44 50 53
748  55 44 57  44 49 53
749  54 45 56  44 50 53
750  55 45 56  44 49 54
751  54 45 56  44 50 53
752  54 44 56  44 50 54
753  55 45 56  44 50 53
754  55 44 56  44 49 54
755  54 44 56  44 49 53
756  54 45 56  44 49 53
757  54 45 56  44 50 53
758  55 45 56  44 50 54
759  54 44 57  44 50 53
760  54 44 56  44 49 53
761  54 45 56  44 50 52
762  55 45 56  44 50 53
763  54 44 56  44 50 53
764  54 45 55  44 49 54
765  54 44 56  44 49 53
766  54 45 55  44 49 53
767  54 45 56  44 50 53
