54 0 44 0 56 0
55 0 45 0 57 0
56 0 46 0 58 0
57 0 47 0 59 0
58 1064 48 1113 60 1460
59 1597 49 1614 61 2130
60 2022 50 2130 62 2728
61 2515 51 2674 63 3280
62 2961 52 3074 64 3443
63 3247 53 3296 65 3645
64 3196 54 3505 66 3636
65 3263 55 3614 67 3501
66 3073 56 3312 68 3399
67 3049 57 3344 69 3442
68 2965 58 3077 70 3166
69 2960 59 3181 71 3222
70 3005 60 2969 72 3152
71 2672 61 2934 73 3040
72 2489 62 2865 74 2831
73 2476 63 2847 75 2794
74 2371 64 2714 76 2780
75 2284 65 2771 77 2598
76 2332 66 2639 78 2216
77 2298 67 2667 79 2683
78 1926 68 2672 80 2753
79 2442 69 2655 81 2687
80 2461 70 2915 82 2716
81 2488 71 2684 83 2714
82 2537 72 2712 84 2793
83 2474 73 2768 85 2863
84 2477 74 2643 86 2746
85 2474 75 2692 87 2692
86 2584 76 2707 88 2735
87 2588 77 2407 89 2860
88 2518 78 2464 90 2782
89 2807 79 2631 91 2734
90 2572 80 2748 92 2732
91 2509 81 2592 93 2743
92 2385 82 2604 94 2669
93 2429 83 2619 95 2694
94 2509 84 2455 96 2576
95 2451 85 2583 97 2541
96 2304 86 2447 98 2495
97 2411 87 2559 99 2440
98 2351 88 2435 100 2322
99 2363 89 2247 101 2275
100 2206 90 2159 102 2261
101 2115 91 2144 103 2174
102 2243 92 2035 104 1978
103 2133 93 1990 105 2077
104 1977 94 2025 106 1911
105 2049 95 1886 107 1813
106 1957 96 1812 108 1791
107 1809 97 1829 109 1634
108 1764 98 1700 110 1623
109 1806 99 1600 111 1622
110 1716 100 1462 112 1470
111 1649 101 1464 113 1395
112 1557 102 1551 114 1332
113 1533 103 1425 115 1287
114 1467 104 1336 116 1085
115 1078 105 1286 117 1149
116 1373 106 1246 118 1203
117 1376 107 1158 119 1101
118 1258 108 917 120 1095
119 1256 109 1017 121 1086
120 1262 110 1040 122 960
121 1224 111 1084 123 947
122 1130 112 978 124 853
123 1068 113 956 125 842
124 999 114 905 126 868
125 935 115 818 127 836
126 986 116 849 128 735
127 871 117 787 129 707
128 848 118 791 130 678
129 798 119 739 131 674
130 779 120 674 132 618
131 780 121 670 133 639
132 741 122 677 134 531
133 712 123 570 135 559
134 744 124 542 136 562
135 672 125 571 137 512
136 648 126 550 138 483
137 614 127 549 139 455
138 571 128 428 140 394
139 587 129 478 141 424
140 524 130 477 142 337
141 508 131 444 143 368
142 423 132 380 144 399
143 483 133 401 145 336
144 499 134 414 146 323
145 455 135 385 147 378
146 425 136 357 148 323
147 432 137 366 149 343
148 375 138 343 150 317
149 397 139 364 151 275
150 381 140 322 152 281
151 398 141 296 153 275
152 316 142 285 154 272
153 375 143 278 155 268
154 939 144 778 156 726
155 834 145 732 157 635
156 827 146 657 158 573
157 685 147 618 159 509
158 617 148 531 160 453
159 564 149 478 161 423
160 503 150 438 162 351
161 464 151 375 163 359
162 398 152 356 164 276
163 408 153 294 165 273
164 416 154 316 166 275
165 324 155 256 167 236
166 325 156 230 168 180
167 296 157 218 169 196
168 305 158 220 170 173
169 286 159 208 171 166
170 203 160 177 172 178
171 201 161 163 173 162
172 190 162 132 174 129
173 172 163 154 175 125
174 160 164 116 176 130
175 141 165 155 177 113
176 142 166 110 178 107
177 149 167 118 179 99
178 122 168 107 180 87
179 140 169 116 181 92
180 96 170 96 182 67
181 110 171 80 183 75
182 90 172 73 184 58
183 85 173 92 185 64
184 80 174 70 186 69
185 87 175 58 187 51
186 71 176 69 188 53
187 70 177 70 189 52
188 69 178 60 190 43
189 63 179 47 191 50
190 59 180 49 192 42
191 58 181 43 193 33
192 44 182 48 194 38
193 68 183 51 195 48
194 43 184 38 196 33
195 50 185 41 197 38
196 47 186 36 198 30
197 49 187 31 199 30
198 32 188 30 200 36
199 49 189 29 201 22
200 34 190 23 202 29
201 28 191 31 203 25
202 29 192 32 204 27
203 910 193 674 205 707
