0 1229801 1005479 1261923
25 1232019 1005832 1262576
50 1538583 1116816 1346046
75 2019683 1747483 2000965
100 1791995 1593669 1858566
125 1587720 1391190 1648753
150 1455174 1257208 1511053
175 1371238 1163982 1419579
200 1313013 1105862 1363283
225 1277659 1065979 1322643
250 1259016 1041690 1299940
275 1247062 1027934 1286878
300 1239017 1019596 1279175
325 1234327 1014689 1273310
350 1232824 1011547 1269595
375 1231756 1009019 1267939
400 1231507 1008404 1267250
425 1230445 1007846 1266212
450 1230521 1007450 1265760
475 1230491 1007218 1265128
