1096 15 897 15 1126 10 3120 0
1097 33 898 40 1127 27 3121 1
1098 65 899 94 1128 54 3122 3
1099 163 900 164 1129 100 3123 16
1100 195 901 233 1130 154 3124 48
1101 320 902 347 1131 232 3125 74
1102 428 903 448 1132 288 3126 136
1103 503 904 564 1133 372 3127 192
1104 638 905 615 1134 495 3128 289
1105 713 906 721 1135 569 3129 369
1106 746 907 785 1136 622 3130 425
1107 822 908 800 1137 782 3131 532
1108 910 909 958 1138 823 3132 647
1109 979 910 914 1139 896 3133 756
1110 1012 911 1044 1140 959 3134 789
1111 1033 912 1023 1141 1011 3135 899
1112 1090 913 1075 1142 1052 3136 949
1113 1233 914 1168 1143 1130 3137 1135
1114 1159 915 1116 1144 1193 3138 1134
1115 1156 916 1104 1145 1190 3139 1142
1116 1207 917 1233 1146 1233 3140 1274
1117 1255 918 1196 1147 1238 3141 1348
1118 1168 919 1141 1148 1267 3142 1350
1119 1194 920 1157 1149 1292 3143 1374
1120 1200 921 1241 1150 1276 3144 1314
1121 1242 922 1216 1151 1305 3145 1361
1122 1168 923 1203 1152 1299 3146 1295
1123 1160 924 1219 1153 1310 3147 1336
1124 1145 925 1162 1154 1234 3148 1311
1125 1122 926 1208 1155 1177 3149 1354
1126 1088 927 1175 1156 1256 3150 1374
1127 1114 928 1147 1157 1272 3151 1295
1128 1125 929 1149 1158 1182 3152 1258
1129 1093 930 1067 1159 1213 3153 1247
1130 1073 931 1026 1160 1130 3154 1199
1131 984 932 1096 1161 1144 3155 1177
1132 1020 933 1052 1162 1075 3156 1155
1133 1020 934 1085 1163 1095 3157 1190
1134 965 935 1032 1164 1047 3158 1124
1135 949 936 1024 1165 1149 3159 1145
1136 952 937 1021 1166 1041 3160 1043
1137 962 938 1025 1167 1060 3161 990
1138 915 939 1017 1168 1036 3162 995
1139 899 940 980 1169 1000 3163 957
1140 916 941 946 1170 932 3164 953
1141 885 942 916 1171 925 3165 930
1142 890 943 933 1172 941 3166 923
1143 826 944 946 1173 930 3167 944
1144 861 945 848 1174 930 3168 866
1145 804 946 880 1175 931 3169 833
1146 848 947 837 1176 864 3170 833
1147 828 948 891 1177 838 3171 860
1148 835 949 871 1178 862 3172 825
1149 776 950 868 1179 821 3173 785
1150 794 951 832 1180 821 3174 855
1151 755 952 855 1181 820 3175 774
1152 782 953 833 1182 824 3176 775
1153 767 954 863 1183 796 3177 727
1154 742 955 797 1184 775 3178 769
1155 707 956 792 1185 789 3179 686
1156 742 957 776 1186 851 3180 704
1157 749 958 790 1187 776 3181 758
1158 660 959 828 1188 784 3182 706
1159 759 960 734 1189 782 3183 721
1160 789 961 786 1190 799 3184 697
1161 741 962 768 1191 842 3185 674
1162 782 963 786 1192 778 3186 644
1163 697 964 783 1193 744 3187 702
1164 699 965 773 1194 795 3188 618
1165 769 966 758 1195 776 3189 649
1166 750 967 743 1196 784 3190 658
1167 745 968 795 1197 832 3191 620
1168 718 969 758 1198 798 3192 666
1169 723 970 797 1199 796 3193 602
1170 749 971 779 1200 783 3194 618
1171 738 972 777 1201 777 3195 559
1172 723 973 817 1202 748 3196 563
1173 774 974 762 1203 758 3197 613
1174 729 975 820 1204 823 3198 601
1175 730 976 836 1205 758 3199 607
1176 706 977 844 1206 776 3200 644
1177 794 978 842 1207 853 3201 554
1178 752 979 769 1208 842 3202 626
1179 768 980 824 1209 871 3203 576
1180 795 981 862 1210 842 3204 614
1181 786 982 924 1211 898 3205 640
1182 824 983 833 1212 845 3206 625
1183 843 984 837 1213 852 3207 615
1184 761 985 857 1214 871 3208 654
1185 832 986 862 1215 900 3209 612
1186 816 987 883 1216 855 3210 634
1187 840 988 846 1217 880 3211 664
1188 828 989 914 1218 931 3212 702
1189 770 990 823 1219 916 3213 690
1190 839 991 916 1220 908 3214 746
1191 828 992 923 1221 880 3215 675
1192 839 993 840 1222 934 3216 690
1193 813 994 952 1223 966 3217 703
1194 869 995 933 1224 968 3218 814
1195 848 996 890 1225 913 3219 744
1196 855 997 901 1226 950 3220 798
1197 914 998 869 1227 942 3221 835
1198 835 999 914 1228 965 3222 833
1199 846 1000 944 1229 949 3223 844
1200 846 1001 899 1230 965 3224 841
1201 889 1002 931 1231 1009 3225 910
1202 861 1003 927 1232 1039 3226 919
1203 926 1004 940 1233 985 3227 949
1204 894 1005 905 1234 1016 3228 923
1205 857 1006 967 1235 984 3229 965
1206 912 1007 954 1236 880 3230 1029
1207 949 1008 889 1237 986 3231 1032
1208 850 1009 956 1238 1007 3232 968
1209 894 1010 940 1239 972 3233 1108
1210 841 1011 909 1240 1007 3234 1065
1211 880 1012 969 1241 965 3235 1122
1212 906 1013 968 1242 951 3236 1094
1213 900 1014 945 1243 966 3237 1106
1214 864 1015 925 1244 947 3238 1191
1215 847 1016 912 1245 991 3239 1173
1216 885 1017 929 1246 1002 3240 1161
1217 927 1018 932 1247 961 3241 1175
1218 904 1019 907 1248 940 3242 1179
1219 851 1020 942 1249 924 3243 1207
1220 940 1021 855 1250 1015 3244 1215
1221 908 1022 946 1251 912 3245 1202
1222 914 1023 862 1252 936 3246 1184
1223 922 1024 825 1253 974 3247 1156
1224 868 1025 955 1254 946 3248 1186
1225 858 1026 872 1255 882 3249 1229
1226 861 1027 882 1256 912 3250 1222
1227 906 1028 888 1257 923 3251 1218
1228 851 1029 866 1258 922 3252 1177
1229 788 1030 847 1259 804 3253 1188
1230 846 1031 835 1260 847 3254 1217
1231 861 1032 786 1261 887 3255 1158
1232 840 1033 857 1262 819 3256 1127
1233 786 1034 844 1263 839 3257 1160
1234 849 1035 775 1264 763 3258 1106
1235 781 1036 788 1265 823 3259 1144
1236 783 1037 774 1266 801 3260 1090
1237 764 1038 768 1267 815 3261 1080
1238 819 1039 782 1268 799 3262 1001
1239 741 1040 757 1269 750 3263 1076
1240 776 1041 717 1270 811 3264 1023
1241 723 1042 711 1271 747 3265 984
1242 759 1043 739 1272 769 3266 988
1243 741 1044 761 1273 720 3267 982
1244 733 1045 731 1274 754 3268 894
1245 681 1046 679 1275 691 3269 870
1246 767 1047 707 1276 713 3270 895
1247 712 1048 709 1277 633 3271 927
1248 726 1049 692 1278 689 3272 922
1249 670 1050 688 1279 694 3273 838
1250 709 1051 643 1280 661 3274 840
1251 696 1052 688 1281 650 3275 827
1252 651 1053 592 1282 664 3276 820
1253 644 1054 640 1283 659 3277 737
1254 723 1055 676 1284 617 3278 779
1255 668 1056 621 1285 616 3279 726
1256 675 1057 656 1286 590 3280 697
1257 663 1058 607 1287 583 3281 690
1258 607 1059 604 1288 542 3282 681
1259 629 1060 581 1289 581 3283 682
1260 615 1061 597 1290 593 3284 614
1261 578 1062 596 1291 528 3285 655
1262 634 1063 540 1292 535 3286 657
1263 568 1064 560 1293 537 3287 610
1264 573 1065 542 1294 521 3288 579
1265 602 1066 497 1295 537 3289 550
1266 574 1067 561 1296 506 3290 526
1267 568 1068 506 1297 498 3291 546
1268 547 1069 491 1298 469 3292 513
1269 525 1070 488 1299 453 3293 535
1270 574 1071 490 1300 504 3294 490
1271 524 1072 521 1301 472 3295 512
1272 515 1073 465 1302 429 3296 468
1273 514 1074 472 1303 426 3297 471
1274 493 1075 443 1304 416 3298 412
1275 482 1076 422 1305 422 3299 472
1276 544 1077 462 1306 447 3300 403
1277 474 1078 456 1307 442 3301 412
1278 448 1079 422 1308 399 3302 389
1279 480 1080 428 1309 389 3303 394
1280 457 1081 458 1310 413 3304 382
1281 419 1082 437 1311 384 3305 376
1282 477 1083 392 1312 406 3306 346
1283 441 1084 373 1313 376 3307 364
1284 432 1085 365 1314 341 3308 332
1285 435 1086 342 1315 367 3309 343
1286 400 1087 348 1316 372 3310 359
1287 439 1088 365 1317 340 3311 327
1288 401 1089 353 1318 364 3312 294
1289 367 1090 352 1319 327 3313 329
1290 376 1091 351 1320 324 3314 309
1291 416 1092 316 1321 330 3315 292
1292 388 1093 331 1322 334 3316 304
1293 368 1094 321 1323 301 3317 260
1294 353 1095 297 1324 300 3318 252
1295 354 1096 332 1325 278 3319 306
1296 378 1097 312 1326 282 3320 262
1297 328 1098 315 1327 285 3321 258
1298 349 1099 272 1328 280 3322 264
1299 302 1100 318 1329 274 3323 254
1300 307 1101 277 1330 273 3324 248
1301 322 1102 291 1331 236 3325 221
1302 306 1103 309 1332 253 3326 259
1303 326 1104 274 1333 249 3327 246
1304 295 1105 268 1334 222 3328 209
1305 267 1106 235 1335 237 3329 209
1306 303 1107 283 1336 238 3330 205
1307 272 1108 250 1337 247 3331 204
1308 281 1109 238 1338 243 3332 197
1309 272 1110 249 1339 250 3333 195
1310 277 1111 233 1340 218 3334 205
1311 260 1112 238 1341 201 3335 178
1312 275 1113 217 1342 204 3336 177
1313 259 1114 217 1343 199 3337 205
1314 227 1115 195 1344 209 3338 194
1315 228 1116 216 1345 205 3339 188
1316 209 1117 215 1346 182 3340 174
1317 220 1118 205 1347 195 3341 170
1318 248 1119 227 1348 188 3342 191
1319 254 1120 196 1349 175 3343 185
1320 251 1121 190 1350 206 3344 168
1321 243 1122 170 1351 189 3345 165
1322 192 1123 193 1352 169 3346 147
1323 223 1124 183 1353 176 3347 167
1324 206 1125 150 1354 139 3348 163
1325 218 1126 165 1355 167 3349 151
1326 200 1127 180 1356 162 3350 150
1327 186 1128 157 1357 168 3351 158
1328 219 1129 162 1358 146 3352 137
1329 191 1130 166 1359 157 3353 153
1330 167 1131 171 1360 163 3354 135
1331 178 1132 153 1361 160 3355 151
1332 208 1133 170 1362 153 3356 135
1333 163 1134 164 1363 141 3357 162
1334 191 1135 141 1364 126 3358 127
1335 179 1136 162 1365 152 3359 117
1336 170 1137 146 1366 141 3360 110
1337 181 1138 148 1367 136 3361 122
1338 159 1139 132 1368 114 3362 149
1339 170 1140 145 1369 127 3363 129
1340 157 1141 145 1370 116 3364 135
1341 147 1142 125 1371 106 3365 101
1342 154 1143 149 1372 130 3366 119
1343 149 1144 140 1373 97 3367 120
1344 130 1145 140 1374 129 3368 92
1345 165 1146 135 1375 109 3369 108
1346 149 1147 100 1376 91 3370 116
1347 114 1148 115 1377 122 3371 105
1348 140 1149 123 1378 113 3372 81
1349 135 1150 95 1379 113 3373 113
1350 127 1151 131 1380 119 3374 109
1351 142 1152 109 1381 115 3375 85
1352 124 1153 107 1382 107 3376 83
1353 109 1154 86 1383 102 3377 98
1354 140 1155 94 1384 106 3378 83
1355 118 1156 103 1385 99 3379 84
1356 115 1157 98 1386 83 3380 85
1357 122 1158 101 1387 99 3381 104
1358 132 1159 104 1388 89 3382 74
1359 128 1160 104 1389 78 3383 90
1360 102 1161 96 1390 77 3384 86
1361 98 1162 100 1391 89 3385 81
1362 102 1163 99 1392 93 3386 59
1363 110 1164 91 1393 85 3387 79
1364 95 1165 84 1394 71 3388 79
1365 95 1166 106 1395 91 3389 80
1366 106 1167 87 1396 79 3390 98
1367 94 1168 99 1397 73 3391 77
1368 125 1169 89 1398 81 3392 73
1369 78 1170 91 1399 77 3393 82
1370 86 1171 93 1400 95 3394 65
1371 81 1172 77 1401 81 3395 73
1372 89 1173 83 1402 62 3396 55
1373 73 1174 78 1403 73 3397 68
1374 73 1175 77 1404 60 3398 62
1375 99 1176 97 1405 68 3399 64
1376 83 1177 69 1406 55 3400 63
1377 87 1178 70 1407 70 3401 62
1378 79 1179 75 1408 71 3402 73
1379 90 1180 73 1409 62 3403 61
1380 69 1181 78 1410 50 3404 62
1381 81 1182 78 1411 60 3405 70
1382 80 1183 62 1412 66 3406 64
1383 75 1184 61 1413 65 3407 57
1384 88 1185 54 1414 54 3408 59
1385 72 1186 63 1415 51 3409 52
1386 59 1187 58 1416 67 3410 51
1387 63 1188 48 1417 62 3411 66
1388 81 1189 59 1418 54 3412 66
1389 73 1190 65 1419 71 3413 68
1390 66 1191 58 1420 51 3414 69
1391 56 1192 54 1421 53 3415 41
1392 62 1193 59 1422 60 3416 40
1393 68 1194 50 1423 60 3417 47
1394 77 1195 59 1424 64 3418 46
1395 55 1196 48 1425 56 3419 41
1396 66 1197 53 1426 54 3420 45
1397 67 1198 51 1427 43 3421 68
1398 64 1199 55 1428 39 3422 39
1399 51 1200 46 1429 41 3423 63
1400 49 1201 36 1430 55 3424 42
1401 62 1202 43 1431 52 3425 43
1402 49 1203 53 1432 41 3426 35
1403 58 1204 55 1433 49 3427 43
1404 56 1205 45 1434 29 3428 37
1405 51 1206 48 1435 40 3429 39
1406 57 1207 52 1436 46 3430 33
1407 54 1208 54 1437 45 3431 35
1408 54 1209 50 1438 47 3432 52
1409 56 1210 54 1439 35 3433 31
1410 66 1211 48 1440 41 3434 52
1411 45 1212 42 1441 47 3435 40
1412 47 1213 48 1442 51 3436 36
1413 48 1214 48 1443 54 3437 35
1414 43 1215 39 1444 36 3438 45
1415 53 1216 43 1445 32 3439 31
1416 43 1217 40 1446 37 3440 42
1417 38 1218 46 1447 47 3441 42
1418 55 1219 33 1448 40 3442 31
1419 44 1220 35 1449 39 3443 41
1420 32 1221 39 1450 34 3444 27
1421 46 1222 42 1451 41 3445 42
1422 43 1223 46 1452 41 3446 38
1423 42 1224 40 1453 36 3447 39
1424 53 1225 41 1454 39 3448 31
1425 40 1226 35 1455 42 3449 34
1426 49 1227 45 1456 43 3450 34
1427 43 1228 42 1457 35 3451 39
1428 42 1229 41 1458 40 3452 39
1429 39 1230 34 1459 37 3453 25
1430 38 1231 43 1460 42 3454 31
1431 44 1232 36 1461 40 3455 23
1432 42 1233 46 1462 36 3456 24
1433 47 1234 32 1463 25 3457 20
1434 36 1235 33 1464 30 3458 22
1435 53 1236 40 1465 30 3459 24
1436 37 1237 35 1466 22 3460 31
1437 34 1238 39 1467 27 3461 26
1438 40 1239 34 1468 26 3462 17
1439 32 1240 35 1469 24 3463 30
1440 39 1241 32 1470 36 3464 20
1441 33 1242 32 1471 35 3465 27
1442 28 1243 25 1472 40 3466 22
1443 39 1244 36 1473 26 3467 31
1444 37 1245 35 1474 26 3468 31
1445 31 1246 31 1475 42 3469 22
1446 32 1247 33 1476 32 3470 24
1447 37 1248 30 1477 32 3471 19
1448 22 1249 31 1478 28 3472 18
1449 37 1250 32 1479 26 3473 31
1450 31 1251 25 1480 32 3474 28
1451 35 1252 48 1481 31 3475 20
1452 36 1253 31 1482 35 3476 25
1453 29 1254 29 1483 30 3477 27
1454 37 1255 24 1484 24 3478 24
1455 38 1256 31 1485 28 3479 14
1456 36 1257 29 1486 23 3480 26
1457 25 1258 20 1487 40 3481 16
1458 27 1259 25 1488 32 3482 26
1459 35 1260 23 1489 34 3483 23
1460 31 1261 27 1490 24 3484 17
1461 25 1262 30 1491 24 3485 24
1462 29 1263 20 1492 24 3486 26
1463 25 1264 17 1493 21 3487 27
1464 28 1265 33 1494 17 3488 17
1465 22 1266 26 1495 26 3489 14
1466 32 1267 19 1496 25 3490 23
1467 26 1268 23 1497 17 3491 18
1468 31 1269 24 1498 20 3492 27
1469 25 1270 25 1499 42 3493 13
1470 28 1271 24 1500 8 3494 25
1471 29 1272 24 1501 20 3495 24
1472 21 1273 24 1502 15 3496 15
1473 35 1274 29 1503 21 3497 19
1474 27 1275 25 1504 16 3498 21
1475 22 1276 12 1505 15 3499 14
1476 34 1277 26 1506 18 3500 15
1477 26 1278 21 1507 16 3501 21
1478 24 1279 19 1508 15 3502 19
1479 38 1280 29 1509 24 3503 17
1480 21 1281 27 1510 18 3504 20
1481 22 1282 20 1511 12 3505 19
1482 23 1283 17 1512 18 3506 19
1483 26 1284 26 1513 22 3507 18
1484 22 1285 26 1514 19 3508 27
1485 30 1286 26 1515 16 3509 10
1486 18 1287 27 1516 15 3510 18
1487 17 1288 17 1517 21 3511 19
1488 23 1289 26 1518 18 3512 19
1489 19 1290 10 1519 20 3513 14
1490 19 1291 20 1520 16 3514 21
1491 32 1292 26 1521 21 3515 22
1492 19 1293 19 1522 21 3516 15
1493 20 1294 13 1523 14 3517 18
1494 21 1295 9 1524 10 3518 13
1495 18 1296 21 1525 12 3519 18
1496 67 1297 54 1526 56 3520 46
1497 64 1298 52 1527 50 3521 38
1498 62 1299 53 1528 38 3522 43
1499 54 1300 58 1529 43 3523 39
1500 49 1301 43 1530 33 3524 39
1501 46 1302 46 1531 47 3525 46
1502 78 1303 56 1532 54 3526 33
1503 67 1304 47 1533 42 3527 35
1504 48 1305 54 1534 40 3528 38
1505 48 1306 47 1535 42 3529 41
1506 31 1307 38 1536 40 3530 34
1507 44 1308 34 1537 43 3531 24
1508 48 1309 47 1538 42 3532 31
1509 51 1310 30 1539 40 3533 26
1510 44 1311 40 1540 35 3534 22
1511 31 1312 34 1541 42 3535 31
1512 40 1313 36 1542 26 3536 24
1513 36 1314 38 1543 43 3537 26
1514 34 1315 29 1544 32 3538 31
1515 34 1316 30 1545 31 3539 23
1516 35 1317 26 1546 18 3540 24
1517 35 1318 31 1547 35 3541 20
1518 40 1319 29 1548 30 3542 25
1519 34 1320 29 1549 43 3543 25
1520 30 1321 30 1550 33 3544 24
1521 29 1322 33 1551 26 3545 16
1522 26 1323 38 1552 27 3546 17
1523 30 1324 34 1553 31 3547 15
1524 24 1325 24 1554 31 3548 17
1525 32 1326 24 1555 19 3549 15
1526 46 1327 28 1556 18 3550 22
1527 26 1328 23 1557 26 3551 9
1528 20 1329 15 1558 16 3552 14
1529 18 1330 25 1559 29 3553 20
1530 22 1331 24 1560 21 3554 21
1531 24 1332 25 1561 18 3555 20
1532 25 1333 27 1562 19 3556 14
1533 17 1334 16 1563 24 3557 15
1534 22 1335 26 1564 16 3558 17
1535 24 1336 16 1565 19 3559 26
1536 30 1337 19 1566 17 3560 11
1537 22 1338 18 1567 17 3561 15
1538 21 1339 21 1568 13 3562 14
1539 18 1340 29 1569 13 3563 9
1540 30 1341 12 1570 18 3564 17
1541 20 1342 27 1571 13 3565 11
1542 11 1343 14 1572 17 3566 11
1543 13 1344 27 1573 13 3567 12
1544 15 1345 20 1574 9 3568 13
1545 19 1346 11 1575 11 3569 9
1546 18 1347 15 1576 13 3570 8
1547 16 1348 17 1577 8 3571 10
1548 21 1349 7 1578 22 3572 8
1549 18 1350 24 1579 14 3573 8
1550 16 1351 17 1580 14 3574 7
1551 19 1352 11 1581 21 3575 8
1552 18 1353 14 1582 11 3576 11
1553 15 1354 15 1583 14 3577 10
1554 13 1355 9 1584 12 3578 7
1555 12 1356 14 1585 10 3579 10
1556 7 1357 9 1586 15 3580 13
1557 16 1358 14 1587 10 3581 12
1558 13 1359 7 1588 13 3582 10
1559 14 1360 11 1589 12 3583 9
1560 12 1361 9 1590 10 3584 11
1561 8 1362 13 1591 3 3585 13
1562 13 1363 12 1592 14 3586 7
1563 14 1364 9 1593 12 3587 1
1564 9 1365 6 1594 5 3588 9
1565 9 1366 10 1595 11 3589 9
1566 7 1367 13 1596 5 3590 10
1567 12 1368 17 1597 10 3591 4
1568 9 1369 4 1598 10 3592 9
1569 12 1370 7 1599 8 3593 7
1570 10 1371 8 1600 6 3594 7
1571 8 1372 7 1601 5 3595 3
1572 5 1373 9 1602 9 3596 6
1573 7 1374 7 1603 6 3597 6
1574 6 1375 9 1604 9 3598 4
1575 12 1376 3 1605 6 3599 5
1576 5 1377 8 1606 7 3600 12
1577 9 1378 6 1607 8 3601 5
1578 11 1379 7 1608 5 3602 8
1579 12 1380 11 1609 7 3603 7
1580 7 1381 6 1610 5 3604 4
1581 2 1382 6 1611 5 3605 2
1582 3 1383 11 1612 6 3606 8
1583 9 1384 7 1613 6 3607 7
1584 11 1385 4 1614 6 3608 7
1585 11 1386 5 1615 10 3609 5
1586 8 1387 3 1616 4 3610 2
1587 3 1388 4 1617 7 3611 6
1588 6 1389 1 1618 3 3612 5
1589 5 1390 6 1619 7 3613 6
1590 7 1391 5 1620 7 3614 4
1591 8 1392 5 1621 7 3615 7
1592 8 1393 8 1622 0 3616 6
1593 10 1394 8 1623 2 3617 6
1594 7 1395 4 1624 5 3618 5
1595 7 1396 3 1625 2 3619 8
1596 3 1397 5 1626 6 3620 5
1597 6 1398 6 1627 6 3621 6
1598 5 1399 5 1628 3 3622 3
1599 4 1400 3 1629 6 3623 2
1600 5 1401 7 1630 3 3624 2
1601 3 1402 3 1631 4 3625 1
1602 7 1403 4 1632 3 3626 7
1603 5 1404 5 1633 4 3627 5
1604 9 1405 6 1634 2 3628 5
1605 3 1406 2 1635 1 3629 6
1606 8 1407 2 1636 1 3630 2
1607 4 1408 4 1637 5 3631 2
1608 5 1409 4 1638 6 3632 4
1609 5 1410 3 1639 4 3633 5
1610 7 1411 0 1640 4 3634 6
1611 7 1412 0 1641 2 3635 4
1612 6 1413 8 1642 6 3636 3
1613 6 1414 4 1643 5 3637 3
1614 7 1415 4 1644 7 3638 2
1615 4 1416 5 1645 3 3639 4
1616 3 1417 6 1646 3 3640 4
1617 4 1418 3 1647 3 3641 4
1618 4 1419 2 1648 2 3642 4
1619 7 1420 2 1649 3 3643 3
1620 7 1421 6 1650 2 3644 6
1621 8 1422 3 1651 4 3645 4
1622 4 1423 0 1652 3 3646 3
1623 5 1424 0 1653 4 3647 3
1624 3 1425 2 1654 4 3648 2
1625 4 1426 3 1655 1 3649 1
1626 7 1427 2 1656 2 3650 3
1627 2 1428 1 1657 3 3651 2
1628 6 1429 2 1658 2 3652 2
1629 4 1430 1 1659 1 3653 3
1630 0 1431 0 1660 2 3654 5
1631 0 1432 2 1661 4 3655 3
1632 0 1433 3 1662 5 3656 1
1633 2 1434 4 1663 4 3657 1
1634 5 1435 3 1664 2 3658 2
1635 3 1436 4 1665 3 3659 3
1636 4 1437 5 1666 1 3660 2
1637 2 1438 4 1667 0 3661 3
1638 0 1439 4 1668 6 3662 0
1639 4 1440 2 1669 3 3663 1
1640 1 1441 7 1670 2 3664 2
1641 0 1442 1 1671 3 3665 1
1642 1 1443 2 1672 4 3666 3
1643 7 1444 4 1673 1 3667 0
1644 3 1445 3 1674 4 3668 1
1645 5 1446 1 1675 7 3669 1
1646 3 1447 2 1676 5 3670 3
1647 3 1448 1 1677 5 3671 2
1648 4 1449 2 1678 4 3672 1
1649 3 1450 3 1679 2 3673 0
1650 4 1451 2 1680 2 3674 2
1651 2 1452 3 1681 3 3675 2
1652 0 1453 1 1682 1 3676 0
1653 1 1454 3 1683 3 3677 2
1654 2 1455 2 1684 0 3678 1
1655 3 1456 2 1685 5 3679 5
1656 1 1457 1 1686 2 3680 1
1657 1 1458 3 1687 0 3681 2
1658 1 1459 3 1688 1 3682 1
1659 3 1460 2 1689 4 3683 2
1660 2 1461 1 1690 3 3684 3
1661 3 1462 1 1691 2 3685 1
1662 1 1463 0 1692 1 3686 2
1663 0 1464 2 1693 3 3687 2
1664 2 1465 2 1694 3 3688 2
1665 4 1466 3 1695 0 3689 1
1666 3 1467 3 1696 0 3690 4
1667 2 1468 1 1697 2 3691 1
1668 0 1469 2 1698 1 3692 2
1669 2 1470 2 1699 1 3693 1
1670 2 1471 1 1700 3 3694 0
1671 1 1472 2 1701 1 3695 4
1672 4 1473 0 1702 1 3696 3
1673 5 1474 1 1703 2 3697 0
1674 2 1475 2 1704 0 3698 3
1675 3 1476 2 1705 1 3699 3
1676 2 1477 4 1706 5 3700 1
1677 2 1478 2 1707 1 3701 2
1678 3 1479 1 1708 1 3702 3
1679 4 1480 1 1709 0 3703 0
1680 4 1481 3 1710 1 3704 2
1681 3 1482 4 1711 1 3705 2
1682 4 1483 3 1712 0 3706 1
1683 4 1484 0 1713 1 3707 1
1684 5 1485 3 1714 0 3708 0
1685 1 1486 0 1715 3 3709 3
1686 5 1487 1 1716 2 3710 4
1687 4 1488 4 1717 0 3711 0
1688 2 1489 1 1718 1 3712 2
1689 2 1490 3 1719 0 3713 1
1690 2 1491 1 1720 0 3714 0
1691 3 1492 1 1721 0 3715 2
1692 1 1493 0 1722 3 3716 4
1693 2 1494 3 1723 1 3717 3
1694 3 1495 0 1724 3 3718 2
1695 216 1496 202 1725 203 3719 0
