  0  56 46 57  46 50 54
  1  56 46 57  45 50 55
  2  56 45 57  45 50 54
  3  56 46 57  45 51 55
  4  55 46 58  46 50 54
  5  56 46 57  45 50 54
  6  56 46 57  44 50 54
  7  56 46 57  45 51 54
  8  56 46 58  45 50 54
  9  56 45 57  45 50 54
 10  56 46 57  45 50 55
 11  55 46 57  45 50 54
 12  56 46 57  45 50 54
 13  56 46 57  45 50 54
 14  56 46 57  45 51 54
 15  56 45 57  45 50 55
 16  56 46 57  45 51 54
 17  55 46 57  45 50 54
 18  56 46 58  46 50 54
 19  55 46 57  45 51 55
 20  56 46 57  45 50 54
 21  56 45 57  45 50 54
 22  56 46 57  46 50 54
 23  55 45 57  45 50 55
 24  55 46 58  45 50 54
 25  55 46 57  45 51 54
 26  55 45 57  45 50 54
 27  56 45 57  45 51 54
 28  56 46 57  45 51 54
 29  56 46 58  45 51 54
 30  56 45 57  45 50 55
 31  56 46 57  45 51 54
 32  56 46 57  45 50 54
 33  55 46 58  45 50 54
 34  56 45 57  45 51 54
 35  56 46 57  45 50 54
 36  56 46 57  45 50 54
 37  56 46 57  45 50 54
 38  56 46 57  45 50 54
 39  56 46 57  46 51 54
 40  55 46 57  45 51 54
 41  56 46 57  45 51 55
 42  56 46 57  45 50 54
 43  56 46 57  45 51 54
 44  56 46 57  45 50 54
 45  57 46 58  45 50 54
 46  56 46 57  45 51 55
 47  56 46 58  45 51 54
 48  56 46 58  45 50 54
 49  56 46 57  45 51 54
 50  56 45 58  45 50 54
 51  56 46 57  45 51 54
 52  56 46 58  46 50 54
 53  56 45 57  45 51 54
 54  56 45 57  45 50 54
 55  56 46 57  46 51 54
 56  56 46 57  45 50 54
 57  56 45 57  46 50 54
 58  56 46 58  45 51 54
 59  56 46 57  45 50 54
 60  55 46 58  45 50 54
 61  56 46 57  45 51 54
 62  55 45 57  45 50 54
 63  56 46 58  45 51 54
 64  56 46 57  45 51 54
 65  55 46 57  45 50 54
 66  56 46 57  45 50 54
 67  55 46 58  46 50 55
 68  56 46 57  45 51 54
 69  55 46 57  46 50 54
 70  55 45 57  45 50 54
 71  56 46 57  45 50 54
 72  56 46 57  46 51 55
 73  56 46 58  45 50 54
 74  55 47 57  45 50 54
 75  56 46 58  45 50 54
 76  56 45 58  45 51 55
 77  56 46 58  46 51 55
 78  56 45 57  45 50 54
 79  56 46 58  45 50 55
 80  56 46 57  45 51 55
 81  56 46 57  46 51 55
 82  55 46 57  45 51 54
 83  56 45 58  45 51 54
 84  56 45 57  45 51 54
 85  56 45 58  46 51 54
 86  56 45 57  46 51 54
 87  56 46 58  45 51 54
 88  56 46 58  45 50 54
 89  56 46 57  45 51 55
 90  55 45 57  45 51 55
 91  56 46 58  46 51 54
 92  56 45 57  45 50 54
 93  56 46 57  46 50 55
 94  56 46 58  46 50 55
 95  56 46 57  45 50 54
 96  56 46 57  46 50 54
 97  56 47 57  46 50 54
 98  56 46 58  45 50 54
 99  56 45 57  45 50 54
100  56 46 58  45 51 54
101  56 46 57  45 51 54
102  56 46 57  45 50 55
103  56 47 58  46 50 55
104  56 45 57  45 51 54
105  56 46 57  46 51 54
106  55 46 57  45 50 54
107  56 46 57  46 51 54
108  56 47 57  45 50 54
109  56 46 57  45 50 54
110  56 45 57  45 50 54
111  56 46 57  45 50 54
112  55 45 57  45 50 54
113  55 46 58  45 51 54
114  56 45 57  44 50 54
115  56 46 58  45 50 54
116  56 46 57  45 51 54
117  56 46 58  46 50 54
118  55 45 57  45 50 54
119  56 46 57  46 50 54
120  55 46 57  45 50 54
121  56 46 57  45 50 54
122  56 46 57  46 51 54
123  56 46 57  45 51 54
124  56 45 58  45 50 54
125  55 45 58  45 50 54
126  56 46 57  45 50 54
127  55 46 57  45 51 54
128  56 45 57  45 50 54
129  56 46 57  45 51 54
130  56 46 58  45 51 54
131  56 45 58  45 50 54
132  55 46 57  46 50 54
133  56 46 57  45 51 54
134  55 46 57  45 51 54
135  56 46 57  45 50 55
136  56 46 57  45 51 55
137  56 46 57  45 50 54
138  56 46 58  45 50 54
139  55 46 57  45 51 54
140  56 46 57  45 51 54
141  55 46 57  45 50 54
142  56 46 57  45 50 54
143  56 46 57  45 50 54
144  56 46 57  45 51 54
145  56 46 57  46 50 55
146  55 46 57  46 50 54
147  56 47 58  45 50 54
148  55 46 58  46 51 55
149  56 46 57  46 50 55
150  56 45 57  45 51 54
151  56 45 57  45 51 55
152  56 46 57  45 50 54
153  56 46 58  46 50 54
154  56 45 57  45 50 54
155  55 46 58  45 51 54
156  56 45 57  45 50 53
157  56 46 57  45 51 54
158  56 46 58  45 50 54
159  56 45 57  45 50 54
160  57 46 58  45 51 54
161  56 45 57  45 51 55
162  55 46 57  45 50 55
163  56 46 57  45 51 54
164  56 46 57  45 51 55
165  55 46 58  45 50 54
166  56 46 57  46 51 54
167  56 46 57  46 50 54
168  56 45 57  45 50 54
169  55 46 58  45 50 54
170  56 46 58  45 51 54
171  56 46 57  45 50 54
172  56 46 58  45 50 54
173  56 46 57  45 50 54
174  56 46 57  45 50 54
175  56 46 57  45 50 54
176  55 46 57  46 51 54
177  56 46 57  45 50 54
178  56 46 57  46 50 54
179  56 46 57  45 51 54
180  56 46 58  45 50 54
181  56 46 58  46 51 54
182  56 46 58  44 50 54
183  56 46 58  45 50 54
184  56 46 58  45 50 54
185  57 46 58  45 50 54
186  56 46 57  45 50 54
187  56 46 57  46 50 54
188  56 45 57  45 50 54
189  56 46 57  45 50 54
190  55 45 57  45 50 54
191  56 46 57  45 51 54
192  56 46 57  45 51 54
193  56 46 57  45 51 54
194  56 46 58  45 51 54
195  56 45 58  45 50 54
196  55 45 58  45 51 54
197  55 46 58  45 50 54
198  56 45 57  45 50 54
199  56 46 58  45 51 54
200  56 45 58  45 50 54
201  56 46 57  45 50 54
202  56 46 58  45 50 54
203  56 45 57  45 50 55
204  55 46 57  45 50 55
205  56 46 57  45 51 54
206  56 46 58  45 50 54
207  56 46 57  45 51 54
208  56 46 58  45 50 55
209  56 46 57  46 50 54
210  56 46 58  45 51 54
211  55 46 58  45 51 54
212  56 46 57  45 51 54
213  56 46 57  45 51 54
214  56 46 57  45 50 54
215  56 46 57  45 50 55
216  57 46 57  45 50 55
217  57 46 57  45 50 54
218  56 46 57  45 51 54
219  56 46 57  45 51 55
220  56 46 57  45 50 54
221  56 45 57  45 51 54
222  55 45 58  45 50 54
223  56 45 57  45 50 54
224  55 46 58  45 50 54
225  56 46 57  46 50 54
226  56 46 57  45 50 54
227  56 46 58  45 50 54
228  56 46 58  45 50 54
229  55 46 57  45 50 54
230  56 46 57  45 51 54
231  55 46 57  45 50 54
232  57 46 57  45 50 54
233  56 46 57  45 51 54
234  56 45 57  45 51 54
235  56 46 57  45 51 54
236  55 46 58  45 51 54
237  56 46 58  45 50 54
238  56 46 58  46 51 54
239  56 46 57  45 50 54
240  56 46 58  45 50 54
241  72 48 58  49 51 55
242  610 642 502  62 72 70
243  502 613 541  57 66 68
244  311 454 358  52 61 62
245  216 369 274  49 58 60
246  165 204 162  48 54 56
247  137 201 139  46 54 56
248  124 95 129  48 51 55
249  89 88 111  45 52 55
250  82 76 80  46 51 55
251  68 65 63  45 51 54
252  59 57 72  46 51 55
253  63 52 60  46 50 55
254  66 58 59  45 51 54
255  57 53 66  45 50 55
256  56 48 57  45 51 54
257  56 46 58  45 50 54
258  56 46 57  45 51 54
259  56 46 57  45 50 54
260  56 47 57  45 51 54
261  56 45 57  45 51 55
262  56 46 57  46 51 54
263  56 46 57  46 51 54
264  55 46 57  46 51 54
265  56 46 57  46 50 55
266  56 46 57  45 50 54
267  55 45 57  45 51 54
268  56 45 57  45 50 53
269  56 45 57  45 51 54
270  56 45 57  45 50 54
271  55 46 57  46 51 54
272  55 45 57  44 50 54
273  56 45 57  45 51 54
274  55 46 57  45 51 54
275  55 45 57  45 50 54
276  55 45 57  45 50 54
277  56 45 57  45 51 55
278  55 44 57  45 50 54
279  55 47 56  45 51 55
280  55 45 57  45 50 54
281  56 45 57  45 50 54
282  56 45 57  45 51 54
283  56 46 57  46 51 54
284  56 45 57  45 51 54
285  56 45 57  45 51 54
286  56 45 57  45 51 54
287  55 45 57  46 50 54
288  56 49 58  45 50 54
289  55 46 57  46 50 54
290  55 45 57  45 51 55
291  55 45 57  44 51 55
292  56 45 57  45 50 54
293  56 45 57  45 50 54
294  55 45 57  45 50 54
295  56 45 57  45 51 54
296  56 45 57  45 50 54
297  56 45 58  45 50 54
298  55 46 57  45 50 54
299  55 45 57  45 50 54
300  56 46 58  46 51 54
301  55 46 58  45 50 54
302  56 45 57  45 51 54
303  55 45 56  45 51 55
304  55 46 57  45 50 54
305  55 46 57  45 51 55
306  55 45 57  46 51 54
307  55 45 57  45 50 54
308  55 45 57  45 50 54
309  56 46 57  45 51 54
310  55 46 57  45 50 54
311  55 46 57  45 51 54
312  55 46 57  45 50 54
313  56 46 57  45 51 54
314  55 46 57  45 50 55
315  55 45 57  46 51 55
316  56 45 57  46 50 54
317  55 45 57  45 51 54
318  56 45 57  45 51 54
319  55 45 57  45 50 54
320  56 45 57  45 50 54
321  56 46 57  46 51 54
322  55 45 57  45 51 54
323  55 45 57  45 50 54
324  55 46 57  46 50 54
325  55 46 57  46 50 54
326  55 46 57  46 51 55
327  55 45 57  45 50 55
328  55 45 57  45 51 54
329  56 45 57  45 50 55
330  56 45 57  45 50 54
331  56 45 57  45 50 54
332  56 45 57  45 50 54
333  56 45 57  44 50 54
334  56 45 57  46 50 54
335  55 46 57  45 50 54
336  56 45 57  45 51 54
337  56 45 57  45 50 54
338  56 45 57  46 50 54
339  55 45 57  45 50 54
340  56 45 57  46 51 55
341  56 45 57  45 51 54
342  55 45 57  45 50 54
343  56 45 57  45 50 54
344  56 45 57  45 50 54
345  55 45 57  45 51 54
346  55 46 57  45 51 54
347  56 45 57  44 51 54
348  56 45 57  45 51 55
349  55 46 57  45 51 54
350  55 45 57  45 50 54
351  56 46 58  46 50 54
352  55 45 58  45 50 54
353  55 45 57  45 50 54
354  56 46 57  45 51 54
355  56 45 57  45 50 54
356  56 45 57  45 50 54
357  55 45 57  45 50 54
358  55 45 57  45 51 54
359  55 46 56  45 50 54
360  55 46 57  45 50 54
361  56 46 57  45 50 55
362  55 46 57  45 51 54
363  55 44 57  45 50 54
364  55 46 57  45 51 55
365  55 45 57  46 50 54
366  55 45 58  46 50 54
367  55 45 57  45 50 55
368  56 45 57  46 51 54
369  55 45 56  45 51 53
370  56 46 57  45 51 53
371  55 46 57  44 50 54
372  56 46 57  45 51 54
373  56 45 57  45 51 55
374  55 46 58  46 51 54
375  55 46 57  45 51 54
376  55 46 58  46 51 54
377  56 46 57  45 50 54
378  55 46 57  45 51 54
379  55 45 57  46 50 54
380  55 45 57  45 51 54
381  56 45 57  45 50 54
382  56 45 57  44 50 54
383  55 45 57  45 51 54
384  55 45 58  46 51 54
385  56 46 57  45 50 55
386  56 45 57  45 51 54
387  56 46 58  47 51 54
388  55 46 57  45 51 54
389  55 45 57  45 50 54
390  55 45 57  45 51 54
391  55 45 57  45 50 54
392  55 45 57  45 50 54
393  56 45 57  45 51 54
394  55 45 56  45 51 54
395  55 45 56  45 50 54
396  56 46 57  45 50 54
397  56 45 57  45 50 54
398  56 46 57  46 51 54
399  55 45 57  45 51 54
400  56 45 57  45 51 54
401  55 45 57  45 51 54
402  55 45 57  46 51 54
403  55 45 57  45 51 54
404  55 45 57  45 50 54
405  55 45 57  45 51 54
406  55 46 57  45 50 54
407  56 45 57  45 50 54
408  55 45 57  45 50 54
409  55 45 57  45 51 54
410  56 46 58  45 51 54
411  55 44 57  44 50 54
412  55 45 57  46 51 54
413  54 46 57  46 51 54
414  55 45 57  46 51 54
415  55 45 57  45 50 54
416  54 45 57  45 51 55
417  56 46 57  46 50 55
418  56 46 57  45 50 54
419  55 45 57  45 50 54
420  55 46 57  45 50 54
421  55 45 57  45 50 55
422  55 46 57  45 50 54
423  55 46 57  45 51 54
424  55 45 57  45 50 54
425  55 45 57  45 50 54
426  55 45 57  45 51 54
427  56 45 57  45 50 54
428  56 45 57  45 50 55
429  56 45 57  46 50 55
430  56 46 57  46 50 54
431  56 45 57  45 50 55
432  56 45 56  46 50 54
433  55 46 57  45 50 54
434  55 46 57  46 51 54
435  56 45 57  45 50 54
436  56 45 57  45 51 54
437  56 45 57  45 51 54
438  56 45 56  45 50 54
439  56 45 57  45 50 54
440  55 45 57  45 51 55
441  55 45 57  45 50 54
442  55 45 57  46 51 54
443  56 45 57  45 51 54
444  56 45 57  46 50 54
445  55 46 57  46 50 54
446  56 46 57  45 51 54
447  56 45 57  45 50 54
448  56 45 57  45 51 54
449  54 46 58  45 50 54
450  55 46 57  45 50 54
451  55 45 57  45 50 54
452  55 46 57  45 50 54
453  56 45 57  46 50 54
454  55 45 57  46 50 54
455  56 45 57  45 50 54
456  56 45 57  45 50 54
457  55 45 58  46 51 54
458  55 45 57  45 51 54
459  55 45 57  45 51 54
460  55 45 57  45 51 54
461  55 46 57  45 51 54
462  56 45 57  45 51 54
463  56 46 57  45 50 54
464  56 46 57  45 50 54
465  56 46 57  45 51 55
466  56 46 57  45 51 54
467  56 44 56  45 51 54
468  55 45 57  46 51 54
469  55 45 57  44 51 54
470  55 46 57  46 51 54
471  55 45 57  45 51 54
472  55 45 57  45 51 54
473  56 45 57  45 51 54
474  56 45 57  45 51 54
475  55 45 57  45 50 54
476  56 45 57  45 50 54
477  56 45 57  45 50 54
478  56 45 57  45 51 54
479  54 45 57  45 50 54
480  55 46 57  45 51 54
481  56 46 57  46 50 55
482  54 46 58  46 50 55
483  55 44 57  46 50 54
484  56 45 57  46 51 54
485  55 45 57  45 51 54
486  55 45 57  46 51 54
487  55 46 57  45 50 54
488  55 45 57  45 51 54
489  56 45 57  46 50 54
490  55 45 58  45 50 54
491  55 45 57  45 51 54
492  55 45 57  45 51 55
493  55 45 57  45 50 54
494  56 45 57  45 51 54
495  54 46 57  46 50 55
496  55 45 57  45 51 54
497  56 45 56  45 51 54
498  56 46 57  45 50 54
499  55 46 57  45 50 54
500  55 45 57  45 51 54
501  56 45 58  45 51 54
502  57 46 57  45 50 54
503  54 46 58  45 50 54
504  55 46 57  45 51 54
505  55 46 57  45 50 54
506  56 46 57  45 51 54
507  55 46 57  45 51 55
508  56 45 57  45 51 54
509  55 45 57  45 51 55
510  56 46 57  45 51 54
511  56 45 56  45 50 54
512  56 46 57  46 51 54
513  56 46 58  45 51 54
514  55 45 57  46 50 54
515  55 46 57  44 50 54
516  55 46 57  45 50 54
517  55 46 57  46 50 54
518  55 46 57  45 51 54
519  55 45 57  45 50 54
520  55 45 57  45 51 54
521  55 45 56  45 50 55
522  55 46 57  45 51 54
523  55 45 57  45 51 54
524  56 45 57  45 51 54
525  56 45 56  46 51 54
526  56 45 57  45 50 54
527  56 45 56  45 50 54
528  55 44 57  45 51 54
529  55 45 57  45 51 54
530  54 46 57  45 50 53
531  58 46 57  46 51 54
532  55 45 57  45 50 54
533  55 46 57  45 51 54
534  56 46 57  46 51 54
535  56 45 57  45 51 54
536  55 45 57  45 51 54
537  56 46 57  45 51 54
538  55 45 57  45 50 54
539  55 45 57  45 50 54
540  55 46 57  45 51 55
541  55 44 57  45 50 54
542  56 46 57  45 51 54
543  55 45 57  45 51 54
544  56 45 57  45 50 54
545  56 46 57  46 50 54
546  55 46 57  46 50 54
547  55 45 57  46 50 54
548  55 46 57  46 50 54
549  55 45 57  45 50 54
550  55 46 58  46 51 55
551  56 45 57  45 50 54
552  56 45 57  45 51 54
553  56 45 57  46 51 54
554  56 45 57  45 50 54
555  56 44 57  45 50 54
556  56 45 57  45 51 54
557  55 46 58  45 50 54
558  55 46 57  45 50 54
559  55 45 58  45 50 54
560  55 45 57  45 50 54
561  56 46 57  46 51 54
562  56 45 57  45 51 54
563  56 45 57  45 50 54
564  56 45 56  45 51 54
565  56 45 57  45 50 55
566  55 45 56  45 51 54
567  55 46 57  46 50 54
568  55 45 57  45 50 54
569  55 45 57  45 50 54
570  56 46 57  45 50 55
571  55 46 57  45 51 54
572  55 45 57  45 50 54
573  55 46 57  45 50 54
574  56 45 57  45 51 54
575  55 45 57  46 50 54
576  55 45 57  45 51 54
577  56 45 57  45 51 54
578  56 45 57  46 50 54
579  55 45 57  45 51 54
580  55 46 58  46 51 54
581  55 45 57  45 50 55
582  56 46 57  45 50 54
583  55 45 57  45 51 54
584  55 46 57  45 50 55
585  55 46 57  45 51 54
586  56 44 57  45 51 54
587  55 44 56  45 51 54
588  55 45 58  46 51 54
589  56 45 57  46 51 54
590  55 45 57  46 51 54
591  55 45 57  45 51 54
592  55 45 57  45 51 54
593  55 46 57  45 51 54
594  56 45 57  45 50 54
595  55 45 57  45 50 54
596  55 45 57  45 51 55
597  56 45 57  45 51 55
598  55 45 57  45 51 54
599  55 45 57  45 51 54
600  55 45 58  45 51 54
601  56 45 57  45 51 55
602  55 45 57  45 50 54
603  55 46 57  45 51 54
604  55 45 57  46 50 54
605  55 45 57  45 51 54
606  56 46 57  45 51 54
607  55 46 56  45 50 54
608  55 46 57  44 50 54
609  56 46 57  45 51 54
610  57 45 57  45 51 54
611  55 45 57  44 51 55
612  55 46 57  45 51 54
613  55 46 57  45 50 54
614  56 46 58  45 51 54
615  55 45 57  45 51 54
616  55 45 58  45 50 54
617  55 45 57  45 51 54
618  55 45 57  45 50 54
619  55 45 58  45 50 54
620  55 46 56  46 51 55
621  55 45 57  45 51 54
622  56 46 57  46 50 55
623  55 45 57  45 50 54
624  56 70 58  45 50 54
625  56 47 57  45 50 54
626  56 46 57  45 51 54
627  55 45 57  45 51 54
628  55 45 57  45 51 54
629  56 46 57  45 50 54
630  55 44 58  46 50 54
631  56 46 57  46 51 54
632  55 46 57  45 50 54
633  56 46 57  45 51 54
634  56 46 57  45 51 54
635  55 45 57  45 50 54
636  56 45 57  45 50 54
637  55 45 58  45 51 54
638  56 45 57  44 50 54
639  55 46 58  45 51 54
640  56 45 57  45 50 54
641  55 46 56  45 50 54
642  55 46 58  45 51 54
643  56 46 57  45 50 54
644  55 46 57  45 50 54
645  56 46 57  45 51 54
646  56 46 57  45 51 54
647  55 46 57  45 51 54
648  56 46 57  45 51 54
649  55 46 57  45 51 55
650  56 45 58  45 50 54
651  55 45 57  45 51 54
652  55 45 57  46 51 54
653  56 45 58  46 51 54
654  55 45 57  46 50 54
655  55 46 57  45 50 54
656  55 46 58  46 51 54
657  55 46 57  45 50 54
658  55 46 57  45 50 54
659  55 45 57  45 50 55
660  55 45 57  45 51 55
661  56 44 56  45 51 54
662  56 45 57  45 50 54
663  55 45 57  46 50 54
664  56 46 57  46 50 54
665  55 46 57  45 51 54
666  55 46 57  46 50 54
667  56 46 57  45 51 54
668  55 45 57  45 50 54
669  56 46 57  46 51 54
670  55 46 57  46 51 54
671  56 45 57  45 50 54
672  56 45 57  45 51 55
673  55 45 57  45 51 54
674  55 45 57  45 50 55
675  55 46 57  46 51 54
676  55 46 57  46 51 54
677  55 45 57  46 51 54
678  55 45 57  46 50 54
679  56 45 57  46 51 54
680  55 45 57  45 50 54
681  56 46 57  45 51 54
682  56 46 57  45 50 54
683  56 45 57  45 50 54
684  55 47 57  45 50 54
685  55 46 57  46 50 54
686  56 46 57  45 50 54
687  55 46 57  45 50 54
688  55 45 57  45 50 55
689  55 45 57  45 50 54
690  56 45 57  45 51 55
691  55 45 57  45 50 54
692  55 46 57  45 50 54
693  55 46 57  45 50 54
694  56 46 57  45 51 55
695  55 46 57  45 50 54
696  55 46 57  45 51 54
697  55 45 57  45 51 54
698  55 45 57  45 51 54
699  55 45 57  45 51 54
700  55 45 57  45 51 55
701  55 45 57  45 50 54
702  56 45 57  45 51 54
703  55 45 57  45 51 54
704  55 45 57  45 50 54
705  55 45 57  45 51 54
706  56 45 58  45 51 54
707  55 45 57  45 50 54
708  55 46 57  45 51 54
709  55 46 57  45 51 54
710  55 46 57  46 51 54
711  56 46 57  45 51 54
712  55 45 57  46 51 54
713  55 46 56  45 50 54
714  56 46 57  46 51 54
715  56 45 57  45 50 54
716  56 45 57  45 50 54
717  55 46 57  45 50 54
718  55 46 57  45 50 55
719  56 45 57  45 50 54
720  55 46 57  45 50 55
721  55 45 57  45 50 54
722  55 46 57  45 51 54
723  55 45 57  46 50 54
724  56 45 57  46 51 54
725  54 46 57  46 51 54
726  56 46 57  46 51 54
727  56 45 57  45 50 54
728  55 45 58  45 51 54
729  56 45 57  45 50 54
730  55 46 57  45 50 54
731  55 45 57  45 50 54
732  55 46 57  46 50 54
733  56 46 57  45 51 54
734  56 46 57  46 50 54
735  55 46 57  46 50 54
736  55 46 57  46 50 54
737  55 45 57  46 51 54
738  55 45 57  45 51 54
739  55 45 58  46 51 54
740  56 45 57  45 51 54
741  56 45 57  45 51 55
742  56 45 57  45 50 55
743  55 45 57  45 50 54
744  56 45 57  45 50 54
745  56 46 56  45 51 54
746  54 46 57  45 50 54
747  55 46 57  45 50 55
748  55 45 57  45 50 54
749  55 46 57  45 50 54
750  55 45 57  45 50 54
751  56 45 57  45 50 54
752  55 45 57  46 50 54
753  56 46 57  45 51 54
754  56 45 57  46 50 54
755  55 45 57  45 50 54
756  56 45 57  45 50 54
757  55 45 57  45 50 54
758  56 46 57  45 50 54
759  55 45 57  45 51 54
760  56 45 57  45 50 54
761  55 45 57  45 51 54
762  55 45 57  45 51 54
763  56 46 56  45 51 54
764  55 46 57  46 51 55
765  55 46 57  46 50 54
766  55 46 57  46 50 55
767  55 46 57  45 50 54
