55 0 45 0 57 0
56 0 46 0 58 0
57 0 47 0 59 0
58 0 48 0 60 0
59 1684 49 764 61 1244
60 2375 50 1278 62 1855
61 3251 51 1736 63 2477
62 3653 52 2113 64 2903
63 3983 53 2461 65 3213
64 3914 54 2817 66 3363
65 3917 55 3145 67 3284
66 3734 56 3011 68 3435
67 3505 57 2957 69 3340
68 3406 58 2870 70 3246
69 3372 59 2935 71 3212
70 3648 60 2918 72 3120
71 3253 61 2692 73 2991
72 3050 62 2670 74 2812
73 3011 63 2712 75 2728
74 2828 64 2557 76 2830
75 2782 65 2700 77 2605
76 2674 66 2450 78 2147
77 2818 67 2495 79 2694
78 2280 68 2451 80 2726
79 3074 69 2477 81 2637
80 3029 70 2600 82 2777
81 3177 71 2475 83 2689
82 3175 72 2454 84 2739
83 3096 73 2525 85 2723
84 3102 74 2401 86 2695
85 3075 75 2508 87 2888
86 3068 76 2448 88 2800
87 3098 77 2063 89 3080
88 3069 78 2315 90 2801
89 3216 79 2650 91 2809
90 2912 80 2530 92 2857
91 2895 81 2582 93 2710
92 2600 82 2489 94 2721
93 2654 83 2502 95 2638
94 2664 84 2563 96 2649
95 2605 85 2400 97 2602
96 2472 86 2521 98 2571
97 2427 87 2620 99 2475
98 2271 88 2519 100 2431
99 2183 89 2333 101 2405
100 2175 90 2260 102 2175
101 1987 91 2155 103 2144
102 2051 92 2079 104 2141
103 1892 93 2078 105 2048
104 1765 94 2077 106 1830
105 1729 95 1915 107 1883
106 1659 96 1948 108 1742
107 1575 97 1895 109 1754
108 1418 98 1870 110 1653
109 1347 99 1831 111 1641
110 1275 100 1745 112 1583
111 1237 101 1601 113 1504
112 1176 102 1684 114 1394
113 1084 103 1536 115 1356
114 1012 104 1510 116 1171
115 836 105 1440 117 1127
116 932 106 1335 118 1139
117 939 107 1307 119 1182
118 903 108 1095 120 1125
119 831 109 1125 121 1129
120 803 110 1266 122 996
121 845 111 1185 123 964
122 757 112 1140 124 942
123 692 113 1094 125 864
124 670 114 994 126 832
125 641 115 1033 127 792
126 611 116 929 128 750
127 570 117 885 129 759
128 565 118 920 130 692
129 540 119 917 131 675
130 468 120 834 132 650
131 480 121 842 133 649
132 438 122 747 134 613
133 416 123 723 135 618
134 465 124 687 136 551
135 400 125 654 137 520
136 403 126 656 138 483
137 383 127 669 139 492
138 365 128 600 140 439
139 346 129 563 141 467
140 306 130 547 142 342
141 287 131 541 143 381
142 245 132 526 144 395
143 275 133 524 145 397
144 262 134 518 146 373
145 262 135 463 147 347
146 249 136 410 148 317
147 245 137 418 149 352
148 243 138 401 150 306
149 231 139 407 151 299
150 224 140 372 152 300
151 217 141 311 153 282
152 214 142 319 154 248
153 220 143 334 155 264
154 204 144 345 156 252
155 487 145 875 157 666
156 424 146 859 158 565
157 424 147 761 159 510
158 416 148 668 160 504
159 364 149 598 161 432
160 273 150 545 162 421
161 257 151 492 163 372
162 228 152 499 164 320
163 222 153 406 165 271
164 235 154 353 166 278
165 171 155 334 167 247
166 171 156 323 168 228
167 157 157 304 169 208
168 136 158 268 170 215
169 155 159 280 171 197
170 98 160 239 172 141
171 112 161 197 173 154
172 85 162 209 174 140
173 111 163 191 175 140
174 100 164 179 176 136
175 97 165 147 177 115
176 86 166 146 178 101
177 86 167 140 179 113
178 88 168 126 180 92
179 70 169 125 181 92
180 52 170 119 182 78
181 59 171 118 183 76
182 45 172 86 184 64
183 52 173 109 185 55
184 44 174 86 186 54
185 48 175 84 187 61
186 43 176 76 188 62
187 50 177 68 189 51
188 37 178 74 190 62
189 26 179 54 191 46
190 37 180 71 192 35
191 27 181 61 193 37
192 34 182 63 194 25
193 21 183 43 195 33
194 24 184 67 196 44
195 29 185 47 197 42
196 24 186 40 198 34
197 23 187 42 199 38
198 14 188 52 200 31
199 25 189 48 201 38
200 16 190 46 202 31
201 19 191 30 203 28
202 14 192 29 204 28
203 18 193 37 205 24
204 476 194 894 206 694
