0 1309191 1078249 1346251
25 1310152 1078643 1346736
50 1563225 1206734 1442728
75 2007307 1903880 2131056
100 1796755 1745797 1974750
125 1621443 1517804 1757901
150 1509859 1363686 1612034
175 1433653 1261141 1514433
200 1387046 1192533 1451747
225 1356081 1147517 1407284
250 1339068 1120668 1385704
275 1328279 1103588 1370789
300 1321276 1093330 1361870
325 1317553 1088384 1355758
350 1316004 1084296 1351717
375 1314975 1081433 1349845
400 1314236 1080341 1349484
425 1313040 1079148 1348386
450 1312399 1079027 1348387
475 1311777 1079089 1347952
