1113 16 917 23 1145 4 3175 0
1114 32 918 56 1146 17 3176 0
1115 70 919 100 1147 62 3177 1
1116 120 920 128 1148 91 3178 5
1117 194 921 181 1149 141 3179 23
1118 285 922 282 1150 220 3180 51
1119 355 923 337 1151 304 3181 89
1120 529 924 406 1152 346 3182 171
1121 596 925 499 1153 441 3183 252
1122 722 926 583 1154 566 3184 277
1123 801 927 666 1155 617 3185 370
1124 930 928 664 1156 712 3186 428
1125 1010 929 705 1157 781 3187 525
1126 1134 930 763 1158 812 3188 686
1127 1252 931 838 1159 854 3189 751
1128 1291 932 903 1160 1010 3190 906
1129 1319 933 922 1161 977 3191 951
1130 1341 934 922 1162 1023 3192 1044
1131 1415 935 945 1163 1099 3193 1062
1132 1438 936 996 1164 1129 3194 1134
1133 1435 937 1005 1165 1123 3195 1246
1134 1427 938 1073 1166 1170 3196 1221
1135 1506 939 1001 1167 1204 3197 1291
1136 1400 940 1036 1168 1121 3198 1261
1137 1415 941 1102 1169 1204 3199 1281
1138 1457 942 1012 1170 1230 3200 1348
1139 1424 943 1060 1171 1173 3201 1323
1140 1294 944 1030 1172 1215 3202 1318
1141 1319 945 1069 1173 1158 3203 1297
1142 1246 946 1029 1174 1136 3204 1283
1143 1284 947 1040 1175 1115 3205 1356
1144 1243 948 1054 1176 1165 3206 1248
1145 1150 949 1030 1177 1117 3207 1249
1146 1150 950 1054 1178 1110 3208 1246
1147 1182 951 1027 1179 1104 3209 1186
1148 1142 952 1027 1180 1048 3210 1163
1149 1121 953 929 1181 1064 3211 1101
1150 1068 954 954 1182 1069 3212 1109
1151 1082 955 926 1183 1034 3213 1134
1152 1070 956 944 1184 1047 3214 1029
1153 1020 957 909 1185 986 3215 1112
1154 1053 958 928 1186 977 3216 1105
1155 1069 959 916 1187 949 3217 965
1156 1029 960 887 1188 917 3218 1015
1157 959 961 900 1189 945 3219 963
1158 943 962 839 1190 973 3220 934
1159 944 963 862 1191 901 3221 936
1160 942 964 862 1192 895 3222 911
1161 946 965 874 1193 868 3223 841
1162 949 966 814 1194 847 3224 876
1163 931 967 823 1195 871 3225 853
1164 891 968 784 1196 840 3226 817
1165 928 969 790 1197 834 3227 799
1166 867 970 784 1198 801 3228 814
1167 919 971 806 1199 813 3229 818
1168 882 972 757 1200 797 3230 801
1169 929 973 789 1201 841 3231 790
1170 920 974 767 1202 843 3232 709
1171 890 975 808 1203 831 3233 742
1172 891 976 751 1204 785 3234 718
1173 920 977 762 1205 784 3235 741
1174 856 978 775 1206 773 3236 658
1175 878 979 757 1207 767 3237 697
1176 922 980 731 1208 794 3238 667
1177 867 981 723 1209 777 3239 716
1178 949 982 739 1210 778 3240 703
1179 966 983 732 1211 803 3241 713
1180 841 984 668 1212 737 3242 680
1181 912 985 740 1213 776 3243 662
1182 914 986 722 1214 786 3244 678
1183 971 987 725 1215 825 3245 631
1184 954 988 699 1216 754 3246 657
1185 981 989 711 1217 790 3247 659
1186 1021 990 742 1218 773 3248 606
1187 1025 991 729 1219 782 3249 644
1188 992 992 722 1220 791 3250 625
1189 1000 993 696 1221 790 3251 577
1190 1030 994 678 1222 853 3252 646
1191 928 995 726 1223 761 3253 622
1192 976 996 750 1224 811 3254 666
1193 1007 997 732 1225 852 3255 649
1194 1072 998 769 1226 836 3256 637
1195 1018 999 766 1227 815 3257 613
1196 1025 1000 761 1228 838 3258 629
1197 1067 1001 689 1229 877 3259 679
1198 1060 1002 765 1230 830 3260 639
1199 1065 1003 737 1231 858 3261 631
1200 1083 1004 713 1232 815 3262 686
1201 1067 1005 772 1233 865 3263 699
1202 1100 1006 773 1234 913 3264 687
1203 1078 1007 820 1235 918 3265 704
1204 1146 1008 787 1236 905 3266 725
1205 1090 1009 772 1237 873 3267 761
1206 1163 1010 827 1238 909 3268 779
1207 1144 1011 765 1239 858 3269 769
1208 1125 1012 816 1240 905 3270 776
1209 1127 1013 777 1241 961 3271 766
1210 1122 1014 829 1242 985 3272 816
1211 1098 1015 788 1243 922 3273 886
1212 1128 1016 817 1244 917 3274 851
1213 1089 1017 834 1245 1061 3275 919
1214 1170 1018 790 1246 980 3276 923
1215 1045 1019 843 1247 962 3277 962
1216 1028 1020 863 1248 962 3278 951
1217 1045 1021 839 1249 966 3279 990
1218 1109 1022 858 1250 929 3280 1023
1219 1037 1023 842 1251 971 3281 1028
1220 1038 1024 842 1252 1009 3282 1077
1221 1125 1025 840 1253 1009 3283 1130
1222 1115 1026 858 1254 948 3284 1116
1223 1032 1027 847 1255 1006 3285 1148
1224 1032 1028 847 1256 983 3286 1129
1225 1061 1029 852 1257 987 3287 1180
1226 976 1030 915 1258 1004 3288 1189
1227 970 1031 861 1259 908 3289 1257
1228 986 1032 847 1260 991 3290 1213
1229 1025 1033 913 1261 945 3291 1230
1230 986 1034 926 1262 960 3292 1260
1231 928 1035 856 1263 954 3293 1323
1232 960 1036 892 1264 1046 3294 1190
1233 886 1037 820 1265 942 3295 1233
1234 905 1038 841 1266 950 3296 1300
1235 880 1039 852 1267 902 3297 1243
1236 902 1040 892 1268 921 3298 1238
1237 903 1041 944 1269 905 3299 1242
1238 872 1042 852 1270 887 3300 1295
1239 951 1043 816 1271 905 3301 1254
1240 826 1044 853 1272 959 3302 1230
1241 818 1045 852 1273 939 3303 1257
1242 796 1046 800 1274 909 3304 1282
1243 830 1047 869 1275 914 3305 1202
1244 778 1048 843 1276 874 3306 1225
1245 751 1049 833 1277 866 3307 1249
1246 808 1050 777 1278 861 3308 1168
1247 727 1051 857 1279 838 3309 1133
1248 749 1052 842 1280 840 3310 1137
1249 707 1053 835 1281 857 3311 1078
1250 661 1054 796 1282 877 3312 1076
1251 703 1055 812 1283 851 3313 1074
1252 655 1056 787 1284 773 3314 1025
1253 650 1057 800 1285 798 3315 1076
1254 660 1058 759 1286 833 3316 941
1255 653 1059 770 1287 795 3317 960
1256 619 1060 785 1288 751 3318 931
1257 670 1061 752 1289 732 3319 949
1258 643 1062 736 1290 706 3320 920
1259 600 1063 720 1291 755 3321 877
1260 606 1064 721 1292 744 3322 852
1261 602 1065 731 1293 729 3323 905
1262 564 1066 735 1294 702 3324 883
1263 563 1067 779 1295 729 3325 801
1264 532 1068 754 1296 697 3326 767
1265 536 1069 752 1297 696 3327 752
1266 550 1070 718 1298 675 3328 773
1267 502 1071 719 1299 667 3329 721
1268 525 1072 682 1300 633 3330 719
1269 497 1073 660 1301 689 3331 726
1270 428 1074 671 1302 697 3332 685
1271 479 1075 670 1303 585 3333 612
1272 476 1076 635 1304 595 3334 650
1273 450 1077 630 1305 630 3335 629
1274 444 1078 707 1306 595 3336 620
1275 436 1079 637 1307 571 3337 576
1276 419 1080 659 1308 544 3338 554
1277 430 1081 637 1309 592 3339 541
1278 408 1082 640 1310 577 3340 493
1279 413 1083 589 1311 543 3341 537
1280 398 1084 591 1312 523 3342 514
1281 361 1085 604 1313 532 3343 504
1282 368 1086 550 1314 513 3344 496
1283 359 1087 581 1315 466 3345 489
1284 364 1088 591 1316 520 3346 417
1285 339 1089 532 1317 478 3347 465
1286 347 1090 580 1318 484 3348 466
1287 320 1091 560 1319 480 3349 426
1288 330 1092 485 1320 477 3350 445
1289 333 1093 546 1321 441 3351 380
1290 295 1094 558 1322 466 3352 417
1291 299 1095 515 1323 440 3353 382
1292 298 1096 509 1324 423 3354 405
1293 276 1097 495 1325 403 3355 368
1294 291 1098 500 1326 431 3356 331
1295 266 1099 487 1327 405 3357 330
1296 266 1100 502 1328 420 3358 307
1297 272 1101 468 1329 396 3359 336
1298 244 1102 441 1330 357 3360 325
1299 259 1103 449 1331 380 3361 354
1300 227 1104 458 1332 373 3362 305
1301 239 1105 445 1333 380 3363 303
1302 249 1106 428 1334 356 3364 309
1303 209 1107 434 1335 353 3365 285
1304 196 1108 400 1336 366 3366 310
1305 207 1109 421 1337 337 3367 303
1306 189 1110 410 1338 279 3368 270
1307 214 1111 430 1339 337 3369 286
1308 200 1112 382 1340 288 3370 259
1309 183 1113 429 1341 304 3371 260
1310 226 1114 383 1342 300 3372 269
1311 212 1115 396 1343 310 3373 223
1312 178 1116 375 1344 320 3374 230
1313 181 1117 368 1345 282 3375 213
1314 171 1118 355 1346 278 3376 234
1315 184 1119 360 1347 257 3377 217
1316 186 1120 336 1348 256 3378 227
1317 172 1121 366 1349 242 3379 217
1318 181 1122 304 1350 280 3380 196
1319 158 1123 335 1351 217 3381 183
1320 151 1124 339 1352 256 3382 180
1321 166 1125 308 1353 255 3383 216
1322 147 1126 333 1354 234 3384 207
1323 175 1127 303 1355 205 3385 180
1324 138 1128 304 1356 232 3386 183
1325 173 1129 293 1357 235 3387 196
1326 125 1130 327 1358 209 3388 180
1327 137 1131 265 1359 224 3389 174
1328 130 1132 297 1360 212 3390 162
1329 138 1133 294 1361 232 3391 174
1330 119 1134 233 1362 220 3392 159
1331 142 1135 267 1363 181 3393 145
1332 119 1136 261 1364 200 3394 163
1333 120 1137 228 1365 213 3395 161
1334 127 1138 273 1366 164 3396 146
1335 101 1139 246 1367 180 3397 138
1336 130 1140 255 1368 179 3398 124
1337 115 1141 231 1369 203 3399 152
1338 104 1142 239 1370 203 3400 131
1339 98 1143 235 1371 176 3401 136
1340 99 1144 229 1372 147 3402 142
1341 103 1145 234 1373 169 3403 120
1342 106 1146 209 1374 145 3404 139
1343 114 1147 209 1375 155 3405 138
1344 87 1148 226 1376 144 3406 120
1345 104 1149 196 1377 154 3407 120
1346 81 1150 181 1378 167 3408 109
1347 87 1151 205 1379 156 3409 138
1348 88 1152 197 1380 137 3410 112
1349 62 1153 206 1381 142 3411 133
1350 81 1154 192 1382 145 3412 139
1351 90 1155 168 1383 139 3413 110
1352 100 1156 206 1384 129 3414 112
1353 81 1157 182 1385 100 3415 81
1354 76 1158 185 1386 124 3416 121
1355 66 1159 199 1387 112 3417 119
1356 79 1160 180 1388 129 3418 93
1357 84 1161 157 1389 123 3419 100
1358 63 1162 175 1390 124 3420 108
1359 69 1163 182 1391 112 3421 108
1360 56 1164 138 1392 106 3422 107
1361 78 1165 162 1393 100 3423 103
1362 67 1166 139 1394 90 3424 90
1363 65 1167 152 1395 88 3425 90
1364 58 1168 156 1396 96 3426 85
1365 69 1169 138 1397 98 3427 82
1366 65 1170 150 1398 106 3428 110
1367 69 1171 151 1399 110 3429 80
1368 57 1172 120 1400 110 3430 99
1369 64 1173 159 1401 104 3431 92
1370 47 1174 140 1402 109 3432 69
1371 74 1175 139 1403 79 3433 86
1372 50 1176 129 1404 89 3434 64
1373 45 1177 129 1405 89 3435 83
1374 67 1178 113 1406 87 3436 75
1375 65 1179 125 1407 84 3437 65
1376 51 1180 119 1408 85 3438 73
1377 66 1181 135 1409 83 3439 59
1378 48 1182 144 1410 75 3440 67
1379 43 1183 111 1411 72 3441 68
1380 44 1184 119 1412 68 3442 72
1381 43 1185 110 1413 82 3443 63
1382 59 1186 127 1414 83 3444 66
1383 57 1187 121 1415 70 3445 66
1384 51 1188 108 1416 67 3446 69
1385 47 1189 93 1417 61 3447 46
1386 54 1190 116 1418 71 3448 65
1387 38 1191 94 1419 67 3449 79
1388 34 1192 95 1420 81 3450 46
1389 45 1193 112 1421 59 3451 55
1390 32 1194 97 1422 65 3452 48
1391 29 1195 97 1423 64 3453 68
1392 56 1196 103 1424 65 3454 61
1393 37 1197 95 1425 66 3455 58
1394 42 1198 89 1426 66 3456 58
1395 32 1199 82 1427 73 3457 61
1396 47 1200 94 1428 49 3458 62
1397 36 1201 88 1429 49 3459 52
1398 40 1202 76 1430 65 3460 57
1399 43 1203 86 1431 52 3461 60
1400 32 1204 87 1432 58 3462 50
1401 56 1205 85 1433 69 3463 62
1402 47 1206 82 1434 52 3464 34
1403 35 1207 90 1435 79 3465 44
1404 30 1208 77 1436 63 3466 51
1405 41 1209 78 1437 41 3467 40
1406 36 1210 80 1438 56 3468 42
1407 29 1211 68 1439 61 3469 42
1408 22 1212 80 1440 54 3470 49
1409 36 1213 83 1441 49 3471 45
1410 38 1214 68 1442 46 3472 47
1411 37 1215 69 1443 50 3473 42
1412 42 1216 80 1444 54 3474 40
1413 36 1217 62 1445 56 3475 38
1414 37 1218 70 1446 46 3476 36
1415 41 1219 81 1447 32 3477 46
1416 27 1220 80 1448 46 3478 57
1417 30 1221 86 1449 55 3479 38
1418 29 1222 53 1450 38 3480 40
1419 36 1223 70 1451 52 3481 39
1420 30 1224 58 1452 42 3482 40
1421 35 1225 71 1453 47 3483 43
1422 32 1226 62 1454 42 3484 31
1423 27 1227 68 1455 39 3485 44
1424 34 1228 56 1456 48 3486 30
1425 24 1229 69 1457 42 3487 39
1426 23 1230 61 1458 57 3488 22
1427 25 1231 65 1459 46 3489 35
1428 29 1232 36 1460 49 3490 36
1429 31 1233 59 1461 38 3491 32
1430 22 1234 63 1462 43 3492 30
1431 20 1235 53 1463 48 3493 35
1432 20 1236 40 1464 50 3494 28
1433 31 1237 51 1465 42 3495 28
1434 37 1238 47 1466 43 3496 34
1435 27 1239 44 1467 31 3497 26
1436 19 1240 49 1468 48 3498 36
1437 28 1241 50 1469 42 3499 41
1438 22 1242 56 1470 43 3500 28
1439 24 1243 53 1471 35 3501 30
1440 26 1244 44 1472 31 3502 22
1441 23 1245 46 1473 38 3503 26
1442 19 1246 42 1474 31 3504 38
1443 34 1247 51 1475 43 3505 27
1444 20 1248 45 1476 28 3506 18
1445 29 1249 48 1477 38 3507 26
1446 24 1250 58 1478 33 3508 37
1447 21 1251 47 1479 28 3509 27
1448 19 1252 47 1480 36 3510 23
1449 28 1253 47 1481 29 3511 33
1450 23 1254 45 1482 28 3512 19
1451 21 1255 39 1483 35 3513 26
1452 22 1256 37 1484 35 3514 26
1453 16 1257 42 1485 26 3515 19
1454 17 1258 48 1486 22 3516 35
1455 21 1259 38 1487 36 3517 22
1456 22 1260 43 1488 19 3518 26
1457 24 1261 46 1489 23 3519 28
1458 23 1262 46 1490 36 3520 27
1459 11 1263 41 1491 32 3521 27
1460 18 1264 40 1492 28 3522 21
1461 20 1265 39 1493 31 3523 27
1462 19 1266 29 1494 30 3524 20
1463 17 1267 32 1495 25 3525 20
1464 21 1268 47 1496 33 3526 21
1465 20 1269 28 1497 33 3527 19
1466 15 1270 43 1498 23 3528 15
1467 20 1271 37 1499 29 3529 25
1468 23 1272 39 1500 16 3530 20
1469 10 1273 42 1501 28 3531 13
1470 21 1274 33 1502 21 3532 17
1471 18 1275 40 1503 27 3533 16
1472 8 1276 36 1504 27 3534 23
1473 9 1277 31 1505 31 3535 15
1474 17 1278 32 1506 29 3536 24
1475 15 1279 28 1507 19 3537 12
1476 21 1280 29 1508 20 3538 19
1477 18 1281 32 1509 29 3539 24
1478 14 1282 30 1510 28 3540 22
1479 14 1283 26 1511 26 3541 15
1480 17 1284 19 1512 20 3542 18
1481 16 1285 33 1513 28 3543 12
1482 20 1286 35 1514 27 3544 18
1483 10 1287 28 1515 20 3545 18
1484 13 1288 37 1516 22 3546 14
1485 13 1289 29 1517 19 3547 17
1486 11 1290 30 1518 19 3548 16
1487 11 1291 29 1519 25 3549 16
1488 9 1292 17 1520 24 3550 16
1489 15 1293 33 1521 21 3551 16
1490 20 1294 23 1522 20 3552 13
1491 18 1295 29 1523 29 3553 18
1492 14 1296 26 1524 14 3554 14
1493 13 1297 29 1525 27 3555 16
1494 9 1298 26 1526 20 3556 14
1495 19 1299 24 1527 22 3557 17
1496 14 1300 24 1528 24 3558 16
1497 9 1301 28 1529 21 3559 18
1498 12 1302 24 1530 16 3560 17
1499 9 1303 24 1531 27 3561 15
1500 14 1304 22 1532 11 3562 11
1501 13 1305 30 1533 22 3563 11
1502 11 1306 32 1534 23 3564 13
1503 14 1307 27 1535 22 3565 15
1504 12 1308 34 1536 16 3566 6
1505 7 1309 16 1537 16 3567 18
1506 10 1310 20 1538 22 3568 13
1507 14 1311 23 1539 16 3569 20
1508 12 1312 23 1540 21 3570 16
1509 13 1313 22 1541 12 3571 12
1510 17 1314 17 1542 15 3572 8
1511 7 1315 26 1543 25 3573 15
1512 8 1316 17 1544 19 3574 14
1513 25 1317 64 1545 39 3575 41
1514 27 1318 69 1546 52 3576 33
1515 31 1319 72 1547 48 3577 31
1516 32 1320 54 1548 47 3578 38
1517 34 1321 56 1549 46 3579 41
1518 34 1322 54 1550 42 3580 35
1519 23 1323 65 1551 45 3581 34
1520 28 1324 44 1552 41 3582 40
1521 16 1325 52 1553 37 3583 31
1522 25 1326 53 1554 33 3584 33
1523 20 1327 42 1555 46 3585 24
1524 22 1328 38 1556 41 3586 26
1525 22 1329 36 1557 30 3587 30
1526 33 1330 48 1558 44 3588 23
1527 17 1331 46 1559 33 3589 16
1528 22 1332 48 1560 24 3590 19
1529 20 1333 44 1561 34 3591 16
1530 18 1334 41 1562 30 3592 30
1531 20 1335 30 1563 33 3593 17
1532 10 1336 39 1564 34 3594 21
1533 16 1337 30 1565 32 3595 17
1534 18 1338 32 1566 20 3596 15
1535 10 1339 36 1567 26 3597 25
1536 13 1340 39 1568 23 3598 17
1537 22 1341 36 1569 32 3599 16
1538 16 1342 34 1570 18 3600 15
1539 21 1343 40 1571 16 3601 19
1540 20 1344 36 1572 27 3602 19
1541 11 1345 30 1573 22 3603 10
1542 18 1346 39 1574 22 3604 23
1543 8 1347 35 1575 27 3605 19
1544 9 1348 20 1576 24 3606 16
1545 19 1349 34 1577 24 3607 6
1546 11 1350 25 1578 21 3608 11
1547 9 1351 24 1579 16 3609 16
1548 15 1352 27 1580 26 3610 16
1549 13 1353 24 1581 18 3611 13
1550 10 1354 26 1582 20 3612 11
1551 7 1355 20 1583 20 3613 14
1552 2 1356 32 1584 16 3614 14
1553 11 1357 21 1585 17 3615 7
1554 15 1358 18 1586 18 3616 11
1555 9 1359 26 1587 16 3617 11
1556 6 1360 22 1588 15 3618 11
1557 10 1361 27 1589 13 3619 15
1558 6 1362 28 1590 15 3620 12
1559 4 1363 18 1591 18 3621 12
1560 11 1364 19 1592 15 3622 5
1561 8 1365 25 1593 17 3623 11
1562 6 1366 19 1594 15 3624 12
1563 7 1367 14 1595 14 3625 18
1564 4 1368 18 1596 17 3626 8
1565 2 1369 18 1597 11 3627 7
1566 9 1370 15 1598 13 3628 10
1567 7 1371 21 1599 6 3629 10
1568 7 1372 13 1600 15 3630 4
1569 7 1373 18 1601 22 3631 9
1570 5 1374 12 1602 8 3632 9
1571 7 1375 19 1603 11 3633 6
1572 5 1376 18 1604 13 3634 10
1573 7 1377 16 1605 15 3635 11
1574 9 1378 13 1606 16 3636 9
1575 4 1379 13 1607 16 3637 10
1576 7 1380 12 1608 8 3638 5
1577 7 1381 16 1609 8 3639 10
1578 3 1382 20 1610 12 3640 4
1579 6 1383 11 1611 11 3641 5
1580 2 1384 9 1612 5 3642 5
1581 4 1385 17 1613 6 3643 3
1582 5 1386 5 1614 6 3644 6
1583 6 1387 16 1615 8 3645 4
1584 6 1388 15 1616 8 3646 5
1585 1 1389 10 1617 12 3647 3
1586 10 1390 11 1618 5 3648 2
1587 7 1391 9 1619 3 3649 4
1588 7 1392 8 1620 8 3650 7
1589 3 1393 13 1621 2 3651 7
1590 2 1394 16 1622 8 3652 8
1591 3 1395 15 1623 5 3653 8
1592 4 1396 7 1624 7 3654 2
1593 2 1397 8 1625 5 3655 4
1594 9 1398 9 1626 8 3656 7
1595 7 1399 13 1627 6 3657 0
1596 7 1400 11 1628 10 3658 4
1597 3 1401 7 1629 5 3659 7
1598 6 1402 8 1630 8 3660 6
1599 3 1403 12 1631 5 3661 6
1600 7 1404 5 1632 5 3662 4
1601 5 1405 7 1633 6 3663 6
1602 5 1406 6 1634 3 3664 2
1603 4 1407 13 1635 6 3665 4
1604 3 1408 7 1636 4 3666 4
1605 4 1409 6 1637 2 3667 5
1606 4 1410 6 1638 2 3668 6
1607 4 1411 6 1639 11 3669 2
1608 4 1412 8 1640 5 3670 5
1609 5 1413 13 1641 6 3671 3
1610 1 1414 5 1642 5 3672 7
1611 4 1415 16 1643 10 3673 8
1612 4 1416 4 1644 3 3674 2
1613 2 1417 6 1645 7 3675 3
1614 3 1418 9 1646 5 3676 6
1615 4 1419 4 1647 2 3677 5
1616 3 1420 9 1648 7 3678 4
1617 6 1421 5 1649 4 3679 2
1618 1 1422 11 1650 4 3680 8
1619 3 1423 2 1651 4 3681 6
1620 3 1424 6 1652 3 3682 8
1621 4 1425 7 1653 9 3683 4
1622 3 1426 8 1654 2 3684 6
1623 7 1427 6 1655 2 3685 5
1624 3 1428 3 1656 2 3686 3
1625 5 1429 2 1657 5 3687 5
1626 2 1430 6 1658 3 3688 4
1627 1 1431 11 1659 3 3689 1
1628 1 1432 5 1660 3 3690 7
1629 3 1433 3 1661 6 3691 2
1630 2 1434 5 1662 5 3692 3
1631 4 1435 3 1663 4 3693 2
1632 2 1436 7 1664 2 3694 2
1633 0 1437 2 1665 2 3695 3
1634 3 1438 8 1666 6 3696 4
1635 1 1439 5 1667 7 3697 4
1636 1 1440 3 1668 11 3698 1
1637 2 1441 9 1669 6 3699 0
1638 3 1442 1 1670 6 3700 2
1639 1 1443 7 1671 4 3701 3
1640 2 1444 5 1672 3 3702 2
1641 3 1445 3 1673 5 3703 1
1642 3 1446 7 1674 3 3704 1
1643 1 1447 7 1675 4 3705 4
1644 2 1448 2 1676 4 3706 0
1645 2 1449 1 1677 1 3707 2
1646 3 1450 3 1678 3 3708 2
1647 6 1451 3 1679 1 3709 2
1648 1 1452 3 1680 1 3710 4
1649 1 1453 5 1681 3 3711 1
1650 2 1454 0 1682 5 3712 2
1651 3 1455 5 1683 4 3713 4
1652 1 1456 4 1684 4 3714 3
1653 2 1457 6 1685 3 3715 6
1654 1 1458 5 1686 3 3716 1
1655 0 1459 0 1687 2 3717 0
1656 1 1460 3 1688 4 3718 1
1657 2 1461 6 1689 2 3719 4
1658 3 1462 2 1690 1 3720 2
1659 4 1463 3 1691 2 3721 3
1660 1 1464 5 1692 2 3722 2
1661 1 1465 0 1693 1 3723 2
1662 1 1466 2 1694 0 3724 2
1663 1 1467 4 1695 2 3725 4
1664 0 1468 2 1696 2 3726 3
1665 1 1469 2 1697 2 3727 3
1666 0 1470 4 1698 4 3728 2
1667 0 1471 5 1699 2 3729 2
1668 4 1472 3 1700 2 3730 2
1669 1 1473 4 1701 6 3731 1
1670 2 1474 2 1702 1 3732 1
1671 3 1475 3 1703 3 3733 0
1672 3 1476 3 1704 1 3734 1
1673 0 1477 5 1705 0 3735 0
1674 1 1478 4 1706 0 3736 1
1675 3 1479 4 1707 3 3737 2
1676 0 1480 1 1708 4 3738 1
1677 0 1481 1 1709 0 3739 1
1678 2 1482 1 1710 1 3740 2
1679 1 1483 2 1711 1 3741 5
1680 2 1484 3 1712 3 3742 1
1681 1 1485 0 1713 3 3743 0
1682 1 1486 4 1714 1 3744 2
1683 1 1487 1 1715 1 3745 3
1684 3 1488 3 1716 1 3746 1
1685 3 1489 2 1717 0 3747 0
1686 2 1490 1 1718 1 3748 3
1687 2 1491 3 1719 3 3749 0
1688 3 1492 2 1720 0 3750 3
1689 0 1493 5 1721 1 3751 3
1690 2 1494 4 1722 1 3752 0
1691 1 1495 3 1723 4 3753 0
1692 2 1496 2 1724 0 3754 2
1693 2 1497 4 1725 3 3755 4
1694 0 1498 2 1726 0 3756 3
1695 2 1499 4 1727 1 3757 0
1696 2 1500 2 1728 0 3758 2
1697 1 1501 1 1729 2 3759 1
1698 0 1502 0 1730 1 3760 1
1699 1 1503 1 1731 1 3761 1
1700 1 1504 0 1732 3 3762 0
1701 1 1505 3 1733 2 3763 0
1702 2 1506 3 1734 4 3764 2
1703 1 1507 1 1735 2 3765 2
1704 0 1508 3 1736 4 3766 3
1705 0 1509 3 1737 1 3767 1
1706 2 1510 1 1738 0 3768 1
1707 0 1511 1 1739 3 3769 0
1708 1 1512 3 1740 0 3770 2
1709 1 1513 2 1741 4 3771 2
1710 2 1514 2 1742 0 3772 0
1711 2 1515 1 1743 2 3773 1
1712 168 1516 276 1744 229 3774 1
