  0  56 45 58  45 50 54
  1  56 46 57  45 51 54
  2  56 46 57  45 50 54
  3  56 46 57  45 50 54
  4  56 46 57  46 50 54
  5  55 46 57  46 50 54
  6  55 45 57  45 50 54
  7  56 46 58  45 50 54
  8  56 45 58  45 50 54
  9  57 46 57  45 51 54
 10  56 46 57  44 51 53
 11  56 46 58  45 50 54
 12  56 45 57  45 50 55
 13  55 46 57  45 51 54
 14  56 46 58  45 50 54
 15  56 45 57  45 50 54
 16  56 46 57  45 50 54
 17  56 45 57  44 50 53
 18  56 46 57  45 51 54
 19  56 46 58  45 51 54
 20  55 46 58  45 51 54
 21  55 46 57  46 50 54
 22  56 46 57  45 51 55
 23  56 45 57  45 50 54
 24  56 46 57  45 50 54
 25  56 45 57  45 50 54
 26  55 46 58  45 50 54
 27  56 45 57  45 50 54
 28  55 46 57  45 50 54
 29  55 46 58  45 50 54
 30  55 46 58  45 51 54
 31  56 46 57  45 51 54
 32  56 46 57  45 50 54
 33  55 46 57  46 51 54
 34  56 46 58  45 50 54
 35  56 46 57  46 50 54
 36  56 46 57  45 50 54
 37  56 46 57  45 51 54
 38  56 46 57  45 50 54
 39  56 46 57  45 51 54
 40  55 46 57  45 50 54
 41  56 46 57  45 51 54
 42  56 46 58  45 51 54
 43  56 47 57  45 50 54
 44  56 46 58  45 51 54
 45  57 46 57  45 50 54
 46  56 46 58  45 51 54
 47  56 46 58  45 50 53
 48  56 46 57  45 50 54
 49  56 46 58  45 50 54
 50  55 46 57  45 51 54
 51  56 46 57  46 50 54
 52  55 46 58  45 51 54
 53  55 45 57  45 50 54
 54  56 46 57  45 50 54
 55  56 46 57  46 50 54
 56  56 46 57  44 50 53
 57  56 47 58  45 51 54
 58  56 46 57  45 50 54
 59  56 45 57  46 50 54
 60  55 46 57  46 51 54
 61  56 46 57  45 51 54
 62  56 46 57  45 50 54
 63  56 45 57  46 50 55
 64  56 46 57  45 50 55
 65  55 46 57  45 51 54
 66  55 46 57  45 50 54
 67  55 46 57  45 50 54
 68  56 46 57  45 50 54
 69  55 45 57  45 51 54
 70  56 45 57  45 50 54
 71  56 46 58  46 51 54
 72  56 45 57  45 51 54
 73  56 46 57  45 50 54
 74  55 46 58  45 51 54
 75  56 46 58  46 50 55
 76  55 46 57  45 50 55
 77  56 45 57  45 51 55
 78  56 45 58  45 51 54
 79  56 46 57  45 51 54
 80  56 46 57  45 51 54
 81  56 46 57  45 50 54
 82  56 47 58  45 51 54
 83  55 46 57  45 50 53
 84  56 46 58  45 50 54
 85  56 46 58  45 51 54
 86  56 46 57  44 50 54
 87  56 46 57  45 50 55
 88  56 46 57  45 50 55
 89  56 46 57  45 50 54
 90  55 46 57  45 51 54
 91  56 46 57  45 51 54
 92  57 46 57  45 51 54
 93  56 46 57  45 51 54
 94  56 46 57  45 51 54
 95  56 46 57  45 51 53
 96  56 46 57  45 51 54
 97  55 46 58  45 50 54
 98  56 46 57  45 50 54
 99  56 46 57  45 50 54
100  56 46 57  45 50 54
101  56 46 57  45 51 55
102  56 45 58  45 50 54
103  56 45 57  45 51 54
104  56 46 58  46 51 54
105  56 46 57  45 50 54
106  55 46 57  46 51 54
107  56 46 57  45 50 54
108  56 45 57  45 50 54
109  56 46 57  45 50 54
110  56 44 58  45 51 54
111  55 46 57  45 50 54
112  55 46 57  45 50 54
113  55 46 57  45 51 54
114  56 46 57  45 51 54
115  56 46 58  46 51 54
116  55 45 57  45 51 54
117  56 46 57  46 50 54
118  56 45 57  45 51 54
119  55 45 57  45 50 54
120  55 46 58  46 51 55
121  56 46 57  45 51 54
122  56 46 58  45 50 54
123  56 46 58  45 50 54
124  56 46 58  45 51 54
125  56 46 57  45 50 54
126  56 46 57  44 51 54
127  55 46 57  45 51 54
128  55 46 57  45 51 54
129  56 45 57  46 51 54
130  56 46 57  45 50 54
131  56 46 57  45 50 54
132  56 46 57  45 51 54
133  56 46 58  45 50 54
134  56 46 57  45 50 54
135  55 46 57  45 51 54
136  56 46 57  45 50 54
137  56 46 57  45 50 55
138  55 45 58  44 50 55
139  56 46 57  45 50 55
140  56 46 57  45 50 55
141  56 46 57  45 50 54
142  55 45 57  46 50 54
143  56 46 57  45 51 54
144  56 46 58  46 50 54
145  55 46 57  45 50 54
146  56 45 57  45 50 54
147  56 46 57  45 51 54
148  56 46 58  45 50 54
149  55 46 57  45 51 54
150  56 46 57  45 51 54
151  56 46 57  45 51 55
152  55 45 57  45 50 54
153  57 46 58  45 51 54
154  56 46 57  46 51 54
155  56 46 57  46 51 54
156  55 46 58  46 51 54
157  56 46 57  45 50 54
158  56 46 58  45 50 54
159  55 46 57  45 51 54
160  56 46 58  45 50 54
161  56 46 57  45 50 54
162  56 46 57  45 50 54
163  56 46 57  45 50 54
164  57 46 57  45 50 54
165  56 46 57  45 50 54
166  55 47 57  46 50 54
167  56 46 57  45 50 54
168  56 46 57  45 50 54
169  56 46 58  45 51 54
170  56 46 58  45 50 54
171  56 46 57  45 50 54
172  56 46 58  45 50 53
173  55 46 58  45 50 53
174  56 45 58  45 51 54
175  56 46 58  45 51 54
176  56 46 58  45 50 54
177  55 46 57  45 51 54
178  56 46 57  45 50 54
179  56 46 58  45 51 54
180  55 46 57  45 50 54
181  55 46 57  45 51 54
182  55 46 57  45 51 55
183  56 46 57  45 50 54
184  55 46 57  45 51 54
185  56 45 57  45 50 54
186  56 46 57  45 50 54
187  56 46 57  45 51 54
188  56 46 57  45 50 54
189  55 46 57  45 50 54
190  56 46 58  45 50 55
191  55 46 57  45 50 55
192  56 46 57  45 51 55
193  56 46 57  45 51 54
194  55 45 57  45 51 54
195  56 46 58  45 51 54
196  55 46 58  45 51 54
197  56 45 57  45 50 54
198  56 46 58  45 51 54
199  56 46 58  45 50 54
200  56 45 58  45 50 54
201  56 46 58  45 51 54
202  56 46 58  45 50 54
203  55 46 58  45 51 54
204  56 46 57  45 50 53
205  56 46 57  45 50 54
206  55 46 57  45 50 54
207  56 46 57  46 51 54
208  55 45 57  45 50 54
209  56 46 58  45 50 55
210  55 46 58  45 50 54
211  56 46 58  45 50 54
212  56 46 58  45 51 54
213  55 46 57  45 51 54
214  56 45 57  45 50 55
215  55 46 57  45 50 54
216  56 46 57  45 51 54
217  55 46 57  45 51 54
218  56 45 57  44 50 54
219  56 47 57  45 50 54
220  55 46 58  45 50 54
221  55 46 57  45 50 53
222  54 46 58  45 51 54
223  56 46 57  45 51 54
224  55 46 58  45 51 54
225  56 46 57  45 50 54
226  56 46 57  45 51 55
227  56 45 57  45 51 54
228  56 45 57  44 50 55
229  55 45 57  45 51 54
230  56 46 57  45 51 54
231  55 46 57  45 50 54
232  56 46 58  45 50 54
233  56 46 57  45 51 54
234  56 46 58  45 50 54
235  55 46 57  45 50 54
236  56 46 58  45 50 54
237  55 46 58  45 50 54
238  55 47 58  45 51 55
239  56 46 57  45 50 55
240  56 46 57  45 50 54
241  57 46 57  46 51 54
242  481 492 445  57 65 71
243  308 427 543  52 62 67
244  276 257 257  51 56 59
245  179 212 222  49 54 58
246  129 154 165  47 53 56
247  112 117 122  47 53 56
248  79 84 98  45 50 54
249  72 87 87  45 52 55
250  65 59 69  45 50 55
251  58 49 62  44 50 54
252  61 55 62  46 51 55
253  60 53 58  46 50 54
254  56 50 58  44 50 54
255  56 50 64  45 50 54
256  56 48 61  45 51 54
257  56 47 59  46 51 53
258  56 47 58  45 51 54
259  56 46 57  45 50 54
260  56 45 58  46 51 54
261  56 45 57  45 50 54
262  55 46 58  46 51 53
263  56 46 57  45 50 54
264  56 46 57  45 50 54
265  56 45 57  45 51 54
266  55 46 58  45 50 54
267  57 45 57  45 50 54
268  56 46 57  45 51 54
269  55 45 57  45 51 54
270  56 45 58  45 51 54
271  56 46 57  45 50 54
272  56 46 58  45 50 54
273  55 46 58  46 51 54
274  55 45 58  45 50 54
275  56 46 58  45 51 54
276  55 46 57  46 50 54
277  55 45 56  45 50 54
278  56 45 57  45 50 54
279  56 46 56  45 50 54
280  56 46 57  45 50 55
281  55 45 57  45 50 54
282  56 46 57  45 50 54
283  56 45 57  46 51 54
284  55 44 57  45 50 54
285  56 45 57  45 50 54
286  55 46 57  45 50 54
287  55 46 57  45 50 54
288  55 46 58  45 51 54
289  55 46 56  45 50 54
290  55 45 57  45 51 54
291  55 46 57  45 50 54
292  56 46 57  45 51 53
293  56 46 57  46 50 54
294  56 46 57  45 50 54
295  56 46 56  45 50 54
296  56 46 57  45 50 54
297  55 46 57  45 50 55
298  55 46 57  46 50 54
299  55 46 57  45 50 54
300  56 45 57  45 50 54
301  56 46 57  45 51 54
302  56 46 57  45 51 54
303  55 46 57  45 51 54
304  56 45 57  45 50 54
305  55 46 57  45 51 54
306  55 46 57  46 50 54
307  55 45 57  45 50 54
308  55 45 57  45 51 54
309  56 45 58  45 50 54
310  55 45 57  45 50 54
311  56 45 57  45 51 54
312  55 46 57  45 50 54
313  56 45 57  45 50 55
314  55 45 57  44 50 54
315  92 75 108  47 52 56
316  81 62 88  46 51 55
317  70 66 95  45 51 55
318  68 58 76  45 51 54
319  58 52 64  45 50 54
320  62 50 69  45 50 54
321  55 57 59  45 50 53
322  56 46 57  45 50 54
323  56 45 58  45 50 54
324  62 45 57  45 51 55
325  57 45 57  45 50 54
326  57 45 58  45 50 55
327  56 46 57  45 51 54
328  56 45 57  45 51 54
329  56 46 57  45 50 55
330  56 46 57  45 51 54
331  55 46 58  45 50 54
332  56 46 57  45 51 54
333  55 46 57  45 50 54
334  56 46 57  45 50 53
335  56 46 57  46 50 55
336  56 44 57  45 50 54
337  56 46 57  45 50 54
338  55 46 57  45 51 54
339  56 46 57  46 51 54
340  55 46 57  46 51 53
341  56 45 57  45 50 54
342  56 46 57  45 51 54
343  55 46 57  45 50 54
344  56 46 57  45 50 54
345  55 46 57  45 50 54
346  55 46 57  46 50 54
347  55 45 56  45 50 54
348  56 46 57  46 50 54
349  56 46 57  46 50 55
350  55 45 57  45 51 54
351  56 46 57  45 51 54
352  56 46 57  45 51 54
353  55 46 57  44 50 54
354  55 45 57  45 51 55
355  55 45 57  45 50 54
356  55 45 57  45 51 53
357  55 46 57  46 50 54
358  56 46 57  45 50 54
359  55 46 57  46 50 54
360  56 46 57  45 50 53
361  56 46 57  45 50 54
362  56 46 57  46 51 54
363  56 45 57  45 50 53
364  56 45 57  45 50 54
365  55 46 57  45 50 55
366  55 46 57  45 50 54
367  56 47 57  45 50 54
368  56 46 57  45 50 54
369  56 45 57  44 50 54
370  56 45 58  45 51 54
371  56 45 57  45 50 54
372  56 45 57  45 50 55
373  55 45 57  45 50 54
374  56 46 57  45 51 54
375  56 45 57  45 50 54
376  56 46 57  45 51 54
377  56 46 57  45 51 54
378  56 46 57  45 50 54
379  55 46 58  45 50 54
380  54 45 57  45 50 54
381  55 45 57  45 50 55
382  56 45 57  45 51 54
383  55 45 57  45 50 54
384  56 46 57  45 50 54
385  56 46 57  46 51 54
386  55 45 56  45 50 54
387  56 46 57  45 50 54
388  55 46 57  45 50 53
389  56 45 57  45 50 54
390  55 46 57  46 50 54
391  56 46 57  45 50 54
392  56 45 57  44 50 54
393  55 46 57  45 51 54
394  56 46 57  45 50 54
395  55 46 58  45 51 54
396  55 46 57  45 51 54
397  55 46 58  45 51 54
398  56 46 57  45 51 54
399  56 46 57  45 50 54
400  55 46 57  45 50 55
401  57 46 57  46 50 54
402  55 45 57  45 50 54
403  56 46 57  45 50 55
404  55 46 57  45 50 55
405  56 46 57  45 50 55
406  55 46 57  44 50 54
407  55 46 57  45 50 54
408  56 46 57  44 50 54
409  55 45 57  46 50 54
410  55 46 57  45 51 55
411  55 46 57  46 51 54
412  56 46 57  46 50 53
413  55 45 58  44 50 54
414  56 45 58  45 51 54
415  56 46 57  45 50 54
416  55 45 57  44 50 54
417  56 46 57  45 50 55
418  55 46 57  46 50 54
419  56 46 57  44 50 54
420  54 47 57  45 51 53
421  56 46 57  45 51 54
422  56 46 57  45 51 54
423  55 46 57  45 51 54
424  56 46 57  45 51 54
425  55 46 57  45 51 54
426  56 46 57  45 50 54
427  55 46 57  45 50 54
428  56 46 57  45 50 54
429  55 46 57  46 50 54
430  55 46 57  45 51 54
431  55 46 57  45 50 54
432  55 46 57  45 50 55
433  55 46 57  45 50 54
434  55 46 57  46 50 54
435  55 46 57  45 50 54
436  55 46 57  44 50 54
437  56 46 57  45 50 54
438  56 46 57  45 50 54
439  56 45 56  45 50 54
440  56 45 57  45 51 54
441  56 45 57  45 51 54
442  56 46 57  45 50 54
443  55 46 57  45 50 54
444  55 46 57  45 50 54
445  56 46 57  45 50 54
446  55 45 57  45 50 53
447  55 46 57  46 51 54
448  55 45 57  46 50 54
449  56 46 57  46 51 54
450  55 46 57  45 50 54
451  55 46 58  46 51 55
452  55 45 57  44 50 54
453  56 46 57  45 50 54
454  55 44 57  44 50 54
455  55 46 57  45 50 54
456  56 46 57  45 50 55
457  56 45 57  45 50 54
458  56 46 57  45 51 54
459  55 46 57  45 51 55
460  55 46 57  45 51 54
461  56 46 57  46 51 54
462  55 46 57  45 50 54
463  56 45 57  45 50 54
464  56 45 57  46 50 54
465  55 46 57  45 50 54
466  56 45 57  45 50 54
467  55 45 57  45 51 55
468  55 45 57  44 50 54
469  55 46 57  45 51 55
470  56 44 56  45 50 55
471  56 46 57  45 51 55
472  55 45 57  45 51 54
473  55 46 57  45 51 54
474  56 45 57  45 51 54
475  56 46 57  44 51 53
476  55 46 57  45 50 54
477  55 45 57  45 51 54
478  56 46 57  46 50 54
479  55 45 57  45 50 54
480  55 46 57  46 51 54
481  55 45 57  45 50 54
482  56 45 57  44 50 54
483  56 45 56  46 50 54
484  56 46 58  45 51 54
485  56 45 57  45 51 54
486  55 46 57  45 51 54
487  56 46 56  45 50 54
488  55 46 57  45 51 54
489  56 46 57  45 50 54
490  55 46 58  45 51 54
491  55 46 57  46 50 54
492  56 45 58  46 50 54
493  56 46 57  46 50 55
494  56 45 57  46 50 54
495  55 46 57  45 50 54
496  56 46 57  45 50 55
497  56 46 57  45 50 54
498  55 46 57  46 51 54
499  56 46 57  45 51 54
500  56 46 57  45 51 54
501  56 45 57  44 51 54
502  55 46 58  45 50 54
503  55 46 57  45 50 54
504  56 46 57  46 50 54
505  55 46 57  45 50 55
506  56 45 57  45 51 54
507  56 45 57  44 51 55
508  56 46 57  45 50 54
509  56 46 57  45 50 54
510  55 46 57  45 50 54
511  55 46 58  45 51 55
512  54 45 57  45 50 53
513  56 45 57  45 50 54
514  56 45 57  45 50 54
515  55 45 57  45 50 54
516  56 46 58  46 50 54
517  56 45 57  46 50 54
518  55 45 57  45 50 54
519  56 46 58  46 51 55
520  56 45 57  45 51 55
521  56 46 57  45 50 54
522  55 46 57  46 51 54
523  56 46 57  45 50 54
524  56 46 57  45 50 54
525  55 45 58  45 51 54
526  56 45 56  45 51 54
527  56 45 57  46 50 53
528  55 46 57  45 50 54
529  55 46 58  45 50 54
530  56 46 57  45 51 54
531  56 45 57  45 51 54
532  55 46 57  45 51 54
533  56 46 57  45 50 54
534  55 46 57  44 50 54
535  55 46 57  45 51 54
536  55 46 57  45 51 54
537  56 46 57  45 50 54
538  55 46 57  45 51 54
539  55 46 57  45 50 54
540  55 45 57  45 51 54
541  56 45 57  45 51 54
542  56 45 57  45 50 54
543  55 46 57  46 51 55
544  56 46 57  45 50 54
545  56 46 57  44 50 54
546  56 46 57  45 50 54
547  55 46 57  45 50 54
548  55 45 57  45 49 54
549  56 46 57  45 51 54
550  55 46 58  46 50 54
551  55 45 57  45 50 54
552  55 46 57  45 51 55
553  56 46 57  45 51 54
554  56 45 57  45 50 54
555  56 45 57  45 51 54
556  56 46 57  45 50 54
557  56 45 57  45 51 54
558  56 45 57  45 50 54
559  55 45 58  45 51 54
560  55 45 57  45 50 54
561  55 45 57  45 50 54
562  56 45 57  45 50 54
563  56 45 57  46 51 54
564  56 45 57  45 51 54
565  56 46 57  45 51 54
566  56 45 57  45 51 54
567  55 46 57  45 51 54
568  55 46 57  46 50 55
569  55 46 57  45 51 55
570  56 45 57  45 50 54
571  56 45 57  45 51 54
572  56 46 57  45 49 54
573  55 46 57  45 50 54
574  56 45 57  45 50 54
575  56 46 57  45 50 54
576  54 45 57  45 51 54
577  56 46 57  45 51 54
578  55 45 57  45 50 54
579  56 46 57  45 50 54
580  55 46 57  45 51 54
581  55 45 57  45 50 55
582  56 46 57  46 50 54
583  55 45 57  46 50 54
584  55 44 57  45 50 53
585  55 46 57  45 50 54
586  55 45 57  46 50 54
587  56 45 57  45 50 54
588  55 46 57  45 50 54
589  56 46 57  45 50 54
590  55 46 57  45 50 54
591  55 46 57  45 50 53
592  56 45 57  45 50 54
593  55 46 57  45 50 54
594  56 46 57  45 50 54
595  55 46 57  45 51 55
596  56 46 57  46 50 55
597  56 46 58  45 50 54
598  55 46 57  46 50 54
599  55 46 57  46 51 54
600  54 46 57  45 51 53
601  56 46 57  45 51 54
602  55 46 57  45 51 54
603  56 46 57  45 50 54
604  56 45 56  45 50 54
605  56 45 57  45 50 54
606  55 45 57  45 50 55
607  55 46 57  45 51 54
608  55 46 57  45 50 54
609  55 46 58  45 50 54
610  56 46 57  46 51 55
611  55 45 57  45 50 54
612  56 46 57  45 51 54
613  56 45 57  45 51 54
614  55 45 57  45 50 54
615  55 46 56  45 51 54
616  55 45 57  45 51 54
617  55 45 57  44 51 54
618  55 45 58  46 51 54
619  55 45 57  45 51 55
620  56 45 57  45 50 54
621  56 45 57  45 51 54
622  55 45 58  46 51 54
623  55 45 58  45 50 53
624  56 45 57  45 50 54
625  55 45 56  45 50 54
626  55 46 58  45 50 54
627  55 46 56  45 50 54
628  55 46 57  45 51 54
629  56 46 57  45 50 54
630  54 46 56  46 50 54
631  56 46 57  45 50 54
632  56 46 57  45 51 54
633  56 46 57  45 50 53
634  56 46 57  45 50 54
635  55 46 57  45 50 54
636  55 46 57  45 50 54
637  55 45 57  45 50 54
638  56 45 57  45 51 54
639  56 46 57  45 50 54
640  56 45 57  45 50 54
641  55 46 57  45 51 54
642  56 45 57  45 51 54
643  55 46 57  45 51 54
644  54 45 57  45 50 54
645  56 45 56  45 50 54
646  56 45 57  45 51 54
647  55 46 57  45 50 54
648  55 46 57  45 50 54
649  56 46 57  45 51 54
650  55 45 57  45 51 54
651  55 46 57  45 51 54
652  56 45 57  45 51 54
653  56 46 57  45 50 54
654  55 46 57  45 50 54
655  55 46 57  45 50 54
656  55 45 57  45 51 54
657  56 46 57  44 51 54
658  55 46 57  45 51 54
659  56 46 57  45 50 54
660  55 46 57  46 51 54
661  56 45 57  45 51 54
662  56 45 57  46 50 54
663  55 46 57  46 50 54
664  56 46 57  45 50 54
665  55 46 58  45 50 55
666  55 45 57  45 51 54
667  55 45 57  45 51 54
668  55 44 57  44 50 54
669  56 45 57  46 50 54
670  55 45 57  45 51 54
671  56 46 57  46 51 54
672  55 45 56  46 50 54
673  56 46 57  46 50 54
674  55 45 57  45 50 54
675  55 46 57  46 50 54
676  56 46 57  46 50 54
677  56 46 58  45 50 54
678  55 45 57  45 50 54
679  55 45 57  45 50 54
680  56 46 57  45 51 54
681  55 45 57  45 50 55
682  55 46 57  46 51 55
683  56 46 57  45 51 54
684  55 45 57  45 50 54
685  55 45 57  45 51 54
686  55 46 57  46 51 54
687  56 46 57  45 50 54
688  55 46 57  45 51 54
689  55 47 57  45 51 54
690  55 46 57  46 50 54
691  56 46 57  45 50 54
692  55 46 57  45 50 54
693  55 46 57  45 50 54
694  55 46 57  45 51 55
695  56 46 57  45 50 54
696  55 46 57  45 51 54
697  55 46 57  46 51 54
698  55 45 57  45 50 54
699  55 46 58  46 51 54
700  55 45 57  45 50 53
701  55 45 57  46 51 54
702  55 46 57  45 50 54
703  56 46 57  45 50 54
704  55 45 57  44 50 54
705  56 45 57  45 50 55
706  56 45 57  45 50 54
707  56 46 58  45 50 53
708  56 46 57  45 50 54
709  55 46 57  46 51 54
710  55 45 58  45 51 54
711  55 46 57  45 50 54
712  56 46 58  45 51 54
713  56 46 57  46 50 54
714  56 46 57  45 50 54
715  56 46 57  45 51 54
716  56 46 57  45 51 54
717  56 45 57  45 51 54
718  55 46 57  45 51 54
719  55 46 57  44 50 54
720  56 45 57  45 50 54
721  56 46 57  45 50 54
722  55 45 57  45 50 54
723  56 45 57  45 50 54
724  55 45 57  45 50 54
725  56 45 57  45 50 54
726  55 45 57  46 51 54
727  56 46 56  45 51 54
728  55 46 57  45 51 54
729  55 45 57  45 50 54
730  55 46 57  45 51 54
731  55 46 57  46 50 53
732  56 46 57  45 50 54
733  55 45 57  45 50 54
734  56 45 58  45 50 54
735  56 46 57  45 50 54
736  56 46 57  46 51 54
737  56 46 57  45 50 54
738  55 46 57  45 51 54
739  56 45 57  45 51 54
740  54 46 57  45 51 54
741  56 45 56  45 51 54
742  55 46 57  45 51 54
743  56 46 57  45 50 54
744  55 46 57  46 50 53
745  55 46 57  45 50 54
746  56 46 57  45 51 54
747  55 46 57  45 50 54
748  55 46 57  45 50 54
749  55 46 57  45 50 55
750  56 45 57  45 50 53
751  56 46 57  45 51 55
752  55 46 57  45 50 54
753  55 45 57  45 50 54
754  56 46 57  45 51 55
755  55 46 58  45 50 54
756  54 46 57  45 50 54
757  56 46 57  45 50 54
758  55 45 57  45 50 54
759  56 46 57  45 50 54
760  55 46 58  45 50 54
761  55 47 57  45 50 54
762  56 46 57  45 50 54
763  56 46 57  46 50 54
764  56 46 57  45 50 54
765  55 46 58  45 51 54
766  55 46 57  45 51 54
767  55 46 57  45 51 54
