55 0 45 0 57 0
56 0 46 0 58 0
57 0 47 0 59 1
58 0 48 8 60 11
59 1565 49 815 61 1268
60 2457 50 1238 62 1994
61 3089 51 1655 63 2472
62 3702 52 2060 64 2866
63 3838 53 2415 65 3246
64 3879 54 2790 66 3275
65 3841 55 3229 67 3325
66 3657 56 3043 68 3275
67 3589 57 3080 69 3366
68 3450 58 2850 70 3220
69 3434 59 2921 71 3184
70 3410 60 2905 72 3218
71 3337 61 2797 73 3001
72 3067 62 2798 74 2866
73 2967 63 2633 75 2806
74 2811 64 2668 76 2786
75 2762 65 2523 77 2605
76 2759 66 2532 78 2255
77 2757 67 2507 79 2735
78 2349 68 2451 80 2719
79 2983 69 2460 81 2746
80 3221 70 2666 82 2764
81 3062 71 2479 83 2823
82 3191 72 2521 84 2670
83 3201 73 2473 85 2776
84 3043 74 2390 86 2727
85 3060 75 2556 87 2808
86 3161 76 2425 88 2879
87 3104 77 2036 89 2983
88 3037 78 2348 90 2728
89 3365 79 2503 91 2783
90 2990 80 2516 92 2878
91 2853 81 2544 93 2725
92 2713 82 2450 94 2742
93 2729 83 2630 95 2643
94 2645 84 2425 96 2648
95 2584 85 2532 97 2618
96 2362 86 2377 98 2514
97 2367 87 2623 99 2597
98 2247 88 2511 100 2384
99 2168 89 2299 101 2357
100 2045 90 2224 102 2277
101 2050 91 2229 103 2172
102 1955 92 2246 104 2171
103 1905 93 2132 105 2102
104 1848 94 1996 106 1864
105 1759 95 2045 107 1861
106 1778 96 2014 108 1815
107 1602 97 1982 109 1764
108 1381 98 1740 110 1732
109 1376 99 1766 111 1684
110 1381 100 1742 112 1581
111 1311 101 1689 113 1502
112 1221 102 1750 114 1344
113 1156 103 1504 115 1404
114 1036 104 1594 116 1135
115 786 105 1512 117 1115
116 983 106 1354 118 1217
117 1010 107 1316 119 1103
118 921 108 1190 120 1129
119 863 109 1089 121 1179
120 831 110 1168 122 1017
121 872 111 1143 123 960
122 658 112 1114 124 924
123 740 113 1063 125 867
124 631 114 1079 126 893
125 653 115 917 127 828
126 612 116 962 128 725
127 599 117 902 129 705
128 593 118 920 130 745
129 523 119 931 131 678
130 493 120 842 132 627
131 482 121 801 133 651
132 476 122 764 134 555
133 419 123 698 135 601
134 486 124 680 136 612
135 416 125 666 137 578
136 375 126 628 138 493
137 394 127 654 139 530
138 368 128 639 140 437
139 355 129 604 141 428
140 347 130 629 142 358
141 336 131 566 143 392
142 256 132 500 144 402
143 304 133 501 145 396
144 288 134 521 146 359
145 280 135 483 147 343
146 273 136 471 148 328
147 254 137 418 149 319
148 229 138 424 150 306
149 236 139 397 151 290
150 224 140 353 152 284
151 204 141 298 153 296
152 192 142 338 154 258
153 213 143 349 155 271
154 209 144 358 156 235
155 549 145 972 157 672
156 454 146 863 158 583
157 422 147 865 159 501
158 386 148 671 160 546
159 333 149 653 161 401
160 308 150 563 162 432
161 297 151 560 163 378
162 278 152 467 164 303
163 212 153 432 165 306
164 207 154 343 166 259
165 201 155 382 167 242
166 172 156 293 168 241
167 154 157 326 169 218
168 138 158 282 170 185
169 132 159 247 171 169
170 144 160 211 172 162
171 152 161 211 173 127
172 105 162 206 174 128
173 112 163 203 175 144
174 109 164 154 176 103
175 102 165 138 177 126
176 75 166 147 178 124
177 52 167 151 179 94
178 73 168 144 180 85
179 65 169 137 181 82
180 71 170 112 182 79
181 64 171 108 183 84
182 51 172 114 184 76
183 64 173 97 185 70
184 36 174 71 186 55
185 43 175 86 187 64
186 38 176 67 188 72
187 46 177 71 189 50
188 36 178 69 190 47
189 40 179 66 191 45
190 24 180 56 192 51
191 32 181 71 193 48
192 35 182 49 194 51
193 23 183 48 195 37
194 25 184 50 196 30
195 31 185 46 197 33
196 30 186 29 198 40
197 26 187 46 199 41
198 23 188 29 200 42
199 15 189 41 201 22
200 19 190 43 202 24
201 21 191 31 203 32
202 13 192 34 204 23
203 21 193 34 205 25
204 518 194 905 206 690
