0 1303487 1072943 1338734
25 1304996 1073326 1339072
50 1556379 1197327 1434006
75 1990555 1890659 2115068
100 1787488 1731913 1963464
125 1614111 1506039 1747774
150 1500846 1355689 1599316
175 1427215 1250666 1503897
200 1380807 1184670 1443413
225 1350066 1141314 1400621
250 1332517 1113700 1377699
275 1322283 1098148 1363000
300 1315750 1088181 1353844
325 1311882 1082695 1347719
350 1310129 1078680 1344418
375 1309008 1075967 1342244
400 1308380 1074663 1341911
425 1307267 1073826 1340629
450 1306835 1073735 1340741
475 1305991 1074033 1340275
