1114 23 916 12 1143 1 3175 0
1115 48 917 28 1144 5 3176 1
1116 87 918 63 1145 19 3177 6
1117 146 919 92 1146 38 3178 12
1118 219 920 161 1147 100 3179 27
1119 330 921 256 1148 170 3180 57
1120 430 922 312 1149 274 3181 84
1121 505 923 358 1150 292 3182 181
1122 637 924 455 1151 397 3183 226
1123 775 925 497 1152 466 3184 314
1124 858 926 566 1153 538 3185 411
1125 973 927 596 1154 618 3186 512
1126 1077 928 657 1155 720 3187 597
1127 1178 929 718 1156 794 3188 691
1128 1258 930 761 1157 861 3189 774
1129 1285 931 832 1158 907 3190 888
1130 1315 932 841 1159 928 3191 885
1131 1376 933 938 1160 1000 3192 1012
1132 1422 934 897 1161 1024 3193 1020
1133 1387 935 925 1162 1045 3194 1194
1134 1410 936 973 1163 1060 3195 1320
1135 1417 937 1018 1164 1119 3196 1257
1136 1397 938 1074 1165 1150 3197 1218
1137 1345 939 1076 1166 1139 3198 1289
1138 1394 940 1095 1167 1181 3199 1246
1139 1402 941 1052 1168 1208 3200 1307
1140 1396 942 979 1169 1138 3201 1340
1141 1347 943 1075 1170 1157 3202 1299
1142 1287 944 1045 1171 1169 3203 1272
1143 1255 945 1040 1172 1181 3204 1262
1144 1270 946 1023 1173 1210 3205 1272
1145 1264 947 986 1174 1066 3206 1264
1146 1233 948 1059 1175 1116 3207 1217
1147 1142 949 1005 1176 1082 3208 1195
1148 1212 950 1022 1177 1092 3209 1205
1149 1160 951 1053 1178 1017 3210 1190
1150 1090 952 964 1179 1090 3211 1190
1151 1108 953 1025 1180 1094 3212 1101
1152 1062 954 978 1181 1069 3213 1109
1153 1077 955 997 1182 1035 3214 1059
1154 1077 956 989 1183 1075 3215 1038
1155 1012 957 965 1184 1030 3216 1022
1156 1032 958 962 1185 999 3217 1053
1157 971 959 954 1186 1004 3218 1042
1158 944 960 930 1187 942 3219 963
1159 921 961 886 1188 980 3220 1000
1160 973 962 889 1189 957 3221 941
1161 932 963 878 1190 931 3222 855
1162 880 964 863 1191 913 3223 930
1163 894 965 869 1192 898 3224 887
1164 920 966 854 1193 850 3225 821
1165 929 967 900 1194 785 3226 871
1166 853 968 778 1195 803 3227 814
1167 851 969 799 1196 899 3228 789
1168 935 970 819 1197 835 3229 826
1169 927 971 784 1198 881 3230 779
1170 830 972 728 1199 857 3231 772
1171 917 973 770 1200 833 3232 777
1172 891 974 768 1201 818 3233 756
1173 875 975 761 1202 804 3234 728
1174 860 976 753 1203 767 3235 704
1175 929 977 728 1204 812 3236 713
1176 895 978 737 1205 778 3237 702
1177 945 979 737 1206 784 3238 685
1178 901 980 683 1207 748 3239 707
1179 905 981 703 1208 779 3240 695
1180 977 982 722 1209 747 3241 649
1181 940 983 737 1210 819 3242 689
1182 932 984 693 1211 792 3243 674
1183 1010 985 741 1212 792 3244 656
1184 1013 986 717 1213 776 3245 671
1185 1003 987 728 1214 804 3246 597
1186 1027 988 729 1215 828 3247 666
1187 926 989 710 1216 769 3248 652
1188 971 990 746 1217 764 3249 621
1189 1030 991 705 1218 752 3250 689
1190 1001 992 738 1219 779 3251 628
1191 1024 993 720 1220 773 3252 656
1192 1073 994 690 1221 846 3253 653
1193 1048 995 732 1222 803 3254 602
1194 1035 996 702 1223 803 3255 601
1195 1095 997 779 1224 796 3256 622
1196 1086 998 745 1225 843 3257 593
1197 1017 999 747 1226 934 3258 671
1198 1051 1000 709 1227 883 3259 643
1199 1101 1001 735 1228 894 3260 640
1200 1106 1002 756 1229 895 3261 677
1201 1036 1003 690 1230 861 3262 653
1202 1066 1004 773 1231 846 3263 674
1203 1124 1005 766 1232 832 3264 642
1204 1091 1006 746 1233 904 3265 737
1205 1133 1007 733 1234 900 3266 741
1206 1134 1008 793 1235 868 3267 735
1207 1143 1009 769 1236 879 3268 718
1208 1131 1010 829 1237 854 3269 784
1209 1099 1011 763 1238 921 3270 820
1210 1111 1012 771 1239 970 3271 852
1211 1120 1013 780 1240 943 3272 821
1212 1068 1014 827 1241 912 3273 902
1213 1097 1015 847 1242 954 3274 852
1214 1112 1016 848 1243 1029 3275 943
1215 1120 1017 871 1244 955 3276 983
1216 1089 1018 843 1245 930 3277 972
1217 1124 1019 795 1246 939 3278 1014
1218 1156 1020 868 1247 977 3279 1021
1219 1031 1021 859 1248 965 3280 1069
1220 1044 1022 888 1249 985 3281 976
1221 1084 1023 835 1250 926 3282 1104
1222 1067 1024 860 1251 966 3283 1087
1223 1017 1025 885 1252 1012 3284 1135
1224 1032 1026 880 1253 1011 3285 1152
1225 1014 1027 870 1254 1029 3286 1183
1226 1081 1028 868 1255 934 3287 1213
1227 959 1029 819 1256 1017 3288 1192
1228 1073 1030 824 1257 1009 3289 1179
1229 1044 1031 883 1258 965 3290 1277
1230 996 1032 860 1259 951 3291 1229
1231 907 1033 876 1260 951 3292 1217
1232 909 1034 896 1261 972 3293 1276
1233 959 1035 844 1262 941 3294 1295
1234 927 1036 825 1263 1009 3295 1271
1235 966 1037 883 1264 938 3296 1226
1236 856 1038 904 1265 939 3297 1291
1237 925 1039 890 1266 1039 3298 1263
1238 918 1040 884 1267 927 3299 1284
1239 837 1041 873 1268 930 3300 1205
1240 872 1042 887 1269 946 3301 1215
1241 846 1043 850 1270 891 3302 1238
1242 840 1044 861 1271 896 3303 1216
1243 745 1045 881 1272 861 3304 1299
1244 806 1046 824 1273 901 3305 1205
1245 772 1047 854 1274 894 3306 1202
1246 731 1048 858 1275 922 3307 1167
1247 767 1049 809 1276 870 3308 1145
1248 738 1050 816 1277 910 3309 1164
1249 739 1051 813 1278 893 3310 1120
1250 694 1052 834 1279 876 3311 1082
1251 697 1053 791 1280 868 3312 1051
1252 713 1054 813 1281 874 3313 1079
1253 662 1055 820 1282 760 3314 1036
1254 716 1056 809 1283 837 3315 1015
1255 651 1057 795 1284 824 3316 972
1256 686 1058 836 1285 825 3317 970
1257 664 1059 812 1286 743 3318 1013
1258 628 1060 758 1287 773 3319 905
1259 620 1061 776 1288 797 3320 984
1260 609 1062 779 1289 795 3321 900
1261 582 1063 766 1290 756 3322 937
1262 612 1064 754 1291 738 3323 825
1263 580 1065 735 1292 716 3324 868
1264 527 1066 752 1293 707 3325 791
1265 535 1067 654 1294 720 3326 808
1266 534 1068 750 1295 705 3327 738
1267 555 1069 721 1296 693 3328 757
1268 501 1070 744 1297 681 3329 747
1269 463 1071 676 1298 677 3330 709
1270 467 1072 665 1299 682 3331 668
1271 490 1073 686 1300 670 3332 684
1272 459 1074 698 1301 658 3333 652
1273 442 1075 696 1302 577 3334 639
1274 470 1076 686 1303 646 3335 660
1275 435 1077 715 1304 613 3336 612
1276 442 1078 616 1305 577 3337 610
1277 407 1079 656 1306 587 3338 611
1278 422 1080 626 1307 544 3339 584
1279 369 1081 653 1308 541 3340 552
1280 439 1082 652 1309 579 3341 538
1281 380 1083 610 1310 533 3342 517
1282 388 1084 617 1311 532 3343 509
1283 362 1085 599 1312 501 3344 506
1284 343 1086 585 1313 542 3345 444
1285 370 1087 583 1314 521 3346 447
1286 336 1088 567 1315 487 3347 445
1287 324 1089 573 1316 474 3348 457
1288 371 1090 578 1317 509 3349 455
1289 350 1091 591 1318 499 3350 423
1290 334 1092 511 1319 445 3351 417
1291 297 1093 529 1320 455 3352 405
1292 294 1094 529 1321 407 3353 408
1293 264 1095 516 1322 435 3354 379
1294 260 1096 567 1323 437 3355 366
1295 274 1097 489 1324 425 3356 332
1296 265 1098 462 1325 420 3357 372
1297 277 1099 473 1326 404 3358 367
1298 268 1100 494 1327 398 3359 348
1299 247 1101 477 1328 374 3360 362
1300 266 1102 443 1329 403 3361 286
1301 269 1103 474 1330 377 3362 343
1302 239 1104 463 1331 351 3363 319
1303 234 1105 475 1332 342 3364 304
1304 225 1106 436 1333 354 3365 305
1305 222 1107 405 1334 361 3366 277
1306 251 1108 433 1335 340 3367 286
1307 192 1109 410 1336 335 3368 276
1308 206 1110 414 1337 317 3369 278
1309 215 1111 407 1338 306 3370 213
1310 197 1112 400 1339 328 3371 234
1311 210 1113 411 1340 321 3372 267
1312 193 1114 390 1341 311 3373 238
1313 189 1115 397 1342 290 3374 238
1314 184 1116 369 1343 289 3375 210
1315 176 1117 343 1344 304 3376 217
1316 166 1118 347 1345 264 3377 223
1317 162 1119 372 1346 282 3378 217
1318 153 1120 357 1347 273 3379 206
1319 153 1121 336 1348 251 3380 238
1320 141 1122 330 1349 278 3381 201
1321 167 1123 339 1350 265 3382 217
1322 180 1124 339 1351 270 3383 185
1323 168 1125 342 1352 255 3384 150
1324 123 1126 289 1353 236 3385 160
1325 127 1127 312 1354 263 3386 189
1326 156 1128 341 1355 235 3387 177
1327 141 1129 299 1356 234 3388 171
1328 146 1130 295 1357 197 3389 168
1329 108 1131 283 1358 203 3390 174
1330 136 1132 274 1359 226 3391 169
1331 126 1133 300 1360 224 3392 174
1332 148 1134 257 1361 212 3393 158
1333 151 1135 276 1362 203 3394 181
1334 133 1136 277 1363 215 3395 158
1335 124 1137 269 1364 217 3396 166
1336 126 1138 255 1365 221 3397 154
1337 113 1139 246 1366 192 3398 164
1338 111 1140 244 1367 187 3399 137
1339 111 1141 248 1368 189 3400 159
1340 89 1142 229 1369 170 3401 140
1341 90 1143 227 1370 195 3402 122
1342 109 1144 248 1371 168 3403 127
1343 91 1145 245 1372 159 3404 120
1344 90 1146 214 1373 161 3405 107
1345 84 1147 197 1374 150 3406 116
1346 94 1148 224 1375 163 3407 135
1347 105 1149 192 1376 158 3408 119
1348 108 1150 208 1377 172 3409 125
1349 91 1151 213 1378 148 3410 127
1350 97 1152 204 1379 116 3411 114
1351 86 1153 203 1380 163 3412 120
1352 80 1154 194 1381 134 3413 112
1353 86 1155 207 1382 162 3414 129
1354 74 1156 180 1383 136 3415 135
1355 78 1157 183 1384 159 3416 97
1356 74 1158 183 1385 134 3417 108
1357 96 1159 173 1386 140 3418 110
1358 68 1160 160 1387 154 3419 107
1359 69 1161 162 1388 106 3420 108
1360 96 1162 163 1389 128 3421 102
1361 84 1163 161 1390 105 3422 97
1362 82 1164 177 1391 117 3423 116
1363 73 1165 136 1392 104 3424 95
1364 65 1166 155 1393 94 3425 97
1365 64 1167 160 1394 96 3426 88
1366 65 1168 134 1395 110 3427 86
1367 82 1169 159 1396 99 3428 87
1368 66 1170 156 1397 100 3429 94
1369 60 1171 144 1398 91 3430 83
1370 63 1172 137 1399 110 3431 94
1371 62 1173 150 1400 97 3432 68
1372 60 1174 136 1401 110 3433 74
1373 58 1175 146 1402 85 3434 76
1374 65 1176 135 1403 87 3435 79
1375 57 1177 121 1404 87 3436 78
1376 72 1178 144 1405 80 3437 85
1377 72 1179 138 1406 97 3438 77
1378 58 1180 126 1407 86 3439 75
1379 55 1181 117 1408 80 3440 79
1380 55 1182 133 1409 85 3441 76
1381 65 1183 129 1410 96 3442 76
1382 46 1184 115 1411 81 3443 77
1383 49 1185 119 1412 66 3444 70
1384 50 1186 107 1413 72 3445 89
1385 47 1187 111 1414 68 3446 76
1386 54 1188 98 1415 76 3447 59
1387 50 1189 112 1416 75 3448 64
1388 46 1190 84 1417 74 3449 59
1389 50 1191 97 1418 79 3450 50
1390 49 1192 99 1419 71 3451 55
1391 43 1193 112 1420 62 3452 52
1392 54 1194 103 1421 68 3453 58
1393 36 1195 93 1422 68 3454 59
1394 35 1196 101 1423 62 3455 62
1395 49 1197 81 1424 51 3456 36
1396 54 1198 76 1425 57 3457 46
1397 51 1199 84 1426 64 3458 61
1398 42 1200 99 1427 69 3459 47
1399 41 1201 76 1428 61 3460 55
1400 42 1202 101 1429 67 3461 42
1401 53 1203 77 1430 71 3462 63
1402 32 1204 81 1431 56 3463 51
1403 36 1205 78 1432 56 3464 51
1404 40 1206 63 1433 69 3465 51
1405 43 1207 85 1434 51 3466 56
1406 36 1208 100 1435 59 3467 55
1407 31 1209 75 1436 38 3468 55
1408 32 1210 78 1437 72 3469 48
1409 41 1211 72 1438 45 3470 49
1410 43 1212 82 1439 51 3471 45
1411 40 1213 72 1440 58 3472 48
1412 35 1214 67 1441 54 3473 47
1413 37 1215 69 1442 42 3474 50
1414 28 1216 72 1443 61 3475 44
1415 38 1217 77 1444 47 3476 43
1416 43 1218 83 1445 52 3477 43
1417 36 1219 59 1446 52 3478 61
1418 33 1220 68 1447 44 3479 43
1419 36 1221 62 1448 40 3480 37
1420 31 1222 70 1449 51 3481 37
1421 33 1223 68 1450 57 3482 32
1422 38 1224 76 1451 51 3483 42
1423 30 1225 64 1452 48 3484 25
1424 27 1226 58 1453 40 3485 38
1425 34 1227 72 1454 44 3486 43
1426 20 1228 76 1455 35 3487 32
1427 31 1229 65 1456 31 3488 41
1428 30 1230 48 1457 35 3489 24
1429 23 1231 63 1458 41 3490 30
1430 29 1232 62 1459 34 3491 39
1431 30 1233 44 1460 26 3492 32
1432 35 1234 63 1461 36 3493 30
1433 27 1235 50 1462 40 3494 38
1434 19 1236 68 1463 40 3495 32
1435 23 1237 59 1464 31 3496 35
1436 25 1238 52 1465 39 3497 32
1437 24 1239 54 1466 23 3498 27
1438 28 1240 44 1467 30 3499 31
1439 20 1241 40 1468 31 3500 30
1440 20 1242 63 1469 38 3501 20
1441 31 1243 48 1470 34 3502 28
1442 25 1244 39 1471 30 3503 38
1443 23 1245 52 1472 42 3504 22
1444 20 1246 54 1473 27 3505 25
1445 23 1247 62 1474 33 3506 23
1446 26 1248 48 1475 35 3507 25
1447 24 1249 40 1476 22 3508 22
1448 22 1250 40 1477 36 3509 24
1449 19 1251 48 1478 34 3510 24
1450 15 1252 38 1479 40 3511 25
1451 20 1253 62 1480 27 3512 23
1452 26 1254 36 1481 29 3513 27
1453 31 1255 48 1482 34 3514 20
1454 29 1256 31 1483 38 3515 23
1455 22 1257 50 1484 24 3516 20
1456 15 1258 50 1485 34 3517 28
1457 16 1259 51 1486 29 3518 22
1458 15 1260 39 1487 33 3519 25
1459 15 1261 34 1488 21 3520 19
1460 27 1262 57 1489 31 3521 21
1461 19 1263 28 1490 32 3522 25
1462 27 1264 36 1491 28 3523 19
1463 15 1265 39 1492 28 3524 19
1464 19 1266 34 1493 30 3525 18
1465 15 1267 40 1494 23 3526 30
1466 18 1268 35 1495 24 3527 23
1467 17 1269 32 1496 19 3528 20
1468 17 1270 34 1497 27 3529 18
1469 20 1271 35 1498 38 3530 14
1470 26 1272 21 1499 27 3531 18
1471 30 1273 38 1500 29 3532 21
1472 16 1274 40 1501 23 3533 20
1473 20 1275 38 1502 32 3534 16
1474 17 1276 38 1503 32 3535 25
1475 16 1277 38 1504 29 3536 21
1476 24 1278 38 1505 27 3537 20
1477 8 1279 29 1506 36 3538 33
1478 17 1280 43 1507 24 3539 20
1479 7 1281 28 1508 21 3540 26
1480 13 1282 34 1509 17 3541 18
1481 16 1283 36 1510 17 3542 22
1482 15 1284 32 1511 22 3543 19
1483 13 1285 30 1512 25 3544 17
1484 12 1286 27 1513 17 3545 18
1485 18 1287 40 1514 18 3546 21
1486 15 1288 30 1515 21 3547 21
1487 7 1289 36 1516 32 3548 14
1488 18 1290 42 1517 28 3549 14
1489 18 1291 31 1518 18 3550 14
1490 18 1292 32 1519 27 3551 18
1491 19 1293 18 1520 25 3552 12
1492 18 1294 26 1521 26 3553 19
1493 12 1295 22 1522 14 3554 13
1494 8 1296 20 1523 20 3555 27
1495 14 1297 26 1524 21 3556 23
1496 8 1298 19 1525 26 3557 17
1497 7 1299 26 1526 24 3558 10
1498 12 1300 35 1527 28 3559 21
1499 18 1301 22 1528 16 3560 13
1500 14 1302 25 1529 28 3561 17
1501 7 1303 22 1530 19 3562 15
1502 11 1304 28 1531 16 3563 10
1503 23 1305 26 1532 16 3564 15
1504 13 1306 25 1533 18 3565 8
1505 18 1307 26 1534 20 3566 16
1506 12 1308 23 1535 19 3567 8
1507 12 1309 31 1536 27 3568 12
1508 10 1310 26 1537 15 3569 13
1509 12 1311 20 1538 21 3570 17
1510 9 1312 29 1539 21 3571 19
1511 7 1313 21 1540 23 3572 10
1512 13 1314 32 1541 15 3573 11
1513 7 1315 26 1542 18 3574 10
1514 21 1316 65 1543 58 3575 46
1515 40 1317 78 1544 51 3576 36
1516 20 1318 62 1545 50 3577 35
1517 27 1319 61 1546 44 3578 31
1518 22 1320 62 1547 55 3579 30
1519 30 1321 63 1548 48 3580 25
1520 28 1322 57 1549 41 3581 34
1521 31 1323 56 1550 48 3582 30
1522 25 1324 49 1551 45 3583 39
1523 35 1325 55 1552 36 3584 25
1524 30 1326 37 1553 47 3585 28
1525 23 1327 52 1554 50 3586 25
1526 21 1328 53 1555 27 3587 24
1527 13 1329 48 1556 42 3588 30
1528 19 1330 48 1557 32 3589 21
1529 19 1331 50 1558 35 3590 21
1530 18 1332 54 1559 37 3591 22
1531 17 1333 35 1560 27 3592 15
1532 20 1334 44 1561 24 3593 22
1533 19 1335 37 1562 37 3594 20
1534 18 1336 41 1563 33 3595 25
1535 11 1337 35 1564 34 3596 22
1536 16 1338 42 1565 23 3597 22
1537 20 1339 24 1566 31 3598 23
1538 13 1340 40 1567 21 3599 16
1539 12 1341 31 1568 24 3600 13
1540 16 1342 31 1569 16 3601 18
1541 15 1343 42 1570 19 3602 21
1542 21 1344 32 1571 21 3603 15
1543 14 1345 30 1572 19 3604 18
1544 20 1346 27 1573 19 3605 15
1545 12 1347 27 1574 23 3606 16
1546 10 1348 33 1575 15 3607 15
1547 12 1349 23 1576 11 3608 8
1548 7 1350 34 1577 17 3609 15
1549 8 1351 21 1578 30 3610 13
1550 13 1352 25 1579 16 3611 11
1551 9 1353 19 1580 22 3612 12
1552 10 1354 23 1581 25 3613 14
1553 15 1355 25 1582 24 3614 15
1554 12 1356 34 1583 31 3615 8
1555 9 1357 22 1584 17 3616 11
1556 2 1358 24 1585 22 3617 11
1557 15 1359 14 1586 15 3618 9
1558 6 1360 11 1587 9 3619 7
1559 9 1361 20 1588 17 3620 14
1560 14 1362 17 1589 14 3621 10
1561 7 1363 17 1590 8 3622 9
1562 8 1364 14 1591 7 3623 7
1563 9 1365 29 1592 17 3624 7
1564 14 1366 18 1593 16 3625 7
1565 13 1367 22 1594 17 3626 13
1566 4 1368 13 1595 9 3627 10
1567 6 1369 14 1596 10 3628 11
1568 8 1370 10 1597 14 3629 6
1569 4 1371 15 1598 14 3630 7
1570 3 1372 18 1599 13 3631 10
1571 6 1373 20 1600 13 3632 3
1572 7 1374 16 1601 8 3633 6
1573 5 1375 13 1602 8 3634 6
1574 5 1376 10 1603 8 3635 5
1575 9 1377 14 1604 8 3636 7
1576 2 1378 15 1605 7 3637 5
1577 8 1379 11 1606 9 3638 4
1578 4 1380 18 1607 13 3639 4
1579 8 1381 9 1608 2 3640 15
1580 9 1382 4 1609 7 3641 11
1581 7 1383 14 1610 11 3642 9
1582 8 1384 13 1611 8 3643 6
1583 3 1385 10 1612 9 3644 5
1584 6 1386 15 1613 9 3645 8
1585 8 1387 14 1614 8 3646 5
1586 5 1388 9 1615 14 3647 9
1587 3 1389 5 1616 7 3648 5
1588 4 1390 16 1617 11 3649 6
1589 8 1391 9 1618 4 3650 7
1590 8 1392 7 1619 4 3651 4
1591 5 1393 11 1620 7 3652 6
1592 7 1394 12 1621 7 3653 10
1593 7 1395 10 1622 7 3654 5
1594 5 1396 9 1623 6 3655 1
1595 2 1397 6 1624 7 3656 3
1596 2 1398 9 1625 9 3657 5
1597 6 1399 9 1626 2 3658 5
1598 2 1400 7 1627 11 3659 4
1599 5 1401 10 1628 8 3660 1
1600 7 1402 9 1629 6 3661 8
1601 6 1403 5 1630 8 3662 7
1602 7 1404 13 1631 3 3663 5
1603 3 1405 10 1632 4 3664 7
1604 6 1406 7 1633 7 3665 1
1605 4 1407 11 1634 5 3666 3
1606 2 1408 2 1635 7 3667 5
1607 3 1409 6 1636 6 3668 5
1608 4 1410 7 1637 4 3669 5
1609 7 1411 6 1638 2 3670 6
1610 3 1412 8 1639 3 3671 4
1611 1 1413 10 1640 1 3672 6
1612 2 1414 11 1641 3 3673 2
1613 5 1415 8 1642 5 3674 3
1614 8 1416 11 1643 7 3675 8
1615 4 1417 6 1644 3 3676 4
1616 3 1418 10 1645 3 3677 3
1617 4 1419 7 1646 6 3678 5
1618 2 1420 3 1647 5 3679 1
1619 2 1421 7 1648 5 3680 5
1620 2 1422 7 1649 3 3681 4
1621 3 1423 7 1650 1 3682 4
1622 4 1424 9 1651 6 3683 3
1623 4 1425 4 1652 6 3684 4
1624 5 1426 10 1653 2 3685 4
1625 3 1427 6 1654 2 3686 4
1626 1 1428 7 1655 8 3687 2
1627 2 1429 6 1656 7 3688 2
1628 2 1430 1 1657 3 3689 2
1629 2 1431 3 1658 2 3690 4
1630 0 1432 4 1659 8 3691 4
1631 5 1433 5 1660 1 3692 6
1632 1 1434 5 1661 2 3693 6
1633 1 1435 3 1662 2 3694 2
1634 1 1436 1 1663 5 3695 3
1635 1 1437 1 1664 1 3696 1
1636 3 1438 2 1665 10 3697 2
1637 1 1439 5 1666 2 3698 4
1638 4 1440 5 1667 2 3699 2
1639 2 1441 6 1668 4 3700 1
1640 1 1442 6 1669 4 3701 7
1641 3 1443 7 1670 2 3702 3
1642 1 1444 9 1671 7 3703 1
1643 0 1445 3 1672 1 3704 4
1644 3 1446 4 1673 1 3705 4
1645 4 1447 2 1674 0 3706 2
1646 1 1448 1 1675 4 3707 4
1647 2 1449 1 1676 3 3708 1
1648 2 1450 2 1677 0 3709 2
1649 3 1451 6 1678 5 3710 3
1650 1 1452 6 1679 5 3711 4
1651 1 1453 2 1680 5 3712 1
1652 1 1454 5 1681 4 3713 3
1653 3 1455 5 1682 4 3714 2
1654 0 1456 2 1683 3 3715 1
1655 1 1457 2 1684 6 3716 1
1656 1 1458 5 1685 3 3717 2
1657 1 1459 4 1686 4 3718 2
1658 1 1460 5 1687 2 3719 2
1659 0 1461 4 1688 2 3720 1
1660 3 1462 1 1689 0 3721 1
1661 2 1463 3 1690 1 3722 1
1662 0 1464 3 1691 1 3723 0
1663 2 1465 5 1692 3 3724 3
1664 0 1466 6 1693 1 3725 3
1665 2 1467 3 1694 1 3726 1
1666 3 1468 1 1695 1 3727 0
1667 3 1469 1 1696 5 3728 4
1668 1 1470 2 1697 1 3729 1
1669 1 1471 4 1698 3 3730 1
1670 2 1472 1 1699 1 3731 1
1671 0 1473 3 1700 2 3732 4
1672 2 1474 0 1701 3 3733 1
1673 0 1475 5 1702 0 3734 2
1674 0 1476 1 1703 5 3735 0
1675 3 1477 4 1704 5 3736 2
1676 0 1478 5 1705 5 3737 0
1677 2 1479 3 1706 2 3738 2
1678 3 1480 5 1707 1 3739 1
1679 1 1481 3 1708 4 3740 1
1680 0 1482 1 1709 1 3741 2
1681 1 1483 2 1710 1 3742 0
1682 2 1484 3 1711 2 3743 2
1683 0 1485 2 1712 0 3744 3
1684 2 1486 1 1713 2 3745 3
1685 1 1487 2 1714 3 3746 1
1686 0 1488 1 1715 4 3747 2
1687 2 1489 5 1716 4 3748 2
1688 1 1490 3 1717 0 3749 0
1689 0 1491 0 1718 1 3750 0
1690 1 1492 2 1719 1 3751 2
1691 2 1493 0 1720 3 3752 1
1692 3 1494 2 1721 3 3753 3
1693 0 1495 1 1722 0 3754 1
1694 3 1496 2 1723 0 3755 2
1695 0 1497 2 1724 1 3756 1
1696 0 1498 1 1725 1 3757 2
1697 1 1499 1 1726 2 3758 1
1698 2 1500 3 1727 3 3759 1
1699 0 1501 3 1728 2 3760 0
1700 1 1502 0 1729 1 3761 0
1701 2 1503 4 1730 2 3762 0
1702 0 1504 0 1731 0 3763 2
1703 1 1505 0 1732 4 3764 6
1704 1 1506 1 1733 1 3765 0
1705 0 1507 0 1734 0 3766 4
1706 0 1508 2 1735 0 3767 1
1707 0 1509 2 1736 0 3768 1
1708 2 1510 2 1737 2 3769 1
1709 4 1511 5 1738 2 3770 2
1710 0 1512 1 1739 1 3771 0
1711 0 1513 2 1740 0 3772 1
1712 0 1514 2 1741 3 3773 1
1713 190 1515 297 1742 242 3774 2
