-0.03
0.31
4.01
2.33
1.99
1.31
0.64
0.64
-0.04
-0.04
-0.04
-0.38
0.30
0.30
-0.38
-0.04
-0.04
0.30
-0.04
-0.04
0.30
-0.04
0.30
-0.04
-0.04
-0.04
-0.04
-0.04
-0.04
-0.04
-0.04
-0.04
-0.04
0.30
-0.04
-0.04
0.30
-0.04
-0.04
-0.04
-0.04
-0.04
-0.04
0.30
-0.04
-0.04
-0.04
-0.04
-0.04
-0.04
-0.04
-0.04
-0.04
0.30
-0.04
-0.04
-0.04
-0.04
0.30
-0.04
-0.04
-0.04
-0.04
-0.04
-0.04
-0.04
0.30
-0.04
-0.04
-0.04
-0.04
-0.04
-0.04
-0.04
-0.38
0.63
0.30
-0.04
-0.04
-0.04
-0.04
-0.04
-0.04
-0.04
-0.04
-0.04
-0.04
-0.04
-0.04
-0.04
-0.04
-0.04
-0.04
-0.04
