-0.11
0.16
3.99
3.17
1.53
0.99
0.72
0.72
-0.10
0.45
-0.09
-0.09
0.18
-0.09
-0.09
-0.09
0.18
0.18
0.18
-0.09
0.18
-0.09
0.18
-0.09
-0.09
0.18
-0.09
-0.09
0.18
0.18
0.18
-0.09
-0.09
0.18
-0.09
0.18
-0.09
-0.09
-0.09
-0.09
-0.09
-0.09
-0.09
0.18
-0.09
-0.09
-0.09
-0.09
0.18
-0.09
0.18
-0.09
0.18
-0.09
-0.09
-0.09
-0.09
-0.09
-0.09
-0.09
-0.09
0.18
0.18
0.18
-0.09
0.18
-0.09
-0.09
0.18
-0.09
-0.09
0.18
-0.09
-0.09
-0.09
0.45
0.17
0.17
0.17
-0.10
-0.10
-0.10
-0.10
-0.10
0.17
-0.10
-0.10
0.17
0.17
-0.10
0.17
