-0.00
-0.00
3.49
4.38
1.80
1.48
0.97
0.58
0.37
0.27
0.11
0.04
0.04
0.01
0.01
0.06
0.03
0.02
0.01
-0.00
0.01
-0.00
0.01
-0.00
-0.00
-0.00
0.01
-0.00
-0.00
-0.00
0.01
-0.00
0.01
0.01
0.01
0.01
-0.00
-0.01
-0.00
-0.01
-0.00
-0.00
-0.00
-0.00
-0.00
-0.00
-0.00
-0.00
0.01
-0.01
-0.00
-0.00
-0.00
-0.00
-0.00
-0.01
-0.00
-0.00
-0.00
-0.00
-0.00
-0.00
-0.00
-0.00
-0.00
-0.00
-0.00
-0.00
-0.00
0.01
-0.00
-0.00
-0.00
-0.00
-0.00
0.46
0.28
0.34
0.17
0.06
0.11
0.02
-0.00
0.01
-0.00
-0.00
0.01
-0.00
-0.00
-0.00
