-0.02
-0.02
4.88
3.73
1.43
1.14
0.56
0.56
-0.01
0.28
0.28
-0.01
0.28
-0.01
-0.01
-0.01
-0.01
-0.30
-0.01
-0.01
-0.01
-0.01
-0.30
-0.01
-0.01
-0.01
-0.01
-0.01
-0.01
-0.01
-0.01
-0.01
-0.01
-0.01
-0.01
-0.01
-0.01
-0.01
-0.01
-0.01
0.28
-0.01
-0.01
-0.01
-0.01
-0.01
-0.01
-0.01
-0.01
-0.01
-0.01
-0.01
-0.30
-0.01
-0.01
-0.01
-0.01
0.28
-0.01
-0.01
-0.01
-0.01
-0.01
-0.01
-0.01
-0.01
-0.01
-0.01
-0.01
-0.01
-0.01
-0.01
-0.01
0.28
-0.01
0.56
0.27
0.27
-0.02
-0.02
-0.02
-0.31
-0.02
-0.02
0.27
-0.02
0.27
-0.02
-0.02
0.27
