  0  48 50 41  50 53 50
  1  47 50 42  49 53 50
  2  48 50 41  49 53 50
  3  47 49 41  50 53 50
  4  47 50 41  50 53 50
  5  48 49 41  50 53 50
  6  47 50 41  50 53 50
  7  48 49 41  50 53 50
  8  47 50 41  50 53 50
  9  47 50 41  50 53 50
 10  48 50 41  50 53 50
 11  48 50 42  50 54 50
 12  48 50 42  50 54 50
 13  47 50 42  50 54 49
 14  48 50 41  50 54 50
 15  48 50 41  50 53 50
 16  47 49 41  50 54 50
 17  47 50 41  50 53 50
 18  47 50 41  49 53 50
 19  47 50 42  50 53 50
 20  47 50 41  50 53 50
 21  47 50 41  50 53 50
 22  48 50 41  50 53 49
 23  47 50 41  50 53 50
 24  47 50 41  49 53 50
 25  47 50 41  50 53 50
 26  47 50 41  50 53 50
 27  48 50 41  50 54 50
 28  46 49 41  50 54 50
 29  48 50 42  50 53 50
 30  48 50 42  49 53 50
 31  48 50 41  50 53 49
 32  48 50 42  50 53 50
 33  47 49 41  50 53 50
 34  47 50 41  50 53 50
 35  48 50 42  50 53 50
 36  47 50 41  49 53 49
 37  47 50 41  50 53 49
 38  48 50 41  50 53 50
 39  47 50 42  50 54 51
 40  48 50 41  50 54 50
 41  48 49 41  50 54 50
 42  47 50 41  50 53 50
 43  48 50 41  50 54 50
 44  47 50 41  50 53 50
 45  47 50 41  50 53 50
 46  48 50 41  50 53 50
 47  48 49 42  50 53 50
 48  48 50 41  50 53 49
 49  47 50 41  50 53 50
 50  47 50 41  50 53 50
 51  47 50 41  50 53 51
 52  47 49 41  50 53 50
 53  47 50 41  50 53 50
 54  47 49 41  50 53 50
 55  47 50 41  50 53 50
 56  48 50 42  50 53 50
 57  48 50 41  50 53 50
 58  47 50 41  50 53 49
 59  47 50 41  50 53 50
 60  47 50 41  49 53 49
 61  47 50 42  50 53 50
 62  47 50 41  50 53 50
 63  48 49 41  50 53 50
 64  48 50 41  49 53 50
 65  47 50 41  50 53 49
 66  47 50 41  50 53 50
 67  47 50 41  49 53 50
 68  47 50 41  50 53 49
 69  47 50 41  50 53 50
 70  48 50 41  50 53 49
 71  47 50 41  50 53 50
 72  47 50 41  50 53 50
 73  48 50 41  50 53 50
 74  47 50 41  50 53 50
 75  47 50 41  49 53 50
 76  48 49 41  50 53 50
 77  47 50 42  49 53 50
 78  48 50 41  49 53 50
 79  47 50 41  50 54 50
 80  48 50 41  50 54 50
 81  47 50 42  50 53 50
 82  47 50 42  51 53 50
 83  47 50 41  50 53 50
 84  47 50 41  50 53 50
 85  47 50 42  50 53 50
 86  47 49 41  50 53 50
 87  48 50 41  49 53 49
 88  48 50 42  50 54 50
 89  47 50 41  50 53 50
 90  47 50 41  50 54 50
 91  47 50 41  50 53 50
 92  48 50 42  50 53 50
 93  48 50 41  50 53 50
 94  47 50 41  50 54 50
 95  48 50 41  50 53 50
 96  48 50 41  50 53 50
 97  47 50 41  50 53 50
 98  47 49 42  50 53 50
 99  47 50 41  50 53 51
100  48 50 42  50 53 50
101  47 49 41  50 53 50
102  48 50 41  50 53 50
103  47 50 41  50 53 50
104  48 49 41  50 54 50
105  48 50 41  49 54 49
106  48 50 42  50 54 50
107  47 50 42  50 54 50
108  48 49 41  50 53 50
109  47 50 41  50 53 50
110  47 49 41  50 53 50
111  47 50 41  50 53 50
112  48 50 41  50 53 50
113  47 50 41  50 53 49
114  47 50 41  50 53 50
115  47 50 41  49 53 50
116  47 50 41  50 53 50
117  48 50 41  50 53 50
118  47 50 41  50 53 50
119  48 50 41  50 53 50
120  47 50 41  49 53 49
121  48 50 41  50 54 49
122  47 50 41  49 53 49
123  47 50 41  50 54 50
124  47 50 41  49 53 49
125  47 50 41  50 54 50
126  47 50 41  49 53 50
127  47 50 41  50 53 50
128  47 51 41  50 53 50
129  47 50 41  49 53 50
130  48 50 41  50 53 49
131  47 50 41  50 53 50
132  48 50 42  50 53 50
133  48 50 42  49 53 50
134  47 50 41  50 54 50
135  48 50 41  50 53 50
136  47 49 41  50 53 49
137  48 50 41  50 53 50
138  47 50 41  50 53 51
139  48 50 40  49 53 50
140  48 50 41  50 53 50
141  47 49 41  50 53 50
142  47 50 41  50 53 50
143  47 50 42  50 53 50
144  48 50 41  50 53 50
145  47 50 41  50 54 50
146  48 50 41  50 53 50
147  48 50 41  50 54 50
148  47 50 41  50 53 50
149  47 50 41  50 53 50
150  48 50 41  50 54 49
151  47 50 41  49 53 50
152  47 50 41  49 53 50
153  47 50 41  50 53 50
154  47 49 41  49 53 50
155  48 50 41  50 53 50
156  47 50 41  50 53 50
157  47 50 41  50 53 50
158  47 50 42  50 53 50
159  47 50 41  50 53 50
160  48 50 41  50 53 50
161  47 50 42  50 53 50
162  47 50 42  50 54 50
163  48 50 41  50 53 50
164  48 50 42  50 53 50
165  48 50 42  50 53 50
166  47 50 41  50 54 50
167  47 50 41  50 53 50
168  47 50 41  50 53 50
169  47 49 42  50 53 50
170  47 50 42  50 53 50
171  48 50 41  50 53 50
172  47 50 41  50 53 50
173  47 50 41  50 53 50
174  47 50 41  50 54 50
175  47 50 41  50 53 51
176  48 51 42  50 53 49
177  47 50 41  50 53 51
178  47 50 42  50 53 50
179  47 51 41  49 53 50
180  47 50 41  50 53 50
181  47 50 41  49 53 50
182  47 49 41  50 53 50
183  47 50 41  50 53 50
184  48 50 41  50 53 50
185  47 51 41  50 53 50
186  48 50 41  50 53 50
187  47 50 41  49 53 50
188  47 50 40  49 52 50
189  48 50 41  50 53 50
190  47 50 41  50 53 50
191  47 50 41  50 53 50
192  47 50 42  50 53 50
193  47 50 42  50 53 50
194  48 50 41  49 53 50
195  48 50 41  50 53 50
196  47 50 41  50 53 50
197  48 50 41  50 53 50
198  48 50 41  50 53 50
199  47 50 41  50 53 50
200  47 50 41  50 53 50
201  48 49 41  50 53 50
202  47 50 41  50 53 49
203  47 50 41  50 53 50
204  47 50 41  50 53 50
205  46 50 42  50 54 50
206  47 49 41  50 53 50
207  47 50 41  49 53 50
208  47 50 41  50 53 49
209  47 49 41  50 53 50
210  47 50 41  50 53 50
211  47 50 41  50 53 50
212  48 50 41  50 53 50
213  48 50 41  50 53 50
214  48 50 41  49 53 50
215  47 50 41  50 53 50
216  47 50 41  50 53 50
217  48 50 42  50 53 50
218  47 50 41  50 53 50
219  47 50 41  50 53 50
220  48 50 41  50 53 50
221  47 50 41  49 53 50
222  48 50 41  50 53 50
223  47 50 41  50 54 50
224  47 50 41  50 53 50
225  48 50 41  50 54 50
226  47 50 41  51 53 50
227  48 50 41  50 53 50
228  47 50 41  50 53 50
229  47 50 42  50 53 50
230  48 49 41  49 53 49
231  47 50 41  50 53 50
232  47 50 42  50 53 50
233  47 49 41  50 53 50
234  47 50 41  50 54 50
235  47 50 41  50 53 50
236  47 50 41  51 53 50
237  47 50 41  50 53 50
238  47 50 41  50 53 50
239  48 50 41  50 53 50
240  48 50 41  49 53 50
241  48 50 41  50 53 50
242  363 50 41  57 53 49
243  126 50 41  52 53 50
244  82 50 41  50 53 50
245  57 50 41  51 53 50
246  50 50 41  49 52 50
247  53 50 41  49 53 49
248  48 50 41  50 53 50
249  48 50 41  50 53 50
250  48 50 41  50 54 50
251  47 50 41  50 54 49
252  47 50 41  49 53 50
253  47 50 41  50 53 50
254  47 50 41  49 53 51
255  47 50 41  50 53 50
256  47 50 41  50 53 50
257  47 49 41  50 53 50
258  48 50 41  49 53 50
259  48 50 41  50 53 50
260  48 50 41  50 53 50
261  48 50 41  50 53 49
262  48 50 41  50 53 50
263  48 50 42  50 53 50
264  47 50 41  50 53 51
265  48 50 41  50 53 49
266  48 50 42  50 53 50
267  47 50 41  50 53 50
268  47 49 41  50 53 50
269  47 50 42  50 53 50
270  47 50 41  50 53 50
271  47 49 42  50 54 50
272  47 50 41  50 53 51
273  47 49 41  50 53 50
274  48 50 41  50 53 49
275  47 50 41  50 53 50
276  47 50 41  50 53 50
277  48 49 41  51 53 50
278  48 50 41  50 53 50
279  47 50 42  50 54 50
280  48 50 41  50 53 51
281  47 50 41  49 53 50
282  48 50 41  50 53 50
283  47 50 42  50 53 50
284  47 50 41  50 53 49
285  48 50 40  50 53 50
286  47 50 41  50 53 50
287  47 50 41  49 53 50
288  47 49 41  50 53 50
289  47 50 41  50 53 50
290  48 50 41  50 53 50
291  47 49 41  50 53 50
292  48 50 41  49 53 50
293  47 50 41  50 53 50
294  47 50 41  50 53 50
295  47 49 41  50 53 50
296  47 50 41  50 53 50
297  48 50 41  49 53 50
298  47 50 42  49 54 50
299  47 50 42  50 54 49
300  47 50 42  49 53 50
301  48 50 41  50 53 50
302  47 49 42  50 53 50
303  47 50 41  50 53 50
304  46 50 41  50 53 50
305  48 50 41  50 53 50
306  47 50 41  50 53 50
307  47 50 41  50 53 50
308  47 51 41  50 53 50
309  48 50 41  50 54 50
310  47 50 42  50 53 50
311  47 50 42  50 53 50
312  47 50 41  50 53 49
313  47 50 41  50 53 50
314  47 50 42  50 53 49
315  46 49 41  51 53 50
316  47 50 41  50 53 50
317  47 50 41  50 53 50
318  47 49 41  50 53 50
319  47 50 42  50 53 50
320  48 50 41  49 53 50
321  46 49 41  50 53 50
322  47 50 41  50 53 50
323  48 50 41  50 53 51
324  48 50 41  50 53 51
325  48 50 41  50 53 49
326  47 49 41  50 53 50
327  47 50 42  50 53 50
328  47 50 41  50 53 50
329  47 49 42  50 53 50
330  47 50 41  50 54 50
331  47 49 41  50 53 49
332  47 50 41  50 53 50
333  47 50 41  50 53 50
334  48 50 41  50 53 50
335  47 50 41  50 53 49
336  47 50 41  50 53 49
337  48 50 41  50 53 50
338  48 49 41  50 54 50
339  47 50 41  50 54 50
340  47 50 41  50 53 50
341  47 50 41  50 53 50
342  47 50 41  50 53 50
343  47 50 41  50 53 50
344  46 50 41  50 53 50
345  47 50 41  50 53 50
346  47 50 41  50 53 50
347  48 50 41  50 53 50
348  47 49 41  50 53 50
349  47 50 41  50 54 50
350  48 49 41  50 53 50
351  47 50 41  49 53 49
352  48 50 41  50 53 50
353  48 50 42  50 53 51
354  47 50 42  50 54 50
355  48 50 41  49 53 50
356  47 49 41  50 53 50
357  47 50 41  49 53 50
358  47 49 41  50 53 50
359  47 50 41  49 53 50
360  47 50 41  50 53 49
361  47 50 41  49 53 50
362  47 50 41  50 53 50
363  47 50 41  50 53 50
364  47 50 41  49 53 50
365  47 50 41  50 54 50
366  47 50 41  49 53 49
367  47 50 41  50 53 50
368  47 50 41  50 53 50
369  47 50 41  50 53 50
370  47 50 41  50 53 49
371  47 50 41  51 53 50
372  47 50 41  50 53 50
373  47 50 41  50 53 50
374  48 50 41  49 53 50
375  47 50 41  49 53 49
376  47 50 41  50 53 50
377  47 50 41  50 53 50
378  48 50 41  50 53 50
379  47 50 42  50 53 49
380  47 49 42  50 53 50
381  47 50 41  50 53 49
382  48 50 41  50 53 49
383  47 50 41  50 53 49
384  46 50 41  50 54 50
385  48 51 41  50 53 50
386  47 50 41  49 53 50
387  47 50 41  50 53 50
388  47 50 41  50 53 50
389  46 50 41  50 53 49
390  47 50 42  50 53 50
391  47 49 41  50 53 50
392  47 50 42  50 53 50
393  48 49 42  50 53 50
394  47 50 41  50 53 50
395  47 49 41  49 53 50
396  47 50 41  49 54 50
397  47 50 41  50 53 50
398  48 50 41  51 53 50
399  47 50 42  50 53 50
400  47 50 41  50 53 49
401  47 50 41  49 53 50
402  48 50 41  50 53 50
403  47 50 41  50 53 50
404  48 49 42  50 54 50
405  48 50 42  50 53 49
406  48 49 41  50 53 50
407  47 50 41  50 52 51
408  47 49 41  50 53 50
409  47 50 41  50 53 50
410  48 50 41  51 54 50
411  46 50 41  50 53 50
412  47 50 41  50 54 50
413  47 50 41  50 53 50
414  48 50 41  50 54 50
415  47 50 42  50 53 50
416  47 50 41  50 54 50
417  47 50 41  50 53 49
418  48 49 41  50 54 49
419  47 49 41  50 53 49
420  47 49 41  50 53 50
421  47 50 42  50 53 50
422  47 50 41  49 53 49
423  47 50 41  49 53 50
424  46 50 41  50 53 50
425  47 50 41  50 53 50
426  47 50 41  50 53 50
427  47 50 41  50 54 50
428  48 49 41  49 53 50
429  48 50 41  50 53 49
430  47 50 41  50 53 50
431  47 50 41  50 53 50
432  47 50 41  50 53 50
433  47 50 41  49 53 50
434  47 49 41  50 53 50
435  47 50 42  50 53 50
436  48 50 42  50 53 50
437  47 50 42  50 53 49
438  47 50 41  49 53 50
439  47 50 41  50 53 50
440  48 50 41  50 53 50
441  47 50 41  50 54 50
442  47 49 41  50 53 50
443  48 50 41  50 53 50
444  47 50 41  50 52 50
445  47 50 41  50 53 50
446  47 50 41  50 53 50
447  47 50 41  50 53 50
448  48 50 41  50 53 50
449  47 49 42  50 53 50
450  48 50 41  50 53 50
451  48 51 41  50 53 49
452  47 50 41  50 53 50
453  48 50 41  50 53 49
454  47 49 42  50 53 50
455  48 50 42  50 54 50
456  47 49 41  50 53 50
457  47 50 41  50 53 50
458  47 50 41  50 53 50
459  47 50 41  50 54 49
460  47 50 41  50 53 50
461  47 50 42  51 54 50
462  47 50 41  50 53 50
463  48 51 41  50 54 50
464  47 50 42  50 53 50
465  47 50 40  50 53 49
466  48 50 41  49 53 50
467  47 50 41  50 53 50
468  46 50 41  50 53 50
469  47 50 41  50 53 50
470  47 50 41  50 53 50
471  47 50 41  50 53 50
472  47 49 41  50 53 50
473  47 50 41  50 53 50
474  47 50 42  50 53 50
475  48 50 42  50 53 50
476  47 50 41  50 53 50
477  48 50 41  50 53 50
478  48 49 41  50 53 50
479  47 50 41  50 53 50
480  47 50 41  50 53 50
481  46 49 41  50 53 50
482  47 50 41  49 53 50
483  47 49 41  50 53 50
484  47 51 42  50 53 50
485  47 50 41  50 53 50
486  47 50 41  50 53 50
487  47 50 41  50 53 51
488  47 49 41  50 53 50
489  47 50 40  50 53 50
490  47 50 41  50 54 50
491  48 50 41  51 53 50
492  48 50 41  50 53 49
493  48 50 41  50 53 50
494  47 50 41  50 53 50
495  47 50 41  50 53 50
496  47 50 41  50 53 50
497  47 49 41  51 53 50
498  47 50 41  50 53 49
499  48 50 41  50 53 50
500  47 51 41  51 53 50
501  48 50 41  50 54 50
502  47 50 41  50 54 50
503  47 50 41  49 54 50
504  47 50 41  50 53 50
505  47 49 41  50 53 50
506  47 50 41  50 54 50
507  48 49 41  50 53 50
508  47 49 41  50 54 50
509  47 49 41  49 53 50
510  47 49 41  50 53 50
511  47 50 41  50 53 50
512  47 51 41  50 53 49
513  47 50 41  50 53 50
514  47 51 41  50 54 50
515  48 50 42  50 53 50
516  48 49 41  50 54 50
517  47 50 41  50 53 50
518  47 50 41  50 53 49
519  47 50 41  50 53 50
520  47 50 41  50 53 50
521  47 50 41  50 53 50
522  48 50 41  49 53 50
523  47 50 41  50 53 50
524  47 49 41  50 53 50
525  47 49 41  49 53 49
526  47 49 41  50 53 49
527  47 50 41  50 53 51
528  47 50 41  50 54 50
529  47 50 41  50 54 50
530  48 50 41  49 54 50
531  47 50 40  50 53 50
532  48 49 41  49 53 49
533  48 50 41  50 53 50
534  47 50 41  50 53 50
535  48 49 41  50 53 50
536  47 49 42  50 53 50
537  47 50 41  49 53 50
538  47 49 42  49 54 50
539  47 50 42  50 53 50
540  47 50 41  50 53 50
541  47 50 41  50 54 50
542  48 50 42  50 53 50
543  48 50 41  50 53 50
544  47 50 41  50 53 50
545  48 50 41  50 54 50
546  48 50 41  50 54 50
547  48 50 41  50 53 50
548  47 50 41  50 53 50
549  47 50 41  50 53 50
550  47 50 42  50 53 51
551  47 50 41  50 53 50
552  47 50 42  50 53 50
553  47 50 41  50 53 50
554  47 50 41  50 53 50
555  47 50 42  50 53 50
556  47 49 41  50 54 50
557  47 50 41  50 53 50
558  48 50 41  50 53 50
559  48 50 41  49 53 50
560  47 50 41  50 53 50
561  48 50 41  50 53 50
562  47 50 40  49 53 50
563  48 50 41  49 53 50
564  47 49 42  50 53 50
565  48 51 42  50 53 50
566  48 50 41  50 53 50
567  47 49 41  50 53 50
568  47 50 41  49 53 50
569  47 50 41  50 53 50
570  48 50 41  50 53 50
571  47 50 41  50 53 50
572  48 50 41  50 53 50
573  48 50 41  50 54 50
574  48 50 41  49 53 50
575  47 50 41  50 53 49
576  47 50 41  50 53 50
577  48 50 41  50 54 50
578  47 50 41  50 54 50
579  47 50 41  50 54 50
580  48 50 41  50 53 50
581  46 50 41  50 53 49
582  47 50 41  50 53 50
583  47 50 41  51 53 50
584  47 50 41  50 54 50
585  47 49 41  50 53 50
586  47 49 41  50 54 50
587  47 50 41  49 53 49
588  47 50 41  49 53 50
589  49 50 41  50 53 50
590  47 50 41  49 53 49
591  48 50 41  50 53 50
592  46 50 42  49 53 50
593  47 50 41  50 53 50
594  47 50 42  50 53 50
595  47 50 41  50 53 50
596  47 50 41  50 53 49
597  47 49 41  50 53 50
598  47 50 41  50 53 50
599  46 50 41  50 53 50
600  47 50 41  50 53 50
601  47 50 42  50 53 51
602  48 50 42  50 53 51
603  48 50 41  50 53 50
604  47 50 41  50 53 50
605  47 50 41  50 53 50
606  47 50 41  49 53 50
607  47 50 41  50 54 49
608  47 50 41  50 53 50
609  47 50 41  50 53 49
610  47 50 41  50 53 50
611  47 50 41  50 53 50
612  47 50 41  50 53 50
613  47 50 41  50 53 50
614  47 49 41  49 53 49
615  47 50 41  49 53 49
616  47 50 42  50 53 50
617  47 50 41  50 53 50
618  48 50 41  50 54 50
619  48 50 41  50 54 50
620  47 50 41  50 54 50
621  48 50 42  50 53 50
622  48 50 41  49 53 50
623  47 50 41  50 53 50
624  47 49 41  49 53 50
625  47 50 41  50 53 49
626  48 50 41  50 53 50
627  47 49 41  50 53 50
628  47 50 41  49 53 50
629  47 50 41  50 54 50
630  47 50 41  50 53 50
631  47 50 41  50 53 50
632  47 50 41  50 54 50
633  47 50 41  50 54 50
634  47 50 41  50 53 50
635  48 50 42  50 53 50
636  47 50 41  49 53 50
637  47 50 41  50 53 50
638  47 49 41  50 53 49
639  47 50 41  49 53 50
640  47 50 41  50 52 50
641  48 49 41  50 53 50
642  47 50 41  50 53 50
643  48 49 41  50 53 49
644  47 50 41  50 53 50
645  48 50 41  50 53 50
646  48 50 41  50 53 50
647  47 50 42  50 54 51
648  47 50 41  50 54 50
649  47 50 42  50 53 50
650  47 50 41  50 53 50
651  47 49 41  50 54 50
652  47 50 41  50 53 50
653  47 50 41  50 53 50
654  48 50 41  50 53 50
655  47 50 41  50 53 50
656  47 50 41  50 53 49
657  47 49 41  50 53 50
658  47 49 41  50 53 50
659  47 50 41  50 53 50
660  46 49 41  50 53 50
661  47 50 41  49 54 50
662  47 50 41  50 53 50
663  47 50 41  50 53 50
664  47 50 41  50 53 50
665  47 50 41  50 53 50
666  47 49 41  50 53 50
667  48 50 41  49 52 50
668  47 49 41  50 53 49
669  47 49 42  50 53 50
670  47 49 41  50 53 50
671  47 50 41  50 53 50
672  47 50 41  50 53 50
673  47 49 41  50 53 49
674  47 50 41  50 53 50
675  48 50 40  49 53 50
676  48 50 41  50 53 50
677  47 50 41  50 53 50
678  48 50 41  50 54 50
679  47 50 41  50 53 50
680  47 50 42  51 53 50
681  47 49 42  50 53 50
682  47 50 41  50 53 50
683  48 50 41  50 53 50
684  47 49 41  50 53 50
685  47 50 41  50 53 50
686  47 50 41  50 53 50
687  47 49 41  50 54 50
688  47 50 41  49 53 51
689  47 50 41  50 53 51
690  48 50 41  50 53 50
691  47 50 42  50 53 50
692  48 50 41  50 53 50
693  48 50 41  51 53 50
694  47 50 41  50 53 49
695  48 50 41  50 53 50
696  47 50 42  50 53 51
697  48 50 41  50 53 50
698  47 49 41  50 53 50
699  47 50 41  50 53 50
700  47 50 41  50 53 49
701  47 50 41  50 53 50
702  47 50 41  50 53 50
703  47 50 41  50 53 50
704  47 50 41  50 53 50
705  48 50 41  50 53 50
706  48 50 41  50 53 50
707  47 50 41  50 53 50
708  48 49 41  50 53 50
709  47 50 41  50 53 50
710  47 50 41  49 53 50
711  47 50 42  50 53 50
712  47 50 41  50 53 50
713  47 51 41  50 53 50
714  47 50 41  50 53 50
715  47 50 41  50 53 50
716  48 49 41  50 53 50
717  47 50 41  50 53 50
718  47 50 41  50 53 50
719  48 50 41  50 53 51
720  48 50 41  50 53 50
721  48 49 41  50 53 50
722  47 49 42  50 53 50
723  48 50 41  49 53 50
724  47 50 41  50 54 50
725  47 50 41  50 53 50
726  47 50 41  50 53 50
727  48 50 41  50 53 50
728  47 49 41  50 53 50
729  47 49 41  50 54 50
730  47 50 41  50 53 49
731  47 50 41  50 53 50
732  47 50 41  50 54 50
733  46 49 41  50 53 50
734  47 50 42  50 53 51
735  47 50 41  50 53 51
736  47 50 41  49 53 50
737  47 50 41  50 53 50
738  48 50 41  50 53 50
739  47 49 41  50 53 50
740  47 50 41  50 53 50
741  47 50 41  50 53 50
742  47 50 41  50 53 50
743  47 51 41  50 53 50
744  48 50 41  50 53 50
745  47 50 41  50 53 50
746  47 49 41  50 53 50
747  47 50 41  50 53 50
748  47 49 41  50 53 50
749  47 50 41  50 53 50
750  46 50 41  50 53 50
751  47 50 41  50 53 50
752  48 50 40  50 53 50
753  47 50 41  50 53 50
754  47 50 41  50 53 50
755  47 50 41  49 53 50
756  47 50 41  49 53 50
757  48 50 41  50 53 50
758  47 50 41  50 54 50
759  48 50 41  50 53 50
760  48 50 41  49 53 50
761  47 50 40  50 53 50
762  48 50 41  50 53 50
763  47 49 41  50 54 50
764  48 50 41  50 53 50
765  47 50 42  50 54 49
766  47 50 41  50 53 50
767  47 50 41  50 53 50
