0 0 0 0 0 0
1 0 1 0 1 0
2 0 2 0 2 0
3 0 3 0 3 0
4 0 4 0 4 0
5 0 5 0 5 0
6 0 6 0 6 0
7 0 7 0 7 0
8 0 8 0 8 0
9 0 9 0 9 0
10 0 10 0 10 0
11 0 11 0 11 0
12 0 12 0 12 0
13 0 13 0 13 0
14 0 14 0 14 0
15 0 15 0 15 0
16 0 16 0 16 0
17 0 17 0 17 0
18 0 18 0 18 0
19 0 19 0 19 0
20 0 20 0 20 0
21 0 21 0 21 0
22 0 22 0 22 0
23 0 23 0 23 0
24 0 24 0 24 0
25 0 25 0 25 0
26 0 26 0 26 0
27 0 27 0 27 0
28 0 28 0 28 0
29 0 29 0 29 0
30 0 30 0 30 0
31 0 31 0 31 0
32 0 32 0 32 0
33 0 33 0 33 0
34 0 34 0 34 0
35 0 35 0 35 0
36 0 36 0 36 0
37 0 37 0 37 0
38 0 38 0 38 0
39 0 39 0 39 0
40 0 40 0 40 0
41 0 41 0 41 7202
42 0 42 0 42 2044
43 0 43 0 43 10
44 0 44 0 44 0
45 0 45 0 45 0
46 0 46 0 46 0
47 0 47 0 47 0
48 0 48 0 48 0
49 0 49 0 49 0
50 0 50 52047 50 0
51 12289 51 22745 51 0
52 7708 52 0 52 0
53 7162 53 0 53 0
54 5560 54 0 54 0
55 4255 55 0 55 0
56 3225 56 0 56 0
57 2689 57 0 57 0
58 2013 58 0 58 0
59 1663 59 0 59 0
60 1363 60 0 60 0
61 1198 61 0 61 0
62 1053 62 0 62 0
63 942 63 0 63 0
64 784 64 0 64 0
65 692 65 0 65 0
66 690 66 0 66 0
67 617 67 0 67 0
68 576 68 0 68 0
69 550 69 0 69 0
70 483 70 0 70 0
71 522 71 0 71 0
72 462 72 0 72 0
73 438 73 0 73 0
74 452 74 0 74 0
75 421 75 0 75 0
76 363 76 0 76 0
77 361 77 0 77 0
78 418 78 0 78 0
79 412 79 0 79 0
80 398 80 0 80 0
81 396 81 0 81 0
82 352 82 0 82 0
83 376 83 0 83 0
84 354 84 0 84 0
85 369 85 0 85 0
86 387 86 0 86 0
87 365 87 0 87 0
88 384 88 0 88 0
89 372 89 0 89 0
90 335 90 0 90 0
91 307 91 0 91 0
92 334 92 0 92 0
93 297 93 0 93 0
94 316 94 0 94 0
95 337 95 0 95 0
96 273 96 0 96 0
97 291 97 0 97 0
98 280 98 0 98 0
99 272 99 0 99 0
100 805 100 0 100 0
101 797 101 0 101 0
102 700 102 0 102 0
103 584 103 0 103 0
104 547 104 0 104 0
105 461 105 0 105 0
106 402 106 0 106 0
107 372 107 0 107 0
108 384 108 0 108 0
109 333 109 0 109 0
110 265 110 0 110 0
111 257 111 0 111 0
112 243 112 0 112 0
113 164 113 0 113 0
114 212 114 0 114 0
115 175 115 0 115 0
116 130 116 0 116 0
117 149 117 0 117 0
118 113 118 0 118 0
119 96 119 0 119 0
120 89 120 0 120 0
121 76 121 0 121 0
122 83 122 0 122 0
123 67 123 0 123 0
124 49 124 0 124 0
125 53 125 0 125 0
126 62 126 0 126 0
127 56 127 0 127 0
128 53 128 0 128 0
129 49 129 0 129 0
130 46 130 0 130 0
131 41 131 0 131 0
132 27 132 0 132 0
133 33 133 0 133 0
134 30 134 0 134 0
135 24 135 0 135 0
136 24 136 0 136 0
137 17 137 0 137 0
138 28 138 0 138 0
139 31 139 0 139 0
140 28 140 0 140 0
141 14 141 0 141 0
142 24 142 0 142 0
143 23 143 0 143 0
144 9 144 0 144 0
145 11 145 0 145 0
146 17 146 0 146 0
147 12 147 0 147 0
148 19 148 0 148 0
149 352 149 0 149 0
