  0  54 44 56  44 49 53
  1  54 45 56  44 49 53
  2  55 45 56  44 50 54
  3  55 45 56  44 49 53
  4  55 45 56  44 49 54
  5  55 45 56  44 49 54
  6  55 44 57  45 49 54
  7  55 44 57  44 50 54
  8  55 45 57  44 50 54
  9  55 45 56  44 50 53
 10  55 45 57  44 50 53
 11  54 45 56  44 50 53
 12  55 44 57  44 50 53
 13  54 45 57  43 49 53
 14  55 45 56  44 50 53
 15  55 45 56  44 49 53
 16  55 45 57  44 49 54
 17  55 46 56  44 50 54
 18  54 44 56  44 50 54
 19  55 45 56  44 50 54
 20  54 45 56  44 50 54
 21  55 45 56  44 49 53
 22  55 45 57  44 50 53
 23  55 45 56  44 49 54
 24  55 45 57  44 50 54
 25  54 44 56  43 49 53
 26  55 45 56  44 50 54
 27  55 45 57  45 49 53
 28  54 44 56  44 49 53
 29  55 45 56  44 49 53
 30  55 46 57  45 49 54
 31  55 45 55  44 49 53
 32  55 45 56  44 49 53
 33  55 45 56  45 49 54
 34  54 45 56  43 50 53
 35  55 45 56  44 49 53
 36  55 45 57  44 50 53
 37  55 44 56  44 50 53
 38  55 45 56  44 50 54
 39  55 45 57  44 50 53
 40  54 44 56  44 49 53
 41  55 45 57  44 49 53
 42  55 45 57  44 49 53
 43  55 45 56  44 49 54
 44  55 44 56  43 49 53
 45  55 45 56  44 50 53
 46  55 45 56  44 49 53
 47  55 45 56  44 49 53
 48  55 45 57  44 50 53
 49  55 45 56  44 50 53
 50  55 45 57  43 50 53
 51  55 45 56  44 49 54
 52  55 45 63  44 49 54
 53  55 44 57  45 50 54
 54  55 45 57  44 49 54
 55  55 45 56  44 49 53
 56  54 44 56  44 50 53
 57  55 45 56  44 50 53
 58  55 45 57  44 50 53
 59  55 45 56  45 50 53
 60  55 45 57  45 49 53
 61  55 45 57  45 50 54
 62  55 45 56  44 49 54
 63  55 45 57  44 50 54
 64  54 45 57  44 50 54
 65  54 45 56  44 49 54
 66  55 45 56  44 49 53
 67  55 45 56  44 49 54
 68  54 44 56  43 49 53
 69  55 45 56  44 50 53
 70  54 45 57  45 50 54
 71  55 44 56  44 50 53
 72  55 45 57  45 50 53
 73  55 45 56  45 50 53
 74  54 45 56  44 49 53
 75  55 45 56  44 50 53
 76  54 45 56  44 50 53
 77  55 44 56  43 49 53
 78  55 45 56  44 49 54
 79  55 45 56  44 50 54
 80  55 45 56  44 50 53
 81  55 44 56  44 49 53
 82  55 45 56  44 50 54
 83  55 44 56  43 49 53
 84  55 45 56  44 50 54
 85  55 44 56  44 49 53
 86  55 45 57  44 50 53
 87  54 45 57  44 50 53
 88  55 45 56  44 50 53
 89  55 46 56  44 49 53
 90  55 46 56  44 49 53
 91  55 45 57  44 49 53
 92  55 45 56  44 49 54
 93  55 45 57  44 49 54
 94  55 45 56  45 50 54
 95  54 44 57  44 49 53
 96  55 46 56  44 49 53
 97  55 44 57  44 50 53
 98  54 45 56  44 49 53
 99  55 45 57  44 49 53
100  54 45 57  45 50 53
101  55 45 57  44 49 53
102  54 45 56  43 50 53
103  55 45 56  44 49 54
104  55 45 56  44 49 54
105  54 45 56  44 49 53
106  54 45 57  44 49 53
107  55 45 56  44 49 54
108  54 44 56  43 49 54
109  55 45 56  43 49 53
110  55 44 57  45 50 53
111  54 45 57  44 49 53
112  55 44 56  44 50 53
113  55 45 56  44 50 53
114  54 44 56  44 50 54
115  55 45 56  44 50 53
116  55 44 56  44 49 54
117  55 45 57  43 49 53
118  55 45 56  44 49 53
119  55 45 56  44 49 53
120  54 44 57  44 49 53
121  55 45 57  44 49 53
122  55 45 56  44 49 53
123  54 45 56  44 50 53
124  55 45 56  44 50 53
125  55 45 57  44 50 54
126  55 44 57  44 49 54
127  55 45 56  44 50 53
128  55 45 56  44 49 54
129  56 45 57  44 50 54
130  55 45 56  44 49 53
131  55 45 56  44 50 53
132  55 45 57  44 49 54
133  55 44 56  44 50 53
134  55 45 57  44 50 53
135  54 45 57  44 50 54
136  54 44 56  43 49 53
137  55 45 56  44 50 54
138  55 46 57  44 50 54
139  55 45 56  44 49 53
140  55 46 56  44 49 54
141  55 46 57  44 50 54
142  55 45 56  44 49 53
143  55 45 57  44 49 53
144  55 45 57  44 50 53
145  55 45 56  44 50 53
146  55 45 56  44 50 54
147  55 45 57  44 50 53
148  54 44 57  44 49 53
149  55 45 57  45 50 53
150  55 45 57  44 50 53
151  55 45 56  44 49 53
152  55 45 57  44 50 54
153  55 45 56  44 49 54
154  55 45 56  44 49 54
155  55 45 57  44 49 54
156  55 45 57  44 50 54
157  55 45 57  44 49 54
158  55 45 57  44 50 53
159  55 44 56  44 49 53
160  55 45 57  45 50 53
161  55 45 57  44 49 54
162  55 45 56  45 49 54
163  55 45 56  44 49 53
164  55 45 57  44 49 53
165  55 45 56  44 49 54
166  55 44 57  44 49 53
167  55 45 56  44 49 53
168  54 45 56  44 50 53
169  55 45 56  44 50 53
170  54 45 57  44 50 54
171  55 45 56  44 50 54
172  55 45 57  44 50 53
173  55 45 56  43 49 54
174  55 45 56  44 49 53
175  56 45 57  45 50 54
176  55 45 56  44 49 53
177  55 45 56  44 49 53
178  55 45 57  44 50 53
179  55 45 57  44 49 53
180  55 45 57  44 50 53
181  54 45 57  44 49 53
182  54 44 56  43 49 54
183  54 45 57  44 50 53
184  55 45 57  44 50 54
185  55 45 56  44 50 54
186  55 45 56  44 49 54
187  55 45 56  44 49 54
188  55 45 56  44 50 53
189  55 45 56  44 49 53
190  55 45 57  44 49 53
191  55 45 57  44 50 53
192  55 45 57  44 50 53
193  55 45 57  44 50 54
194  54 45 56  44 50 53
195  54 44 56  44 49 53
196  54 45 56  44 49 54
197  54 45 56  44 49 53
198  55 45 56  45 50 53
199  54 45 56  44 50 53
200  54 45 56  44 50 54
201  55 45 56  44 49 53
202  55 45 56  44 50 53
203  55 45 56  44 49 53
204  54 45 56  44 49 54
205  54 45 56  44 50 54
206  55 45 56  44 50 53
207  55 44 57  44 49 53
208  55 45 57  44 50 53
209  55 45 57  44 50 53
210  54 44 57  44 50 53
211  55 45 56  45 49 54
212  55 45 57  45 50 53
213  56 45 56  44 49 53
214  55 45 56  44 50 54
215  55 46 57  44 50 54
216  54 45 57  43 49 53
217  55 46 56  44 49 53
218  55 45 57  44 50 53
219  54 45 57  44 49 54
220  55 45 57  44 49 54
221  56 45 57  44 49 54
222  54 44 56  43 49 53
223  55 45 56  44 50 53
224  55 44 56  44 50 54
225  54 44 56  44 49 53
226  55 45 57  44 50 54
227  54 46 56  44 50 54
228  55 45 56  44 49 54
229  55 45 57  44 49 54
230  55 45 56  44 50 53
231  55 45 56  44 49 53
232  55 45 56  44 49 53
233  55 45 57  44 50 54
234  55 45 56  44 49 54
235  54 45 56  43 50 53
236  55 45 56  45 50 53
237  55 44 56  44 49 53
238  55 45 57  44 49 53
239  55 44 56  44 49 53
240  55 45 57  44 49 53
241  76 243 64  46 61 54
242  289 338 196  49 56 58
243  158 176 150  47 52 56
244  131 136 129  46 51 56
245  90 95 103  44 51 55
246  88 68 84  44 50 54
247  61 70 91  45 50 54
248  86 62 63  45 50 53
249  63 53 63  45 50 53
250  60 46 61  44 50 53
251  58 49 57  44 49 53
252  55 45 58  44 50 53
253  58 46 57  44 49 54
254  55 46 58  44 50 53
255  55 45 57  45 50 54
256  55 45 57  44 50 54
257  55 45 56  44 50 53
258  55 45 57  44 49 54
259  55 45 57  43 49 53
260  55 45 56  44 49 53
261  55 45 56  44 50 53
262  55 45 56  44 49 53
263  55 45 56  44 50 53
264  55 45 56  44 49 53
265  56 45 57  44 49 54
266  54 45 56  44 50 54
267  55 45 57  44 49 53
268  55 46 57  44 49 53
269  55 45 57  43 49 54
270  55 45 56  43 49 53
271  54 45 56  44 49 53
272  55 45 57  44 50 53
273  55 45 56  44 49 53
274  54 45 57  44 50 53
275  55 45 56  44 50 53
276  55 44 56  44 50 53
277  54 45 56  44 50 53
278  55 45 56  44 49 54
279  55 45 56  44 49 53
280  54 45 56  44 49 53
281  55 44 56  44 50 53
282  55 45 56  44 49 53
283  55 45 56  44 50 54
284  54 44 56  44 49 53
285  54 45 56  44 49 53
286  54 45 56  44 49 54
287  54 45 56  43 49 54
288  55 45 57  43 49 53
289  55 45 56  44 49 53
290  55 45 56  44 50 53
291  55 45 56  44 50 54
292  55 45 56  45 49 53
293  55 44 57  44 49 53
294  54 44 56  44 50 53
295  55 45 56  43 50 53
296  55 45 56  44 50 53
297  54 45 56  44 50 54
298  55 45 56  44 49 53
299  55 45 56  44 49 53
300  55 45 56  44 50 54
301  54 45 56  44 49 53
302  55 45 56  44 49 53
303  54 45 56  44 50 53
304  55 45 56  44 50 53
305  55 45 56  44 50 53
306  55 45 56  44 49 53
307  55 45 57  44 49 53
308  55 45 57  44 50 54
309  55 45 57  44 49 54
310  55 45 57  44 50 53
311  54 44 56  44 50 54
312  55 45 57  44 49 54
313  55 45 57  44 49 53
314  55 45 56  44 50 54
315  55 45 55  44 49 53
316  56 45 56  44 50 53
317  55 45 56  44 50 53
318  55 45 57  44 49 53
319  55 44 56  44 49 53
320  55 45 56  44 49 53
321  55 44 56  44 49 53
322  54 45 56  44 50 54
323  54 46 57  45 50 54
324  55 45 56  44 50 53
325  55 45 56  44 49 54
326  55 45 57  44 50 54
327  54 45 56  44 50 53
328  54 45 56  44 50 53
329  55 44 57  44 50 54
330  55 45 57  44 50 53
331  54 44 56  44 49 53
332  55 45 56  44 49 54
333  54 44 56  44 49 53
334  54 44 57  44 50 53
335  54 44 56  44 50 53
336  55 45 56  44 50 53
337  54 45 57  44 49 54
338  55 45 56  44 49 53
339  54 46 57  44 50 53
340  54 45 56  44 49 53
341  55 45 57  44 49 54
342  54 44 57  44 50 53
343  55 45 57  44 49 53
344  54 44 56  44 49 53
345  54 44 56  44 49 53
346  54 44 55  44 50 54
347  55 45 56  44 50 53
348  55 45 56  44 49 53
349  55 45 56  44 49 53
350  55 45 56  44 49 53
351  55 45 57  44 50 54
352  55 45 57  44 49 53
353  55 45 56  44 50 53
354  54 45 57  44 49 54
355  55 44 57  45 49 53
356  55 45 56  45 49 54
357  54 45 57  44 49 54
358  54 45 56  44 49 54
359  54 45 56  44 49 53
360  54 45 56  44 49 53
361  55 44 57  43 50 53
362  55 45 56  44 49 53
363  55 44 56  44 50 54
364  55 45 56  44 50 54
365  55 44 56  43 50 53
366  55 45 56  44 50 53
367  54 44 57  44 49 53
368  55 45 56  44 49 53
369  55 45 56  44 49 53
370  55 44 56  44 50 53
371  55 44 57  44 49 53
372  55 45 57  44 50 54
373  54 44 56  43 49 54
374  55 45 56  44 50 53
375  55 45 56  44 50 53
376  55 44 57  44 50 54
377  55 45 56  44 49 53
378  54 45 57  45 50 53
379  55 44 57  44 49 53
380  55 45 56  44 49 53
381  55 44 57  44 49 54
382  54 44 56  44 49 53
383  55 45 56  44 49 53
384  55 45 56  44 49 53
385  54 44 56  44 49 54
386  55 45 56  44 50 54
387  54 45 56  44 50 53
388  55 45 56  44 49 53
389  55 44 56  44 49 53
390  55 45 57  44 50 54
391  54 44 56  45 50 53
392  55 45 56  44 50 54
393  55 45 57  44 50 53
394  55 44 56  44 50 53
395  54 44 56  44 50 54
396  55 45 56  44 49 54
397  55 45 56  43 50 54
398  55 44 56  43 50 54
399  55 45 56  44 50 53
400  55 45 57  44 50 54
401  55 45 56  44 49 53
402  54 45 57  44 49 53
403  55 45 56  44 50 53
404  54 44 56  44 50 53
405  55 44 56  43 50 53
406  55 45 57  44 50 54
407  54 44 56  44 49 53
408  54 44 57  44 49 53
409  55 45 56  45 49 54
410  55 45 57  44 50 54
411  55 44 56  44 49 53
412  55 45 56  43 49 54
413  54 45 56  44 49 53
414  54 45 56  44 50 53
415  54 45 56  45 49 53
416  54 45 56  44 49 53
417  55 44 56  44 49 53
418  55 45 56  44 49 53
419  54 45 57  44 50 54
420  54 45 57  44 50 53
421  54 44 57  44 50 53
422  55 45 56  44 50 53
423  54 45 56  44 50 53
424  54 44 56  44 50 53
425  55 45 57  44 49 53
426  55 44 56  44 49 53
427  55 45 56  45 50 54
428  55 45 56  44 49 54
429  54 45 57  45 49 53
430  55 45 56  44 49 53
431  55 45 57  44 49 53
432  54 45 56  44 49 53
433  55 46 56  44 49 53
434  55 44 56  43 49 53
435  54 45 56  43 50 53
436  54 45 56  44 50 53
437  55 45 56  44 50 53
438  54 45 56  44 50 53
439  55 44 56  44 50 53
440  55 45 57  44 50 54
441  55 45 57  44 49 54
442  55 45 57  44 49 53
443  55 45 56  44 50 54
444  54 45 57  44 49 54
445  54 45 57  44 50 53
446  55 45 57  44 49 53
447  55 44 56  44 49 53
448  54 44 56  44 49 53
449  54 45 56  44 50 53
450  55 45 57  44 50 54
451  55 43 56  44 49 54
452  55 45 57  44 50 54
453  55 44 56  44 50 54
454  55 45 56  44 50 54
455  55 44 56  44 49 53
456  54 45 57  44 49 53
457  55 45 56  44 49 53
458  54 44 56  44 50 53
459  54 45 56  44 49 53
460  55 45 57  44 50 54
461  54 45 56  44 50 54
462  55 45 56  45 49 54
463  54 45 56  44 49 53
464  54 44 56  44 50 54
465  55 45 57  44 50 53
466  54 45 56  44 49 54
467  55 45 56  44 50 53
468  55 44 56  44 49 53
469  54 44 56  44 49 53
470  54 44 56  44 49 53
471  55 45 57  45 49 53
472  54 45 56  44 49 53
473  54 45 56  44 49 53
474  55 45 56  44 50 53
475  54 45 56  44 49 53
476  54 45 56  44 50 54
477  54 45 57  44 50 53
478  54 44 56  45 49 53
479  55 44 56  44 50 53
480  55 45 56  44 50 53
481  54 44 56  44 50 53
482  54 44 56  44 49 53
483  55 45 56  44 50 53
484  55 45 56  44 50 53
485  55 45 57  44 50 53
486  54 45 57  45 50 54
487  55 44 56  45 50 53
488  55 45 57  44 49 53
489  55 44 57  44 50 54
490  55 45 57  44 50 54
491  55 45 56  44 50 53
492  54 45 57  44 49 53
493  55 45 56  44 50 53
494  54 45 56  44 49 53
495  55 44 56  44 49 53
496  55 44 57  44 49 53
497  55 44 56  44 49 53
498  55 45 57  44 50 53
499  55 45 57  44 50 53
500  55 44 56  44 50 53
501  55 45 57  45 50 53
502  55 45 57  44 50 53
503  54 45 57  45 50 54
504  55 44 56  44 49 53
505  54 45 57  44 50 53
506  55 45 56  44 50 54
507  55 45 56  44 49 53
508  55 45 56  44 50 54
509  54 45 57  44 50 53
510  54 44 56  44 49 53
511  55 44 57  44 49 54
512  55 44 56  44 49 54
513  55 45 56  44 49 53
514  54 45 57  44 49 54
515  54 45 56  44 49 54
516  55 44 57  44 50 53
517  54 45 56  44 50 53
518  55 45 57  44 50 53
519  55 45 56  44 50 53
520  55 45 57  44 50 54
521  55 45 56  44 50 53
522  55 43 56  44 49 53
523  55 45 57  44 49 53
524  55 44 56  44 50 53
525  55 45 56  44 50 53
526  55 44 57  44 49 53
527  54 45 56  43 49 54
528  55 45 57  45 49 54
529  55 45 57  44 50 53
530  54 45 56  44 50 54
531  55 45 56  44 49 53
532  55 45 56  44 49 53
533  55 45 56  44 50 53
534  54 44 56  44 50 53
535  55 45 56  44 49 53
536  55 45 56  44 49 53
537  54 44 57  44 50 53
538  55 45 56  44 50 53
539  55 45 57  44 49 53
540  55 45 57  44 50 54
541  54 44 56  45 49 53
542  55 45 57  44 50 54
543  54 45 57  44 50 53
544  55 45 56  44 50 54
545  55 45 56  43 49 53
546  55 45 57  44 50 53
547  54 44 56  44 49 53
548  55 44 57  44 49 54
549  55 44 56  43 49 53
550  54 45 56  44 49 53
551  55 45 57  44 49 53
552  55 45 57  44 49 54
553  54 44 57  44 49 53
554  55 45 57  44 50 54
555  54 45 56  44 50 53
556  54 45 56  44 50 54
557  55 45 57  44 50 53
558  55 45 57  43 50 53
559  54 45 57  44 50 53
560  54 45 56  44 50 54
561  54 45 56  44 50 54
562  55 45 56  44 50 53
563  55 45 57  45 49 53
564  55 45 57  44 50 53
565  55 44 57  45 50 54
566  55 45 56  44 49 53
567  54 45 57  44 49 54
568  54 44 56  44 49 53
569  55 44 57  44 49 54
570  55 45 55  44 49 53
571  55 45 57  44 50 53
572  54 45 56  44 49 54
573  55 44 56  44 49 53
574  54 44 56  43 50 53
575  54 45 56  44 50 53
576  55 45 56  44 50 53
577  55 45 56  44 50 54
578  55 45 56  44 49 54
579  55 44 56  44 50 53
580  54 45 56  44 50 54
581  55 45 57  44 49 53
582  55 45 56  44 49 53
583  55 45 57  44 49 53
584  55 45 57  44 49 53
585  55 45 56  44 49 54
586  55 45 56  44 50 53
587  55 44 56  44 49 53
588  55 45 57  44 49 53
589  54 45 56  44 49 53
590  55 45 57  44 49 54
591  55 45 56  44 50 53
592  55 45 56  44 49 53
593  55 44 56  44 49 54
594  55 45 56  44 50 53
595  54 44 56  44 49 54
596  55 44 56  44 49 53
597  56 45 56  44 49 53
598  55 45 57  44 50 53
599  55 44 56  44 49 54
600  55 45 56  44 49 53
601  55 44 56  44 49 53
602  55 45 56  45 49 53
603  54 45 57  45 50 53
604  55 45 57  44 49 53
605  55 44 56  44 49 53
606  55 45 57  44 49 53
607  55 45 56  44 50 54
608  55 45 56  44 49 53
609  55 45 57  44 49 54
610  55 44 56  44 49 54
611  55 44 56  44 50 53
612  54 45 57  45 50 54
613  54 45 56  44 50 53
614  55 45 56  44 49 53
615  55 44 57  44 50 53
616  54 44 56  44 50 54
617  55 44 56  44 49 53
618  55 45 56  44 49 53
619  54 45 56  44 49 53
620  54 44 57  44 49 54
621  54 44 57  44 50 54
622  54 44 56  44 50 53
623  55 45 56  44 49 53
624  55 44 56  44 49 53
625  55 45 56  44 50 54
626  55 44 57  44 50 53
627  55 45 56  44 49 53
628  55 45 57  44 50 53
629  54 44 56  44 49 53
630  55 44 57  43 49 53
631  55 45 56  44 49 53
632  54 44 57  44 50 53
633  55 45 57  44 50 53
634  55 44 57  44 49 53
635  55 45 57  44 50 53
636  54 45 56  44 49 54
637  54 44 56  44 50 53
638  54 44 56  44 50 53
639  54 45 57  44 50 53
640  55 44 57  44 49 54
641  55 44 57  44 50 53
642  54 45 57  44 50 53
643  55 45 57  44 49 53
644  54 43 57  44 49 53
645  55 45 57  44 50 53
646  55 44 57  44 50 53
647  55 44 56  44 50 53
648  54 45 57  44 49 53
649  54 45 57  44 50 54
650  54 45 57  45 50 54
651  54 45 57  44 50 53
652  55 44 57  44 49 54
653  55 45 57  45 50 54
654  55 44 57  44 49 53
655  55 45 57  44 49 53
656  55 45 56  44 50 53
657  54 44 56  44 50 53
658  55 44 56  44 49 53
659  55 45 56  44 49 54
660  54 44 57  44 49 54
661  54 45 57  44 49 54
662  55 45 56  44 50 54
663  54 44 57  44 50 53
664  55 45 57  44 49 53
665  55 45 57  44 50 54
666  54 45 57  44 50 53
667  54 45 56  44 49 53
668  54 45 57  44 50 54
669  54 44 56  44 49 53
670  55 45 56  44 49 54
671  54 45 56  44 49 54
672  55 44 56  44 50 53
673  55 45 56  44 49 53
674  54 45 56  44 49 53
675  55 44 56  44 49 54
676  55 45 56  45 50 53
677  54 45 56  44 49 53
678  55 45 56  45 50 54
679  55 44 56  44 49 53
680  55 45 57  44 49 54
681  54 45 56  44 49 53
682  54 45 56  44 49 53
683  55 45 56  44 49 54
684  55 45 57  44 50 53
685  55 45 56  44 49 53
686  55 44 56  45 50 53
687  55 45 56  44 50 53
688  55 45 57  45 50 53
689  55 44 56  44 50 53
690  54 44 56  44 50 54
691  55 45 56  44 49 53
692  55 44 57  44 49 54
693  55 45 56  44 49 53
694  54 45 57  44 50 53
695  54 44 57  44 50 53
696  55 45 57  44 50 54
697  54 45 56  44 49 54
698  54 44 57  44 49 53
699  55 45 56  44 50 53
700  54 45 57  44 50 54
701  55 44 57  44 49 53
702  55 44 57  44 50 54
703  55 45 56  44 49 53
704  55 44 56  44 49 53
705  55 45 56  44 49 53
706  55 44 56  44 50 53
707  54 45 56  44 50 53
708  54 45 56  44 49 53
709  55 45 56  44 49 53
710  54 45 56  45 50 53
711  54 45 57  44 50 54
712  55 44 57  44 49 54
713  55 45 56  45 49 53
714  55 44 56  44 49 54
715  54 45 57  45 50 53
716  54 45 56  44 50 54
717  55 45 56  44 50 53
718  54 44 56  44 49 53
719  55 45 56  44 49 53
720  55 45 56  44 50 53
721  54 45 56  44 50 53
722  54 44 56  44 50 54
723  55 45 57  44 50 53
724  55 45 57  44 49 53
725  55 45 57  45 50 53
726  55 45 56  45 50 53
727  55 45 57  45 50 53
728  55 44 56  44 49 53
729  54 45 56  44 50 53
730  54 45 56  44 49 53
731  55 45 56  44 49 53
732  55 44 56  44 50 53
733  55 45 56  44 50 54
734  55 45 57  44 49 53
735  55 45 56  44 49 53
736  55 44 56  44 50 53
737  55 45 56  44 50 53
738  55 44 57  45 50 53
739  55 45 57  44 50 53
740  55 44 56  44 49 53
741  55 45 56  44 49 53
742  55 44 57  45 50 53
743  55 44 57  44 50 53
744  54 45 57  44 49 53
745  55 45 57  44 50 53
746  55 45 56  44 49 53
747  54 44 56  45 50 53
748  55 44 56  44 50 53
749  55 45 56  44 50 53
750  55 45 56  44 49 54
751  54 44 57  44 50 53
752  55 45 56  44 49 54
753  55 45 56  44 50 53
754  55 45 57  44 50 53
755  55 45 56  45 50 53
756  54 45 56  44 49 53
757  54 45 56  44 49 53
758  54 45 56  44 49 53
759  54 44 56  44 49 53
760  55 45 57  44 49 53
761  55 45 56  44 50 54
762  55 45 56  44 49 54
763  55 45 56  44 49 53
764  54 44 56  44 50 54
765  55 45 57  44 50 54
766  55 45 57  44 50 54
767  54 45 57  44 49 53
