54 0 44 0 56 0
55 0 45 0 57 0
56 0 46 0 58 0
57 0 47 0 59 0
58 1150 48 978 60 1461
59 1655 49 1636 61 2346
60 2120 50 2176 62 2863
61 2608 51 2510 63 3279
62 2938 52 2912 64 3610
63 3161 53 3190 65 3704
64 3404 54 3405 66 3645
65 3383 55 3688 67 3777
66 3275 56 3369 68 3546
67 3191 57 3278 69 3552
68 3041 58 3145 70 3327
69 3054 59 3138 71 3269
70 3017 60 2934 72 3119
71 2857 61 2946 73 3023
72 2625 62 2819 74 2920
73 2488 63 2704 75 2911
74 2526 64 2798 76 2815
75 2441 65 2588 77 2659
76 2328 66 2683 78 2254
77 2264 67 2555 79 2753
78 1925 68 2532 80 2684
79 2419 69 2562 81 2770
80 2357 70 2615 82 2687
81 2322 71 2540 83 2702
82 2434 72 2531 84 2770
83 2412 73 2636 85 2799
84 2381 74 2473 86 2794
85 2397 75 2582 87 2719
86 2387 76 2573 88 2863
87 2470 77 2308 89 3057
88 2463 78 2314 90 2718
89 2729 79 2533 91 2709
90 2551 80 2547 92 2737
91 2539 81 2634 93 2784
92 2438 82 2553 94 2705
93 2460 83 2561 95 2667
94 2394 84 2476 96 2568
95 2360 85 2476 97 2488
96 2346 86 2508 98 2594
97 2424 87 2523 99 2401
98 2343 88 2468 100 2340
99 2309 89 2392 101 2292
100 2187 90 2176 102 2220
101 2240 91 2158 103 2254
102 2221 92 2113 104 2142
103 2148 93 2093 105 2105
104 2071 94 2040 106 1946
105 2119 95 1983 107 1834
106 2000 96 1804 108 1860
107 1963 97 1883 109 1771
108 1715 98 1762 110 1750
109 1843 99 1704 111 1642
110 1836 100 1755 112 1466
111 1672 101 1660 113 1528
112 1656 102 1621 114 1366
113 1545 103 1461 115 1350
114 1496 104 1487 116 1119
115 1149 105 1425 117 1116
116 1408 106 1341 118 1215
117 1374 107 1294 119 1185
118 1302 108 1049 120 1069
119 1303 109 1177 121 1105
120 1299 110 1250 122 1025
121 1234 111 1069 123 946
122 1110 112 1045 124 905
123 1054 113 1027 125 930
124 1006 114 1038 126 854
125 1071 115 979 127 849
126 991 116 869 128 778
127 971 117 877 129 736
128 932 118 868 130 707
129 871 119 842 131 695
130 901 120 815 132 691
131 778 121 774 133 616
132 759 122 703 134 580
133 781 123 702 135 565
134 810 124 625 136 609
135 691 125 639 137 565
136 658 126 650 138 468
137 685 127 567 139 482
138 668 128 588 140 436
139 581 129 581 141 418
140 571 130 558 142 346
141 564 131 546 143 402
142 450 132 515 144 396
143 517 133 494 145 339
144 527 134 493 146 374
145 472 135 445 147 348
146 489 136 428 148 328
147 465 137 422 149 309
148 439 138 383 150 325
149 452 139 382 151 289
150 438 140 371 152 262
151 413 141 362 153 276
152 387 142 307 154 273
153 402 143 326 155 255
154 1003 144 934 156 757
155 888 145 877 157 635
156 849 146 774 158 544
157 791 147 703 159 511
158 743 148 585 160 480
159 657 149 584 161 403
160 583 150 504 162 409
161 477 151 440 163 332
162 355 152 428 164 284
163 442 153 351 165 302
164 416 154 355 166 248
165 353 155 326 167 264
166 368 156 270 168 218
167 328 157 287 169 199
168 273 158 249 170 214
169 258 159 241 171 173
170 246 160 230 172 159
171 217 161 224 173 148
172 203 162 187 174 172
173 185 163 174 175 124
174 194 164 141 176 137
175 164 165 150 177 99
176 164 166 143 178 105
177 137 167 136 179 114
178 146 168 126 180 113
179 104 169 125 181 83
180 116 170 108 182 81
181 93 171 106 183 89
182 99 172 96 184 78
183 97 173 78 185 53
184 105 174 87 186 66
185 86 175 67 187 67
186 78 176 83 188 59
187 93 177 71 189 51
188 84 178 61 190 57
189 95 179 56 191 43
190 65 180 56 192 52
191 60 181 69 193 58
192 48 182 45 194 41
193 61 183 38 195 44
194 48 184 54 196 39
195 52 185 43 197 31
196 48 186 47 198 41
197 35 187 43 199 34
198 42 188 46 200 28
199 35 189 45 201 32
200 44 190 27 202 32
201 44 191 43 203 28
202 32 192 33 204 31
203 970 193 884 205 682
