0 1296243 1061117 1333978
25 1298044 1061584 1333846
50 1628368 1184428 1417949
75 2161307 1892796 2131748
100 1912058 1731130 1975957
125 1687866 1501554 1753491
150 1542163 1345050 1600934
175 1450711 1239726 1501907
200 1386554 1174763 1441593
225 1348984 1129460 1397943
250 1328241 1102815 1373652
275 1315266 1086516 1360343
300 1306624 1076589 1352027
325 1302169 1071657 1345659
350 1299634 1067976 1342081
375 1298622 1065012 1339913
400 1298280 1064382 1339289
425 1297327 1063198 1338126
450 1297341 1062958 1337616
475 1297414 1062835 1336989
