1096 26 896 10 1127 10 3120 0
1097 52 897 15 1128 13 3121 0
1098 130 898 34 1129 24 3122 0
1099 182 899 81 1130 62 3123 9
1100 330 900 128 1131 116 3124 27
1101 384 901 221 1132 193 3125 66
1102 483 902 299 1133 243 3126 120
1103 606 903 411 1134 363 3127 180
1104 632 904 511 1135 402 3128 247
1105 754 905 590 1136 517 3129 299
1106 796 906 622 1137 630 3130 394
1107 935 907 788 1138 744 3131 547
1108 1000 908 759 1139 813 3132 587
1109 1035 909 847 1140 895 3133 690
1110 1060 910 919 1141 907 3134 761
1111 1117 911 1026 1142 1043 3135 830
1112 1127 912 1001 1143 1123 3136 1002
1113 1209 913 1079 1144 1198 3137 988
1114 1197 914 1073 1145 1196 3138 1150
1115 1197 915 1084 1146 1254 3139 1202
1116 1253 916 1071 1147 1233 3140 1294
1117 1236 917 1107 1148 1294 3141 1278
1118 1246 918 1148 1149 1383 3142 1343
1119 1308 919 1179 1150 1348 3143 1365
1120 1227 920 1153 1151 1349 3144 1429
1121 1259 921 1200 1152 1344 3145 1385
1122 1238 922 1220 1153 1331 3146 1365
1123 1190 923 1238 1154 1301 3147 1403
1124 1142 924 1162 1155 1303 3148 1347
1125 1163 925 1194 1156 1281 3149 1335
1126 1181 926 1189 1157 1255 3150 1343
1127 1075 927 1221 1158 1268 3151 1378
1128 1111 928 1212 1159 1238 3152 1334
1129 1136 929 1119 1160 1225 3153 1310
1130 1079 930 1125 1161 1188 3154 1266
1131 1068 931 1096 1162 1216 3155 1263
1132 1097 932 1134 1163 1196 3156 1219
1133 980 933 1050 1164 1118 3157 1147
1134 1063 934 1050 1165 1127 3158 1155
1135 981 935 1062 1166 1099 3159 1123
1136 987 936 990 1167 1029 3160 1113
1137 966 937 1041 1168 1088 3161 1041
1138 936 938 1005 1169 1019 3162 1010
1139 940 939 977 1170 991 3163 999
1140 957 940 945 1171 1051 3164 981
1141 869 941 963 1172 997 3165 970
1142 913 942 943 1173 977 3166 902
1143 871 943 930 1174 931 3167 934
1144 861 944 873 1175 960 3168 889
1145 890 945 919 1176 934 3169 933
1146 812 946 940 1177 899 3170 853
1147 782 947 887 1178 898 3171 881
1148 809 948 873 1179 907 3172 847
1149 763 949 813 1180 874 3173 907
1150 844 950 867 1181 846 3174 809
1151 726 951 878 1182 805 3175 778
1152 785 952 837 1183 866 3176 824
1153 753 953 781 1184 834 3177 796
1154 752 954 832 1185 869 3178 777
1155 752 955 830 1186 784 3179 742
1156 722 956 760 1187 792 3180 706
1157 734 957 779 1188 800 3181 696
1158 778 958 777 1189 789 3182 704
1159 713 959 805 1190 840 3183 727
1160 728 960 787 1191 820 3184 700
1161 732 961 765 1192 812 3185 679
1162 741 962 769 1193 748 3186 692
1163 723 963 673 1194 798 3187 685
1164 751 964 707 1195 758 3188 683
1165 719 965 751 1196 776 3189 631
1166 720 966 728 1197 756 3190 612
1167 717 967 730 1198 790 3191 623
1168 727 968 729 1199 792 3192 657
1169 703 969 731 1200 807 3193 635
1170 687 970 772 1201 804 3194 635
1171 702 971 720 1202 842 3195 613
1172 748 972 733 1203 837 3196 629
1173 713 973 739 1204 767 3197 589
1174 741 974 736 1205 758 3198 580
1175 733 975 806 1206 793 3199 580
1176 732 976 732 1207 835 3200 629
1177 775 977 716 1208 835 3201 636
1178 713 978 742 1209 831 3202 610
1179 817 979 728 1210 863 3203 588
1180 739 980 760 1211 854 3204 590
1181 779 981 722 1212 867 3205 533
1182 742 982 777 1213 893 3206 549
1183 778 983 835 1214 830 3207 642
1184 847 984 762 1215 791 3208 599
1185 777 985 802 1216 874 3209 562
1186 738 986 846 1217 860 3210 561
1187 793 987 765 1218 893 3211 573
1188 784 988 799 1219 901 3212 615
1189 808 989 745 1220 899 3213 633
1190 777 990 844 1221 947 3214 636
1191 810 991 790 1222 874 3215 650
1192 847 992 859 1223 865 3216 637
1193 749 993 835 1224 943 3217 668
1194 828 994 873 1225 949 3218 682
1195 834 995 845 1226 967 3219 647
1196 826 996 808 1227 945 3220 748
1197 883 997 829 1228 930 3221 715
1198 891 998 875 1229 937 3222 775
1199 840 999 894 1230 921 3223 735
1200 873 1000 843 1231 963 3224 746
1201 814 1001 810 1232 1014 3225 824
1202 838 1002 853 1233 986 3226 830
1203 880 1003 856 1234 975 3227 873
1204 895 1004 878 1235 976 3228 879
1205 830 1005 896 1236 1020 3229 883
1206 879 1006 915 1237 1030 3230 898
1207 939 1007 906 1238 1023 3231 943
1208 877 1008 916 1239 975 3232 908
1209 879 1009 890 1240 959 3233 937
1210 913 1010 860 1241 957 3234 1013
1211 890 1011 864 1242 1009 3235 947
1212 867 1012 931 1243 964 3236 1023
1213 880 1013 920 1244 983 3237 1081
1214 880 1014 891 1245 989 3238 1061
1215 934 1015 876 1246 1005 3239 1116
1216 873 1016 908 1247 1011 3240 1064
1217 902 1017 877 1248 946 3241 1129
1218 844 1018 943 1249 973 3242 1124
1219 891 1019 920 1250 954 3243 1116
1220 882 1020 891 1251 973 3244 1121
1221 929 1021 863 1252 1013 3245 1196
1222 903 1022 870 1253 890 3246 1253
1223 899 1023 876 1254 904 3247 1136
1224 866 1024 879 1255 889 3248 1248
1225 878 1025 822 1256 899 3249 1227
1226 817 1026 897 1257 913 3250 1244
1227 907 1027 852 1258 907 3251 1237
1228 873 1028 904 1259 920 3252 1167
1229 858 1029 859 1260 951 3253 1207
1230 851 1030 865 1261 884 3254 1172
1231 854 1031 852 1262 873 3255 1129
1232 753 1032 832 1263 867 3256 1168
1233 845 1033 817 1264 863 3257 1161
1234 847 1034 855 1265 856 3258 1165
1235 804 1035 850 1266 872 3259 1184
1236 846 1036 832 1267 792 3260 1116
1237 769 1037 787 1268 804 3261 1137
1238 751 1038 842 1269 832 3262 1156
1239 792 1039 841 1270 789 3263 1135
1240 776 1040 776 1271 754 3264 1131
1241 836 1041 804 1272 803 3265 1049
1242 806 1042 844 1273 718 3266 1038
1243 753 1043 767 1274 803 3267 1078
1244 723 1044 737 1275 789 3268 1000
1245 713 1045 757 1276 745 3269 1011
1246 738 1046 761 1277 711 3270 963
1247 796 1047 693 1278 690 3271 980
1248 724 1048 726 1279 713 3272 908
1249 747 1049 711 1280 676 3273 898
1250 711 1050 715 1281 719 3274 897
1251 656 1051 727 1282 628 3275 918
1252 711 1052 710 1283 701 3276 826
1253 716 1053 700 1284 664 3277 826
1254 758 1054 689 1285 665 3278 807
1255 654 1055 698 1286 650 3279 814
1256 659 1056 670 1287 659 3280 761
1257 628 1057 718 1288 616 3281 757
1258 604 1058 632 1289 628 3282 770
1259 645 1059 654 1290 613 3283 716
1260 618 1060 651 1291 578 3284 705
1261 671 1061 618 1292 573 3285 744
1262 604 1062 670 1293 595 3286 676
1263 583 1063 612 1294 627 3287 691
1264 548 1064 602 1295 583 3288 669
1265 583 1065 611 1296 554 3289 646
1266 558 1066 562 1297 522 3290 621
1267 595 1067 571 1298 471 3291 609
1268 592 1068 580 1299 488 3292 596
1269 565 1069 566 1300 489 3293 546
1270 539 1070 566 1301 510 3294 540
1271 542 1071 561 1302 470 3295 558
1272 580 1072 539 1303 484 3296 547
1273 547 1073 570 1304 458 3297 492
1274 525 1074 548 1305 451 3298 490
1275 469 1075 503 1306 469 3299 521
1276 493 1076 549 1307 449 3300 489
1277 497 1077 485 1308 449 3301 440
1278 514 1078 476 1309 420 3302 472
1279 499 1079 476 1310 427 3303 427
1280 449 1080 461 1311 407 3304 422
1281 497 1081 482 1312 426 3305 446
1282 475 1082 469 1313 413 3306 452
1283 453 1083 491 1314 377 3307 399
1284 451 1084 445 1315 406 3308 390
1285 402 1085 397 1316 413 3309 412
1286 433 1086 451 1317 365 3310 402
1287 431 1087 416 1318 335 3311 390
1288 425 1088 433 1319 376 3312 367
1289 415 1089 420 1320 317 3313 364
1290 378 1090 423 1321 338 3314 329
1291 424 1091 392 1322 350 3315 334
1292 366 1092 420 1323 310 3316 306
1293 396 1093 393 1324 314 3317 332
1294 391 1094 375 1325 327 3318 345
1295 357 1095 365 1326 287 3319 306
1296 363 1096 327 1327 314 3320 290
1297 347 1097 376 1328 307 3321 325
1298 357 1098 338 1329 330 3322 315
1299 350 1099 339 1330 279 3323 272
1300 343 1100 341 1331 242 3324 296
1301 322 1101 328 1332 296 3325 267
1302 331 1102 307 1333 280 3326 252
1303 354 1103 336 1334 251 3327 257
1304 312 1104 292 1335 251 3328 239
1305 334 1105 288 1336 289 3329 232
1306 316 1106 326 1337 252 3330 234
1307 294 1107 299 1338 243 3331 228
1308 293 1108 272 1339 244 3332 226
1309 317 1109 302 1340 215 3333 238
1310 295 1110 284 1341 243 3334 228
1311 269 1111 302 1342 263 3335 222
1312 278 1112 288 1343 224 3336 220
1313 293 1113 265 1344 209 3337 214
1314 279 1114 253 1345 197 3338 236
1315 275 1115 252 1346 185 3339 192
1316 263 1116 275 1347 208 3340 213
1317 263 1117 275 1348 221 3341 196
1318 234 1118 254 1349 195 3342 189
1319 234 1119 253 1350 200 3343 184
1320 242 1120 252 1351 194 3344 178
1321 241 1121 249 1352 182 3345 201
1322 231 1122 225 1353 159 3346 174
1323 239 1123 225 1354 181 3347 158
1324 248 1124 215 1355 171 3348 153
1325 198 1125 242 1356 167 3349 170
1326 194 1126 225 1357 148 3350 169
1327 215 1127 205 1358 164 3351 177
1328 211 1128 213 1359 162 3352 159
1329 219 1129 229 1360 142 3353 168
1330 203 1130 192 1361 167 3354 169
1331 200 1131 209 1362 153 3355 155
1332 186 1132 220 1363 171 3356 126
1333 202 1133 219 1364 135 3357 153
1334 183 1134 221 1365 145 3358 138
1335 184 1135 210 1366 121 3359 151
1336 145 1136 180 1367 130 3360 151
1337 167 1137 195 1368 136 3361 139
1338 201 1138 163 1369 137 3362 126
1339 189 1139 184 1370 147 3363 129
1340 155 1140 176 1371 127 3364 105
1341 151 1141 173 1372 147 3365 126
1342 162 1142 154 1373 123 3366 106
1343 161 1143 180 1374 130 3367 114
1344 179 1144 176 1375 122 3368 134
1345 143 1145 152 1376 110 3369 117
1346 144 1146 169 1377 108 3370 136
1347 138 1147 142 1378 105 3371 106
1348 126 1148 143 1379 117 3372 126
1349 131 1149 151 1380 120 3373 117
1350 137 1150 150 1381 88 3374 114
1351 159 1151 141 1382 99 3375 116
1352 135 1152 125 1383 111 3376 110
1353 121 1153 125 1384 112 3377 105
1354 146 1154 138 1385 87 3378 106
1355 121 1155 142 1386 94 3379 120
1356 121 1156 140 1387 99 3380 107
1357 129 1157 140 1388 102 3381 82
1358 118 1158 120 1389 93 3382 94
1359 107 1159 113 1390 80 3383 120
1360 121 1160 109 1391 78 3384 94
1361 116 1161 128 1392 95 3385 108
1362 129 1162 127 1393 83 3386 111
1363 117 1163 110 1394 59 3387 106
1364 112 1164 129 1395 94 3388 72
1365 94 1165 116 1396 88 3389 88
1366 106 1166 116 1397 86 3390 91
1367 119 1167 116 1398 82 3391 89
1368 102 1168 98 1399 78 3392 80
1369 114 1169 102 1400 79 3393 81
1370 91 1170 120 1401 64 3394 78
1371 97 1171 112 1402 73 3395 95
1372 112 1172 106 1403 70 3396 79
1373 113 1173 106 1404 69 3397 71
1374 84 1174 97 1405 70 3398 77
1375 92 1175 93 1406 75 3399 77
1376 99 1176 88 1407 72 3400 87
1377 101 1177 81 1408 62 3401 57
1378 94 1178 80 1409 64 3402 64
1379 93 1179 81 1410 67 3403 57
1380 86 1180 71 1411 60 3404 62
1381 89 1181 99 1412 73 3405 65
1382 77 1182 96 1413 64 3406 67
1383 75 1183 77 1414 69 3407 67
1384 73 1184 98 1415 53 3408 65
1385 85 1185 97 1416 49 3409 67
1386 81 1186 84 1417 60 3410 81
1387 69 1187 68 1418 61 3411 59
1388 80 1188 89 1419 51 3412 66
1389 59 1189 91 1420 59 3413 64
1390 86 1190 73 1421 67 3414 50
1391 66 1191 78 1422 52 3415 69
1392 92 1192 61 1423 57 3416 62
1393 69 1193 90 1424 49 3417 72
1394 72 1194 79 1425 53 3418 52
1395 61 1195 75 1426 52 3419 41
1396 59 1196 87 1427 50 3420 60
1397 59 1197 72 1428 66 3421 49
1398 61 1198 71 1429 61 3422 52
1399 62 1199 78 1430 57 3423 63
1400 66 1200 69 1431 66 3424 49
1401 84 1201 51 1432 47 3425 51
1402 54 1202 57 1433 59 3426 46
1403 54 1203 61 1434 59 3427 47
1404 58 1204 72 1435 64 3428 52
1405 67 1205 57 1436 55 3429 61
1406 67 1206 56 1437 55 3430 45
1407 57 1207 52 1438 51 3431 29
1408 66 1208 59 1439 48 3432 55
1409 54 1209 46 1440 40 3433 48
1410 44 1210 55 1441 35 3434 50
1411 56 1211 56 1442 40 3435 44
1412 56 1212 68 1443 53 3436 35
1413 62 1213 68 1444 47 3437 37
1414 48 1214 58 1445 46 3438 37
1415 62 1215 57 1446 36 3439 38
1416 37 1216 52 1447 35 3440 41
1417 50 1217 61 1448 47 3441 45
1418 44 1218 50 1449 50 3442 47
1419 44 1219 49 1450 34 3443 38
1420 53 1220 44 1451 36 3444 40
1421 49 1221 73 1452 38 3445 44
1422 54 1222 61 1453 41 3446 35
1423 48 1223 43 1454 32 3447 39
1424 30 1224 55 1455 46 3448 36
1425 48 1225 49 1456 26 3449 43
1426 42 1226 46 1457 43 3450 40
1427 51 1227 54 1458 30 3451 36
1428 50 1228 43 1459 29 3452 30
1429 39 1229 48 1460 51 3453 27
1430 43 1230 37 1461 40 3454 27
1431 41 1231 44 1462 32 3455 45
1432 47 1232 38 1463 38 3456 28
1433 40 1233 48 1464 33 3457 36
1434 37 1234 36 1465 31 3458 38
1435 45 1235 43 1466 32 3459 37
1436 52 1236 41 1467 33 3460 42
1437 42 1237 37 1468 31 3461 33
1438 38 1238 46 1469 34 3462 23
1439 43 1239 44 1470 35 3463 41
1440 46 1240 36 1471 27 3464 28
1441 42 1241 37 1472 31 3465 38
1442 36 1242 41 1473 26 3466 26
1443 45 1243 38 1474 36 3467 16
1444 45 1244 33 1475 34 3468 32
1445 44 1245 50 1476 23 3469 33
1446 27 1246 24 1477 25 3470 26
1447 34 1247 33 1478 38 3471 22
1448 42 1248 39 1479 32 3472 22
1449 40 1249 31 1480 36 3473 22
1450 29 1250 28 1481 26 3474 33
1451 37 1251 34 1482 31 3475 30
1452 34 1252 36 1483 38 3476 25
1453 40 1253 31 1484 32 3477 31
1454 37 1254 39 1485 29 3478 24
1455 30 1255 33 1486 20 3479 20
1456 36 1256 28 1487 23 3480 21
1457 34 1257 30 1488 20 3481 37
1458 38 1258 27 1489 35 3482 21
1459 23 1259 35 1490 24 3483 22
1460 30 1260 30 1491 20 3484 29
1461 35 1261 22 1492 27 3485 24
1462 35 1262 28 1493 24 3486 17
1463 31 1263 27 1494 30 3487 24
1464 24 1264 36 1495 28 3488 23
1465 32 1265 44 1496 26 3489 19
1466 39 1266 22 1497 33 3490 20
1467 27 1267 25 1498 24 3491 33
1468 35 1268 28 1499 29 3492 21
1469 40 1269 39 1500 21 3493 18
1470 39 1270 20 1501 22 3494 22
1471 28 1271 28 1502 19 3495 24
1472 33 1272 37 1503 20 3496 21
1473 23 1273 24 1504 20 3497 31
1474 32 1274 19 1505 25 3498 22
1475 24 1275 32 1506 19 3499 21
1476 23 1276 27 1507 20 3500 25
1477 30 1277 35 1508 16 3501 18
1478 22 1278 29 1509 11 3502 20
1479 21 1279 23 1510 21 3503 20
1480 29 1280 33 1511 27 3504 21
1481 35 1281 21 1512 20 3505 25
1482 26 1282 34 1513 25 3506 20
1483 28 1283 24 1514 21 3507 29
1484 22 1284 21 1515 17 3508 8
1485 31 1285 28 1516 17 3509 19
1486 20 1286 28 1517 24 3510 14
1487 21 1287 27 1518 25 3511 19
1488 23 1288 25 1519 22 3512 17
1489 25 1289 24 1520 15 3513 18
1490 19 1290 22 1521 18 3514 18
1491 17 1291 17 1522 23 3515 12
1492 25 1292 30 1523 17 3516 17
1493 15 1293 14 1524 19 3517 15
1494 20 1294 20 1525 22 3518 11
1495 21 1295 23 1526 15 3519 18
1496 78 1296 66 1527 57 3520 41
1497 61 1297 64 1528 50 3521 46
1498 69 1298 63 1529 35 3522 44
1499 74 1299 62 1530 51 3523 39
1500 59 1300 48 1531 43 3524 40
1501 47 1301 63 1532 40 3525 35
1502 59 1302 61 1533 53 3526 45
1503 57 1303 58 1534 61 3527 51
1504 49 1304 61 1535 43 3528 35
1505 62 1305 53 1536 43 3529 45
1506 43 1306 54 1537 35 3530 41
1507 53 1307 39 1538 37 3531 45
1508 57 1308 43 1539 42 3532 31
1509 40 1309 41 1540 39 3533 40
1510 47 1310 44 1541 36 3534 40
1511 39 1311 46 1542 21 3535 31
1512 30 1312 34 1543 35 3536 27
1513 37 1313 51 1544 31 3537 28
1514 41 1314 44 1545 42 3538 29
1515 35 1315 49 1546 39 3539 24
1516 50 1316 37 1547 35 3540 27
1517 37 1317 46 1548 32 3541 27
1518 35 1318 31 1549 41 3542 33
1519 50 1319 39 1550 27 3543 21
1520 29 1320 32 1551 19 3544 29
1521 39 1321 39 1552 24 3545 21
1522 32 1322 36 1553 30 3546 29
1523 28 1323 26 1554 22 3547 21
1524 37 1324 33 1555 26 3548 24
1525 31 1325 34 1556 26 3549 26
1526 34 1326 29 1557 21 3550 14
1527 32 1327 35 1558 14 3551 18
1528 25 1328 20 1559 22 3552 15
1529 21 1329 33 1560 23 3553 22
1530 26 1330 32 1561 17 3554 26
1531 32 1331 19 1562 14 3555 20
1532 23 1332 31 1563 22 3556 22
1533 35 1333 21 1564 24 3557 10
1534 21 1334 27 1565 25 3558 12
1535 26 1335 16 1566 18 3559 18
1536 18 1336 23 1567 16 3560 13
1537 14 1337 22 1568 18 3561 14
1538 22 1338 19 1569 19 3562 12
1539 14 1339 20 1570 21 3563 22
1540 16 1340 19 1571 24 3564 13
1541 22 1341 19 1572 16 3565 13
1542 20 1342 21 1573 11 3566 11
1543 22 1343 20 1574 12 3567 10
1544 21 1344 22 1575 20 3568 13
1545 25 1345 21 1576 16 3569 6
1546 15 1346 32 1577 28 3570 17
1547 18 1347 18 1578 14 3571 17
1548 20 1348 22 1579 16 3572 14
1549 20 1349 20 1580 16 3573 6
1550 22 1350 24 1581 19 3574 7
1551 20 1351 9 1582 13 3575 13
1552 17 1352 19 1583 11 3576 7
1553 10 1353 12 1584 12 3577 7
1554 16 1354 13 1585 12 3578 14
1555 8 1355 18 1586 16 3579 12
1556 16 1356 19 1587 9 3580 7
1557 10 1357 11 1588 5 3581 9
1558 17 1358 18 1589 16 3582 10
1559 9 1359 10 1590 12 3583 11
1560 16 1360 8 1591 13 3584 9
1561 13 1361 15 1592 9 3585 10
1562 10 1362 15 1593 8 3586 9
1563 9 1363 11 1594 6 3587 8
1564 16 1364 14 1595 8 3588 9
1565 12 1365 18 1596 17 3589 4
1566 13 1366 10 1597 8 3590 5
1567 8 1367 14 1598 13 3591 9
1568 11 1368 12 1599 9 3592 11
1569 6 1369 17 1600 9 3593 6
1570 9 1370 9 1601 9 3594 9
1571 10 1371 10 1602 12 3595 6
1572 11 1372 9 1603 8 3596 8
1573 10 1373 8 1604 7 3597 6
1574 3 1374 8 1605 11 3598 7
1575 10 1375 9 1606 10 3599 6
1576 5 1376 12 1607 8 3600 9
1577 11 1377 6 1608 6 3601 10
1578 15 1378 8 1609 5 3602 2
1579 9 1379 11 1610 7 3603 4
1580 9 1380 12 1611 7 3604 4
1581 5 1381 9 1612 6 3605 8
1582 8 1382 5 1613 8 3606 8
1583 13 1383 6 1614 6 3607 8
1584 6 1384 13 1615 17 3608 2
1585 7 1385 10 1616 8 3609 5
1586 13 1386 7 1617 3 3610 6
1587 8 1387 7 1618 6 3611 3
1588 5 1388 7 1619 9 3612 6
1589 9 1389 7 1620 1 3613 1
1590 10 1390 7 1621 6 3614 5
1591 4 1391 11 1622 7 3615 5
1592 3 1392 4 1623 9 3616 1
1593 6 1393 7 1624 9 3617 6
1594 6 1394 4 1625 7 3618 1
1595 4 1395 14 1626 5 3619 8
1596 4 1396 3 1627 6 3620 5
1597 9 1397 5 1628 8 3621 3
1598 5 1398 5 1629 6 3622 4
1599 4 1399 4 1630 3 3623 7
1600 6 1400 3 1631 7 3624 5
1601 7 1401 4 1632 2 3625 4
1602 4 1402 3 1633 5 3626 2
1603 3 1403 3 1634 4 3627 3
1604 8 1404 6 1635 3 3628 2
1605 6 1405 7 1636 4 3629 3
1606 3 1406 10 1637 3 3630 8
1607 8 1407 3 1638 0 3631 4
1608 0 1408 5 1639 2 3632 6
1609 4 1409 6 1640 6 3633 5
1610 9 1410 3 1641 5 3634 4
1611 2 1411 5 1642 0 3635 5
1612 6 1412 2 1643 3 3636 3
1613 4 1413 7 1644 3 3637 2
1614 4 1414 5 1645 3 3638 1
1615 2 1415 7 1646 1 3639 7
1616 6 1416 7 1647 3 3640 3
1617 3 1417 5 1648 3 3641 2
1618 9 1418 4 1649 2 3642 4
1619 3 1419 0 1650 3 3643 5
1620 4 1420 5 1651 4 3644 3
1621 3 1421 2 1652 4 3645 1
1622 5 1422 5 1653 5 3646 4
1623 5 1423 1 1654 3 3647 1
1624 3 1424 4 1655 5 3648 5
1625 5 1425 8 1656 3 3649 2
1626 5 1426 1 1657 1 3650 4
1627 6 1427 4 1658 4 3651 3
1628 3 1428 3 1659 2 3652 3
1629 7 1429 5 1660 3 3653 3
1630 6 1430 4 1661 7 3654 5
1631 2 1431 4 1662 2 3655 4
1632 2 1432 8 1663 3 3656 1
1633 2 1433 4 1664 1 3657 4
1634 3 1434 3 1665 0 3658 4
1635 1 1435 5 1666 5 3659 1
1636 3 1436 7 1667 1 3660 7
1637 3 1437 1 1668 0 3661 2
1638 4 1438 5 1669 0 3662 2
1639 2 1439 6 1670 4 3663 2
1640 0 1440 0 1671 5 3664 4
1641 2 1441 0 1672 2 3665 5
1642 0 1442 0 1673 2 3666 4
1643 1 1443 1 1674 4 3667 5
1644 2 1444 0 1675 5 3668 5
1645 2 1445 2 1676 0 3669 2
1646 3 1446 5 1677 8 3670 3
1647 3 1447 3 1678 2 3671 2
1648 3 1448 2 1679 3 3672 1
1649 1 1449 4 1680 3 3673 1
1650 4 1450 5 1681 1 3674 4
1651 3 1451 3 1682 0 3675 4
1652 3 1452 2 1683 3 3676 3
1653 4 1453 3 1684 3 3677 2
1654 2 1454 2 1685 2 3678 4
1655 1 1455 1 1686 0 3679 1
1656 2 1456 4 1687 3 3680 1
1657 4 1457 2 1688 1 3681 2
1658 4 1458 4 1689 4 3682 3
1659 3 1459 2 1690 2 3683 1
1660 1 1460 3 1691 2 3684 1
1661 2 1461 2 1692 1 3685 3
1662 1 1462 1 1693 4 3686 2
1663 2 1463 7 1694 2 3687 1
1664 3 1464 1 1695 1 3688 3
1665 1 1465 0 1696 1 3689 2
1666 2 1466 2 1697 4 3690 3
1667 2 1467 2 1698 2 3691 1
1668 5 1468 6 1699 2 3692 3
1669 3 1469 2 1700 2 3693 2
1670 1 1470 5 1701 0 3694 1
1671 3 1471 4 1702 2 3695 1
1672 1 1472 1 1703 3 3696 2
1673 1 1473 1 1704 1 3697 1
1674 6 1474 2 1705 3 3698 3
1675 2 1475 4 1706 3 3699 2
1676 1 1476 0 1707 3 3700 0
1677 3 1477 0 1708 0 3701 4
1678 3 1478 2 1709 0 3702 2
1679 3 1479 2 1710 2 3703 2
1680 3 1480 1 1711 1 3704 1
1681 2 1481 3 1712 1 3705 1
1682 5 1482 2 1713 1 3706 1
1683 1 1483 1 1714 2 3707 1
1684 1 1484 1 1715 1 3708 6
1685 5 1485 3 1716 1 3709 1
1686 2 1486 0 1717 1 3710 1
1687 1 1487 0 1718 1 3711 2
1688 4 1488 4 1719 2 3712 4
1689 2 1489 0 1720 1 3713 2
1690 6 1490 3 1721 1 3714 0
1691 2 1491 0 1722 4 3715 1
1692 2 1492 3 1723 2 3716 0
1693 2 1493 1 1724 2 3717 0
1694 0 1494 1 1725 0 3718 2
1695 266 1495 277 1726 201 3719 4
