  0  55 45 56  44 50 53
  1  55 45 57  44 49 53
  2  55 45 56  44 49 53
  3  56 46 57  44 50 53
  4  56 45 57  44 50 54
  5  55 45 56  44 49 53
  6  55 46 57  44 50 53
  7  55 45 56  44 49 53
  8  55 44 56  44 50 53
  9  54 45 56  45 50 53
 10  55 45 57  44 50 53
 11  54 45 56  44 49 53
 12  55 44 57  44 49 53
 13  55 45 56  44 50 54
 14  55 45 56  44 50 54
 15  54 45 57  44 50 54
 16  55 46 57  44 50 54
 17  55 45 57  45 50 54
 18  55 45 56  44 50 53
 19  54 45 56  44 49 53
 20  55 45 56  44 50 53
 21  55 45 56  44 50 53
 22  55 44 56  44 50 53
 23  55 45 56  45 49 53
 24  55 44 56  44 50 53
 25  55 45 57  44 49 54
 26  55 45 56  44 49 53
 27  55 45 56  44 49 54
 28  55 45 57  44 50 54
 29  55 45 56  45 49 53
 30  55 45 56  45 50 53
 31  55 45 57  45 49 53
 32  54 45 57  45 50 53
 33  55 45 56  44 50 53
 34  55 45 57  45 49 53
 35  55 45 56  44 49 53
 36  55 45 57  44 49 54
 37  55 45 56  44 50 53
 38  55 45 57  44 50 53
 39  54 44 56  43 50 53
 40  55 45 56  44 49 53
 41  55 45 56  44 50 54
 42  54 44 56  44 50 53
 43  55 45 56  44 50 54
 44  55 46 57  45 49 53
 45  54 44 56  44 50 53
 46  55 45 56  44 49 54
 47  55 45 56  44 49 53
 48  55 45 57  44 50 54
 49  55 45 56  44 49 54
 50  55 45 57  44 49 54
 51  55 45 55  44 49 53
 52  55 45 57  44 50 53
 53  55 44 56  44 49 53
 54  55 45 56  44 49 53
 55  55 45 56  44 49 53
 56  55 45 57  44 50 53
 57  55 45 56  44 50 53
 58  54 46 56  44 50 53
 59  55 45 56  44 50 54
 60  55 45 57  44 50 53
 61  54 44 56  44 50 53
 62  55 44 56  44 49 54
 63  55 45 56  44 50 54
 64  54 45 57  45 50 54
 65  55 45 57  44 50 53
 66  55 44 57  44 49 53
 67  55 45 56  44 49 53
 68  55 45 57  44 49 53
 69  55 45 57  45 49 54
 70  55 45 56  45 49 53
 71  55 45 56  44 49 53
 72  55 45 56  44 49 53
 73  55 44 56  44 49 53
 74  55 45 56  44 50 54
 75  56 45 61  44 50 54
 76  65 68 86  45 50 54
 77  60 59 78  44 50 54
 78  61 54 71  45 50 54
 79  60 48 58  44 50 53
 80  57 46 59  44 50 53
 81  54 45 57  44 50 54
 82  58 44 57  45 50 53
 83  60 45 57  44 50 54
 84  56 45 56  44 50 54
 85  55 45 56  44 50 53
 86  54 45 57  44 50 53
 87  55 45 57  44 50 53
 88  55 45 57  44 49 53
 89  55 45 57  44 50 53
 90  55 46 57  44 50 54
 91  55 45 57  45 50 53
 92  54 46 56  44 50 53
 93  55 45 57  44 50 53
 94  55 44 57  44 49 53
 95  55 45 56  44 49 53
 96  55 45 56  45 49 53
 97  55 44 57  44 49 54
 98  55 45 57  44 50 54
 99  55 44 56  44 50 54
100  55 45 57  44 50 53
101  55 44 56  44 50 53
102  55 45 57  44 50 54
103  55 45 56  44 50 53
104  54 45 56  44 49 54
105  55 45 56  44 49 54
106  54 45 56  44 50 54
107  55 45 56  44 49 53
108  54 45 56  45 50 53
109  55 45 56  45 50 54
110  54 45 57  44 49 53
111  55 45 57  45 50 54
112  55 44 57  44 50 54
113  55 45 56  44 49 52
114  54 44 57  45 49 54
115  55 45 57  45 50 53
116  55 45 56  44 49 53
117  55 45 56  44 49 53
118  55 44 57  44 50 54
119  55 44 56  44 49 53
120  54 45 56  44 50 54
121  55 45 57  44 49 53
122  55 45 56  44 50 54
123  55 45 56  45 50 53
124  55 45 57  44 49 53
125  54 45 56  44 50 53
126  55 45 57  44 49 53
127  55 45 57  44 49 53
128  54 45 57  44 50 53
129  55 45 56  44 50 53
130  55 45 57  43 49 53
131  54 45 56  45 49 53
132  54 45 56  44 49 53
133  55 45 57  44 49 53
134  54 45 57  44 49 54
135  55 46 56  44 49 54
136  55 45 56  44 49 54
137  55 45 57  44 49 53
138  55 45 56  45 49 53
139  55 44 57  45 50 53
140  55 45 57  45 49 54
141  55 44 56  44 50 54
142  55 45 56  44 49 54
143  55 45 56  43 49 53
144  55 45 56  44 50 54
145  54 46 56  44 50 54
146  55 45 56  44 50 54
147  55 45 56  43 49 54
148  55 45 56  44 50 53
149  55 45 56  44 50 53
150  55 46 56  44 49 53
151  55 46 56  45 49 53
152  55 45 56  44 50 53
153  55 45 56  44 49 53
154  55 45 56  44 49 53
155  55 45 56  45 49 54
156  55 44 55  44 49 53
157  55 45 56  44 50 53
158  55 44 56  44 50 53
159  55 45 57  44 49 54
160  54 45 57  44 50 53
161  56 45 56  44 50 53
162  55 44 56  44 50 53
163  55 46 56  44 49 53
164  55 45 56  44 49 54
165  55 45 56  44 49 53
166  55 45 57  44 49 53
167  54 45 56  45 50 53
168  54 44 57  44 49 53
169  55 45 57  44 49 53
170  55 44 56  44 49 53
171  55 45 56  44 49 53
172  55 44 56  45 50 53
173  55 45 56  44 50 54
174  55 44 56  44 50 53
175  55 45 56  44 50 53
176  55 45 56  44 50 53
177  55 45 56  44 50 54
178  55 45 56  44 49 54
179  54 45 56  44 49 53
180  55 45 56  44 49 53
181  54 45 57  44 50 53
182  55 45 56  44 49 54
183  55 45 57  44 50 53
184  55 45 57  44 50 54
185  55 44 56  44 50 53
186  55 45 56  44 51 53
187  54 45 57  44 49 53
188  55 45 56  45 50 53
189  55 45 56  44 49 53
190  54 45 56  45 49 53
191  55 45 57  45 50 53
192  55 45 57  44 50 54
193  55 45 57  44 49 53
194  55 45 57  44 50 54
195  55 45 56  44 49 53
196  55 44 57  44 50 53
197  55 45 56  44 49 54
198  55 45 56  44 50 54
199  55 45 56  44 49 53
200  55 45 56  45 50 54
201  55 46 56  44 50 53
202  55 46 56  44 50 54
203  55 45 56  44 50 53
204  55 45 56  44 50 54
205  54 45 56  44 49 53
206  55 45 56  44 49 53
207  55 44 57  44 49 53
208  55 45 56  44 49 54
209  55 45 56  44 50 53
210  55 45 56  44 50 54
211  55 45 57  44 49 53
212  54 45 57  44 50 54
213  55 45 56  44 50 53
214  55 45 56  44 49 54
215  55 45 56  44 49 53
216  54 45 57  44 49 53
217  56 45 56  44 50 53
218  54 45 57  44 49 53
219  55 44 57  44 50 54
220  55 45 56  44 50 53
221  55 44 57  44 49 53
222  54 45 57  44 50 54
223  55 45 57  44 50 54
224  55 45 56  44 49 54
225  55 45 56  45 49 53
226  55 45 56  44 50 53
227  55 45 57  44 50 53
228  55 45 57  45 49 53
229  55 45 57  45 49 54
230  55 45 56  44 49 53
231  55 45 57  44 50 53
232  55 45 57  44 49 53
233  55 45 56  44 49 54
234  54 44 56  44 49 53
235  55 45 57  44 50 53
236  55 45 56  44 50 53
237  55 45 56  44 50 54
238  55 45 56  44 50 53
239  55 44 56  44 49 53
240  54 45 57  44 50 53
241  304 46 57  55 50 54
242  221 168 158  48 54 56
243  135 120 172  46 52 57
244  112 135 129  46 51 55
245  78 102 87  45 51 54
246  95 82 69  45 50 53
247  69 86 73  45 51 54
248  78 62 61  44 50 53
249  68 49 60  45 49 54
250  61 50 57  45 50 53
251  56 45 57  44 50 53
252  56 59 56  45 50 53
253  54 45 57  45 49 53
254  56 45 56  44 49 54
255  54 44 57  44 49 53
256  55 45 56  45 50 53
257  54 45 57  44 49 54
258  55 44 56  44 49 54
259  55 45 57  44 50 54
260  55 46 57  44 49 53
261  55 44 57  44 50 53
262  55 45 56  44 50 54
263  54 45 56  44 49 53
264  55 45 56  45 50 54
265  55 45 56  44 49 54
266  55 44 56  44 49 54
267  55 45 56  44 49 54
268  55 44 56  44 50 54
269  54 45 56  44 49 53
270  55 44 56  44 49 53
271  54 45 57  44 49 53
272  54 45 57  45 50 53
273  55 45 57  44 50 53
274  55 45 57  44 50 53
275  55 45 57  44 49 53
276  55 45 57  45 50 53
277  55 45 56  44 50 53
278  55 45 57  44 49 54
279  55 45 56  44 50 54
280  55 45 56  44 49 54
281  55 44 57  44 50 53
282  55 45 57  44 50 53
283  55 44 56  44 50 53
284  55 45 57  44 50 53
285  55 45 56  44 50 53
286  55 46 57  44 50 54
287  54 44 56  44 49 52
288  55 45 57  44 50 54
289  55 44 56  44 49 53
290  55 45 56  44 50 53
291  55 45 56  44 50 53
292  55 44 56  44 49 53
293  55 45 56  44 50 54
294  55 45 56  44 50 54
295  55 44 56  45 49 53
296  55 45 56  45 50 54
297  55 45 56  44 49 54
298  54 45 56  44 49 54
299  54 45 56  45 49 53
300  55 45 57  44 50 53
301  54 45 56  44 49 53
302  55 45 56  44 49 54
303  55 45 56  44 49 54
304  54 44 57  44 49 53
305  55 45 57  44 50 53
306  54 45 56  44 50 54
307  54 45 57  45 50 54
308  55 44 56  44 50 53
309  54 47 56  44 49 54
310  54 45 56  44 50 53
311  55 45 57  44 49 54
312  54 45 57  44 49 53
313  55 45 57  44 49 54
314  55 45 56  44 50 53
315  55 45 56  44 49 53
316  55 45 56  44 49 53
317  56 45 57  44 49 53
318  55 45 56  45 50 53
319  55 44 56  44 49 53
320  54 45 56  44 49 53
321  55 45 56  44 49 54
322  54 45 57  45 50 54
323  53 45 57  44 50 53
324  55 45 57  44 50 53
325  55 45 57  44 49 54
326  54 45 57  45 50 53
327  55 45 56  44 49 53
328  54 45 56  44 49 53
329  54 44 57  44 49 52
330  54 45 57  44 49 54
331  55 45 57  44 49 53
332  54 45 56  44 49 53
333  55 45 56  44 50 53
334  55 45 56  44 50 53
335  54 44 57  45 49 52
336  55 44 56  44 49 53
337  55 45 57  44 50 53
338  55 45 56  45 49 53
339  55 45 56  44 50 54
340  55 45 56  44 50 54
341  54 45 56  44 49 54
342  55 45 57  44 50 54
343  55 45 56  44 49 53
344  55 45 56  44 50 54
345  55 44 56  44 49 53
346  55 45 57  45 49 54
347  55 45 57  45 50 53
348  55 45 57  44 50 54
349  55 45 56  44 49 53
350  55 45 57  44 50 53
351  55 45 56  44 50 54
352  55 45 56  44 50 53
353  55 45 56  44 49 53
354  54 45 56  44 49 54
355  54 45 56  44 49 53
356  55 45 56  44 49 53
357  54 45 56  44 49 53
358  54 45 56  44 50 53
359  55 45 56  44 49 54
360  55 45 56  44 50 53
361  55 45 57  44 50 53
362  54 45 57  44 50 53
363  54 44 56  44 50 53
364  55 45 56  44 49 53
365  55 45 56  44 49 53
366  55 45 56  44 49 53
367  55 45 57  44 50 53
368  55 45 56  44 50 53
369  54 45 56  45 49 54
370  55 45 56  45 50 53
371  55 45 56  44 50 53
372  55 45 56  45 49 53
373  55 45 56  44 50 54
374  55 45 56  44 50 54
375  54 45 56  44 49 53
376  55 45 57  44 49 53
377  55 44 56  44 50 54
378  55 45 56  44 49 54
379  55 45 57  44 49 53
380  54 44 56  44 49 53
381  55 45 56  44 49 53
382  55 45 56  44 50 54
383  55 45 56  44 50 53
384  55 45 56  44 49 54
385  55 45 57  44 49 53
386  54 45 56  44 49 53
387  55 45 57  44 50 53
388  54 44 56  44 49 53
389  55 45 56  44 49 54
390  55 45 56  44 49 53
391  55 45 56  44 50 53
392  54 45 57  44 49 54
393  55 45 56  45 49 54
394  54 45 56  44 49 54
395  54 44 57  44 50 53
396  54 45 57  44 50 53
397  55 45 57  44 49 53
398  55 44 57  45 50 53
399  55 45 58  44 49 53
400  55 45 57  45 50 53
401  55 45 57  44 50 53
402  55 45 56  44 50 53
403  55 45 56  44 49 54
404  54 45 56  44 49 54
405  55 45 56  44 49 54
406  55 44 56  43 50 53
407  54 45 57  44 49 54
408  54 45 56  44 49 54
409  54 45 57  44 49 53
410  55 45 57  45 50 54
411  55 44 57  44 50 53
412  55 45 56  44 50 53
413  55 44 57  44 49 53
414  55 45 56  44 50 54
415  55 45 56  44 49 53
416  55 45 57  44 50 54
417  54 45 55  44 49 53
418  55 46 57  45 50 53
419  54 45 56  43 49 53
420  55 45 56  44 50 54
421  55 45 56  44 49 53
422  55 44 57  44 49 53
423  55 45 56  45 49 53
424  55 45 56  45 50 54
425  56 45 56  45 49 54
426  55 45 56  44 49 53
427  55 45 56  44 49 53
428  55 45 57  44 50 54
429  55 45 56  44 49 53
430  55 46 57  44 50 53
431  54 46 57  44 49 54
432  54 45 57  44 50 54
433  55 45 56  44 49 53
434  55 45 56  44 49 53
435  55 44 56  44 49 53
436  54 45 56  45 50 53
437  55 45 56  44 49 53
438  55 44 56  45 50 53
439  54 45 57  44 50 53
440  54 45 56  44 50 53
441  55 44 57  44 50 53
442  54 45 57  44 50 53
443  55 45 57  44 49 53
444  55 44 56  44 49 53
445  54 44 57  44 50 54
446  54 45 56  44 49 53
447  54 44 56  44 49 53
448  54 45 56  44 50 54
449  55 45 57  44 50 53
450  54 45 56  44 49 53
451  54 45 56  44 49 53
452  55 45 57  44 49 54
453  54 45 57  44 50 54
454  55 46 57  44 49 54
455  55 45 56  44 50 53
456  54 45 57  44 49 54
457  55 45 57  44 50 53
458  55 44 56  44 49 54
459  55 45 56  44 50 54
460  54 44 56  44 49 53
461  55 45 57  44 50 53
462  54 45 56  44 50 54
463  55 45 57  44 50 53
464  55 45 56  44 49 53
465  55 45 56  44 49 53
466  55 45 56  44 49 53
467  55 45 57  45 49 53
468  55 45 56  44 49 54
469  55 45 56  44 49 53
470  55 45 56  44 49 54
471  54 45 56  44 50 54
472  54 45 56  44 49 53
473  55 44 56  44 50 54
474  55 44 56  44 50 53
475  55 45 56  44 50 54
476  55 45 56  44 50 53
477  55 45 56  44 50 53
478  55 45 56  44 49 54
479  55 44 56  44 49 53
480  55 45 56  44 50 53
481  55 45 56  44 50 53
482  55 45 56  44 50 53
483  54 45 57  44 49 53
484  54 45 56  43 49 54
485  54 44 56  45 49 53
486  55 45 56  44 50 53
487  55 44 56  44 49 53
488  55 45 57  44 50 53
489  55 45 56  44 50 53
490  55 45 56  44 50 54
491  55 46 56  44 50 53
492  55 45 56  45 49 54
493  55 45 57  44 49 53
494  55 45 57  44 50 53
495  55 45 56  44 50 53
496  55 44 56  44 50 53
497  55 45 57  44 49 53
498  55 45 57  44 49 54
499  54 44 56  44 50 53
500  55 45 56  45 49 54
501  55 44 56  44 50 53
502  54 45 56  45 50 53
503  55 45 56  44 49 54
504  54 45 56  45 50 53
505  55 45 56  45 50 53
506  55 45 56  44 49 53
507  55 45 56  44 49 53
508  55 44 57  45 50 54
509  55 44 56  44 49 53
510  55 45 56  44 49 53
511  56 45 56  44 49 53
512  55 45 56  44 49 54
513  55 44 56  44 49 54
514  55 45 56  44 49 53
515  55 45 56  44 49 53
516  54 45 56  45 49 54
517  54 45 57  45 50 53
518  55 45 56  44 49 54
519  55 45 56  45 50 54
520  55 45 57  44 50 53
521  55 45 56  44 49 53
522  55 45 56  45 50 53
523  55 45 56  44 49 53
524  54 44 56  43 49 53
525  55 45 57  44 50 53
526  55 45 57  45 50 53
527  55 45 56  44 49 53
528  55 45 56  44 50 53
529  55 45 56  44 49 54
530  54 44 56  44 50 54
531  55 45 56  44 49 53
532  55 44 56  44 50 54
533  55 45 56  44 49 54
534  55 45 56  44 49 54
535  55 45 56  44 49 54
536  55 45 56  44 50 53
537  55 45 56  44 49 54
538  54 44 56  44 48 53
539  55 45 56  45 49 53
540  54 45 56  44 50 53
541  55 45 56  45 50 53
542  54 44 56  44 49 53
543  55 45 56  44 50 53
544  55 44 56  45 50 53
545  55 45 56  44 50 54
546  55 45 56  45 49 54
547  56 45 56  45 49 54
548  55 45 56  44 49 54
549  55 45 57  44 50 54
550  55 45 56  44 50 54
551  54 46 56  44 50 53
552  55 45 56  44 49 54
553  54 45 57  45 50 54
554  55 45 57  45 49 53
555  55 45 56  44 49 53
556  55 45 56  44 50 53
557  55 44 56  44 50 53
558  55 44 56  44 49 53
559  55 45 56  44 49 54
560  55 45 57  45 50 53
561  55 45 56  44 49 53
562  54 44 56  44 49 53
563  55 44 56  44 50 53
564  54 45 56  44 49 53
565  54 45 56  45 50 53
566  55 45 57  44 50 53
567  55 44 56  44 49 54
568  55 44 57  45 50 53
569  55 45 56  44 50 53
570  54 45 57  45 50 54
571  56 44 56  44 49 53
572  55 45 56  45 49 53
573  55 45 56  44 50 53
574  55 45 57  44 49 53
575  55 45 56  44 50 53
576  54 45 57  44 50 53
577  54 45 56  44 49 53
578  55 44 57  45 50 53
579  55 45 56  43 49 54
580  55 44 57  44 49 54
581  54 45 56  45 49 53
582  55 45 57  45 50 53
583  55 45 56  44 49 53
584  55 46 56  44 50 53
585  55 45 56  43 50 53
586  55 45 56  44 50 54
587  55 46 56  44 49 53
588  54 45 57  44 49 53
589  54 45 56  44 49 53
590  55 45 57  45 49 54
591  55 44 56  45 50 54
592  54 45 57  44 49 53
593  54 45 57  45 49 53
594  55 45 57  44 50 53
595  55 44 56  44 49 53
596  55 45 56  45 50 53
597  55 45 56  45 50 54
598  54 45 56  44 49 53
599  55 45 56  44 50 54
600  55 45 56  44 50 54
601  54 44 56  44 49 54
602  55 45 57  44 49 54
603  55 45 56  44 50 53
604  55 45 56  44 49 53
605  55 45 56  44 49 53
606  54 45 56  44 49 54
607  54 45 56  44 49 54
608  55 45 56  45 49 53
609  55 45 56  44 50 53
610  55 44 56  45 49 53
611  54 45 57  44 50 54
612  54 45 57  44 49 53
613  55 45 56  44 49 54
614  55 45 56  44 50 54
615  55 45 56  44 49 54
616  55 45 56  45 50 54
617  55 45 56  44 49 54
618  55 44 57  44 49 53
619  55 45 56  45 50 53
620  55 45 56  44 49 53
621  55 44 56  44 50 53
622  55 44 57  44 49 53
623  55 45 56  44 49 53
624  55 45 57  44 50 53
625  55 45 56  44 49 54
626  54 45 56  44 49 53
627  54 45 56  44 50 54
628  55 45 56  45 50 54
629  54 45 56  44 50 53
630  54 45 56  45 49 53
631  55 45 56  45 49 53
632  54 45 56  44 49 53
633  55 45 56  44 49 53
634  55 45 57  44 50 53
635  54 44 56  44 49 53
636  55 45 56  44 49 53
637  55 45 56  44 50 54
638  54 45 56  43 50 53
639  55 45 57  44 50 54
640  55 45 56  44 49 54
641  54 45 56  44 49 53
642  55 45 56  45 50 53
643  55 45 56  44 49 53
644  54 45 56  44 49 53
645  55 45 56  44 49 53
646  55 45 56  44 49 53
647  55 45 56  44 50 53
648  55 45 57  45 50 54
649  55 44 56  44 49 54
650  54 45 57  44 50 54
651  55 44 56  44 50 54
652  55 45 57  44 50 54
653  54 45 56  44 49 53
654  54 45 57  45 49 53
655  55 45 56  44 49 53
656  55 45 57  44 50 53
657  55 45 56  44 50 53
658  55 45 56  44 50 53
659  55 45 57  44 49 53
660  55 45 56  44 50 53
661  55 45 56  45 50 54
662  55 45 57  44 50 53
663  54 45 56  44 49 53
664  55 45 56  45 50 54
665  55 44 57  44 49 54
666  54 45 56  44 49 53
667  55 45 56  44 50 53
668  54 44 57  44 50 53
669  55 45 56  44 50 53
670  55 45 57  44 50 53
671  55 45 56  44 50 53
672  54 44 56  44 50 53
673  55 45 57  44 49 53
674  55 45 57  44 49 53
675  54 44 56  44 49 53
676  54 45 56  45 50 53
677  55 44 56  44 50 54
678  55 45 56  44 50 53
679  55 45 57  44 49 53
680  55 46 57  45 49 53
681  55 45 56  45 49 53
682  55 45 56  44 49 53
683  55 45 56  44 49 54
684  55 44 56  44 49 53
685  55 45 56  44 49 54
686  55 45 56  44 49 53
687  54 45 56  44 50 53
688  55 44 57  44 49 53
689  55 45 57  45 50 53
690  55 45 56  44 49 53
691  55 46 56  44 50 53
692  55 45 56  45 50 53
693  54 45 56  44 49 53
694  55 45 56  45 49 53
695  55 45 56  44 49 53
696  55 45 56  44 49 54
697  55 45 57  44 49 54
698  55 45 56  44 50 54
699  54 45 56  44 50 54
700  55 44 56  44 49 53
701  55 45 56  44 50 53
702  54 45 56  45 50 53
703  55 45 57  45 49 53
704  56 45 56  45 49 53
705  55 45 57  45 50 53
706  55 45 56  44 49 53
707  54 45 56  44 49 53
708  54 45 56  44 50 53
709  55 45 56  44 50 53
710  54 45 56  44 50 53
711  55 45 57  44 50 53
712  55 45 56  44 49 53
713  55 45 56  44 50 53
714  55 44 57  44 50 53
715  54 44 57  44 49 54
716  54 45 57  44 50 53
717  55 45 56  44 50 53
718  55 45 56  44 49 54
719  55 45 57  45 50 53
720  55 44 56  45 50 53
721  54 45 56  44 50 53
722  55 44 57  44 49 53
723  55 45 56  44 50 53
724  55 45 57  44 49 53
725  55 45 57  44 49 53
726  55 45 57  45 50 54
727  55 45 56  44 49 53
728  55 45 57  45 49 54
729  54 45 56  44 49 54
730  55 45 56  44 49 53
731  55 44 56  44 50 53
732  55 45 56  44 49 53
733  55 45 56  44 49 53
734  55 45 57  44 50 53
735  55 45 56  44 49 53
736  55 45 56  45 49 54
737  54 45 56  45 50 53
738  54 45 57  45 49 54
739  55 45 57  44 49 54
740  54 45 57  44 50 53
741  55 44 56  44 50 54
742  54 45 56  44 50 53
743  55 45 56  44 49 53
744  55 45 56  44 50 53
745  55 44 56  45 49 53
746  55 45 57  44 49 53
747  55 45 56  45 50 53
748  55 45 57  44 49 52
749  55 44 56  44 49 53
750  55 45 56  44 49 53
751  55 44 57  44 49 53
752  55 45 56  44 49 54
753  55 45 56  44 50 53
754  54 45 56  44 49 53
755  54 45 56  44 49 54
756  54 45 56  43 49 53
757  54 45 57  44 50 54
758  54 45 56  44 49 53
759  55 45 57  44 50 53
760  54 45 57  44 49 53
761  55 45 56  44 50 53
762  55 45 56  43 50 53
763  55 45 56  44 49 53
764  55 44 56  44 49 53
765  55 45 56  45 50 53
766  55 45 56  44 50 53
767  55 45 56  45 50 53
