54 0 44 0 56 0
55 0 45 0 57 0
56 0 46 0 58 0
57 0 47 0 59 1
58 1054 48 1061 60 1412
59 1617 49 1668 61 2192
60 2013 50 2166 62 2793
61 2517 51 2681 63 3184
62 2857 52 2944 64 3382
63 3115 53 3265 65 3629
64 3240 54 3434 66 3583
65 3317 55 3515 67 3552
66 3083 56 3435 68 3464
67 2972 57 3345 69 3394
68 2920 58 3125 70 3243
69 2972 59 3136 71 3085
70 2959 60 2953 72 3127
71 2713 61 2938 73 2987
72 2437 62 2827 74 2869
73 2543 63 2722 75 2854
74 2412 64 2698 76 2679
75 2327 65 2670 77 2648
76 2329 66 2677 78 2145
77 2309 67 2616 79 2565
78 1860 68 2687 80 2660
79 2409 69 2563 81 2663
80 2469 70 2899 82 2744
81 2497 71 2576 83 2787
82 2440 72 2692 84 2719
83 2432 73 2689 85 2773
84 2482 74 2625 86 2747
85 2478 75 2791 87 2779
86 2357 76 2711 88 2822
87 2564 77 2343 89 2842
88 2516 78 2445 90 2689
89 2727 79 2740 91 2776
90 2535 80 2765 92 2730
91 2496 81 2712 93 2703
92 2473 82 2527 94 2683
93 2456 83 2619 95 2639
94 2393 84 2531 96 2580
95 2518 85 2400 97 2577
96 2358 86 2519 98 2450
97 2441 87 2489 99 2445
98 2302 88 2330 100 2303
99 2313 89 2346 101 2216
100 2122 90 2114 102 2220
101 2185 91 2153 103 2166
102 2190 92 2097 104 2121
103 2076 93 2062 105 1931
104 2006 94 2011 106 1871
105 2018 95 1854 107 1801
106 1955 96 1774 108 1762
107 1918 97 1738 109 1686
108 1764 98 1724 110 1685
109 1740 99 1594 111 1549
110 1650 100 1579 112 1485
111 1660 101 1407 113 1424
112 1582 102 1567 114 1388
113 1523 103 1459 115 1309
114 1450 104 1399 116 1129
115 1160 105 1235 117 1058
116 1377 106 1180 118 1104
117 1333 107 1123 119 1131
118 1273 108 957 120 1079
119 1249 109 1042 121 1026
120 1182 110 1061 122 925
121 1214 111 1005 123 920
122 1100 112 964 124 875
123 1020 113 937 125 905
124 950 114 896 126 806
125 928 115 897 127 804
126 964 116 802 128 745
127 901 117 767 129 727
128 874 118 760 130 755
129 882 119 768 131 671
130 813 120 722 132 644
131 739 121 653 133 563
132 659 122 652 134 565
133 725 123 568 135 574
134 730 124 631 136 514
135 673 125 594 137 524
136 653 126 535 138 492
137 629 127 527 139 475
138 581 128 488 140 478
139 546 129 461 141 399
140 560 130 452 142 350
141 512 131 444 143 380
142 407 132 417 144 407
143 463 133 437 145 374
144 475 134 391 146 392
145 472 135 369 147 352
146 463 136 380 148 323
147 429 137 377 149 313
148 390 138 325 150 295
149 394 139 359 151 298
150 389 140 341 152 269
151 358 141 276 153 296
152 377 142 263 154 242
153 375 143 303 155 266
154 997 144 795 156 735
155 850 145 686 157 636
156 732 146 686 158 576
157 754 147 543 159 488
158 717 148 539 160 473
159 575 149 487 161 412
160 522 150 424 162 372
161 488 151 426 163 351
162 411 152 330 164 262
163 415 153 295 165 289
164 402 154 299 166 228
165 317 155 251 167 226
166 288 156 266 168 221
167 309 157 236 169 223
168 292 158 220 170 171
169 241 159 198 171 158
170 209 160 167 172 164
171 193 161 187 173 143
172 198 162 136 174 142
173 189 163 140 175 121
174 187 164 121 176 125
175 180 165 138 177 111
176 150 166 135 178 107
177 123 167 98 179 85
178 132 168 103 180 83
179 112 169 87 181 85
180 117 170 89 182 75
181 89 171 82 183 88
182 92 172 89 184 62
183 79 173 76 185 49
184 74 174 61 186 65
185 103 175 64 187 65
186 78 176 71 188 55
187 75 177 63 189 51
188 82 178 58 190 52
189 66 179 56 191 43
190 80 180 35 192 48
191 64 181 47 193 46
192 41 182 42 194 41
193 46 183 43 195 36
194 49 184 43 196 50
195 41 185 26 197 41
196 53 186 27 198 26
197 49 187 27 199 26
198 40 188 39 200 34
199 40 189 28 201 34
200 39 190 29 202 28
201 38 191 25 203 30
202 26 192 23 204 27
203 1007 193 829 205 714
