1097 31 897 11 1126 13 3121 0
1098 61 898 39 1127 16 3122 1
1099 121 899 62 1128 55 3123 9
1100 199 900 119 1129 79 3124 14
1101 314 901 186 1130 153 3125 44
1102 402 902 293 1131 208 3126 74
1103 519 903 424 1132 323 3127 123
1104 580 904 503 1133 366 3128 177
1105 673 905 551 1134 437 3129 262
1106 769 906 657 1135 547 3130 363
1107 840 907 717 1136 654 3131 457
1108 933 908 798 1137 748 3132 581
1109 951 909 827 1138 784 3133 676
1110 1043 910 968 1139 872 3134 736
1111 1034 911 978 1140 956 3135 825
1112 1066 912 1000 1141 1041 3136 947
1113 1176 913 1041 1142 1115 3137 1029
1114 1114 914 1065 1143 1159 3138 1076
1115 1218 915 1095 1144 1289 3139 1124
1116 1217 916 1155 1145 1110 3140 1155
1117 1198 917 1169 1146 1210 3141 1226
1118 1186 918 1201 1147 1294 3142 1317
1119 1155 919 1159 1148 1251 3143 1333
1120 1182 920 1230 1149 1264 3144 1312
1121 1166 921 1167 1150 1225 3145 1370
1122 1133 922 1189 1151 1266 3146 1313
1123 1128 923 1176 1152 1301 3147 1427
1124 1147 924 1150 1153 1209 3148 1362
1125 1162 925 1206 1154 1277 3149 1374
1126 1116 926 1132 1155 1220 3150 1320
1127 1052 927 1177 1156 1173 3151 1283
1128 1147 928 1127 1157 1206 3152 1168
1129 1062 929 1203 1158 1148 3153 1251
1130 1082 930 1150 1159 1159 3154 1219
1131 1027 931 1125 1160 1166 3155 1226
1132 1046 932 1092 1161 1088 3156 1132
1133 1022 933 1040 1162 1186 3157 1210
1134 1040 934 1064 1163 1109 3158 1104
1135 910 935 1109 1164 1079 3159 1108
1136 938 936 1034 1165 1073 3160 1049
1137 988 937 1051 1166 1051 3161 1004
1138 899 938 993 1167 971 3162 976
1139 820 939 1013 1168 979 3163 989
1140 900 940 923 1169 971 3164 975
1141 825 941 939 1170 978 3165 964
1142 862 942 897 1171 956 3166 982
1143 866 943 949 1172 930 3167 889
1144 868 944 926 1173 884 3168 934
1145 804 945 862 1174 928 3169 867
1146 842 946 927 1175 873 3170 896
1147 816 947 931 1176 872 3171 842
1148 794 948 883 1177 892 3172 772
1149 832 949 879 1178 849 3173 816
1150 726 950 845 1179 858 3174 795
1151 769 951 834 1180 861 3175 800
1152 783 952 786 1181 795 3176 777
1153 790 953 842 1182 828 3177 734
1154 792 954 838 1183 808 3178 718
1155 762 955 805 1184 815 3179 762
1156 722 956 758 1185 807 3180 732
1157 712 957 863 1186 809 3181 770
1158 752 958 803 1187 752 3182 703
1159 751 959 741 1188 745 3183 730
1160 708 960 797 1189 805 3184 713
1161 738 961 770 1190 801 3185 691
1162 765 962 742 1191 731 3186 685
1163 736 963 726 1192 786 3187 718
1164 732 964 719 1193 798 3188 647
1165 735 965 747 1194 778 3189 648
1166 735 966 764 1195 765 3190 646
1167 693 967 784 1196 747 3191 672
1168 725 968 832 1197 801 3192 597
1169 718 969 791 1198 762 3193 653
1170 789 970 772 1199 793 3194 600
1171 726 971 745 1200 787 3195 589
1172 749 972 787 1201 760 3196 636
1173 722 973 818 1202 766 3197 619
1174 771 974 807 1203 746 3198 585
1175 743 975 774 1204 796 3199 613
1176 747 976 749 1205 838 3200 615
1177 795 977 802 1206 789 3201 575
1178 725 978 803 1207 812 3202 602
1179 725 979 838 1208 863 3203 590
1180 786 980 762 1209 800 3204 590
1181 814 981 795 1210 819 3205 571
1182 788 982 819 1211 841 3206 614
1183 803 983 883 1212 891 3207 607
1184 778 984 872 1213 912 3208 568
1185 814 985 888 1214 910 3209 683
1186 814 986 829 1215 883 3210 613
1187 808 987 877 1216 898 3211 609
1188 778 988 910 1217 853 3212 633
1189 825 989 850 1218 884 3213 640
1190 769 990 844 1219 918 3214 686
1191 818 991 861 1220 874 3215 697
1192 831 992 906 1221 885 3216 713
1193 823 993 889 1222 914 3217 689
1194 881 994 916 1223 919 3218 672
1195 822 995 901 1224 952 3219 754
1196 829 996 866 1225 962 3220 765
1197 868 997 907 1226 916 3221 841
1198 846 998 919 1227 955 3222 819
1199 783 999 871 1228 961 3223 824
1200 893 1000 953 1229 930 3224 856
1201 901 1001 891 1230 947 3225 827
1202 868 1002 929 1231 931 3226 871
1203 892 1003 874 1232 941 3227 945
1204 922 1004 963 1233 946 3228 904
1205 910 1005 887 1234 982 3229 910
1206 877 1006 974 1235 988 3230 959
1207 853 1007 923 1236 1025 3231 1001
1208 838 1008 963 1237 1015 3232 944
1209 901 1009 975 1238 991 3233 1083
1210 927 1010 914 1239 976 3234 1099
1211 873 1011 919 1240 976 3235 999
1212 819 1012 962 1241 1039 3236 1123
1213 863 1013 912 1242 991 3237 1135
1214 862 1014 904 1243 949 3238 1095
1215 866 1015 906 1244 970 3239 1116
1216 912 1016 904 1245 1000 3240 1167
1217 888 1017 890 1246 938 3241 1218
1218 915 1018 899 1247 954 3242 1176
1219 887 1019 886 1248 940 3243 1246
1220 837 1020 936 1249 936 3244 1234
1221 860 1021 910 1250 892 3245 1149
1222 873 1022 881 1251 926 3246 1255
1223 842 1023 892 1252 903 3247 1205
1224 859 1024 878 1253 901 3248 1194
1225 882 1025 853 1254 851 3249 1189
1226 859 1026 890 1255 954 3250 1182
1227 818 1027 884 1256 951 3251 1212
1228 846 1028 853 1257 948 3252 1146
1229 828 1029 878 1258 872 3253 1189
1230 819 1030 816 1259 877 3254 1127
1231 886 1031 838 1260 884 3255 1105
1232 838 1032 823 1261 891 3256 1157
1233 762 1033 820 1262 840 3257 1123
1234 804 1034 783 1263 854 3258 1134
1235 786 1035 814 1264 806 3259 1115
1236 842 1036 747 1265 827 3260 1043
1237 800 1037 824 1266 835 3261 1108
1238 770 1038 800 1267 768 3262 1103
1239 796 1039 815 1268 813 3263 1081
1240 774 1040 755 1269 820 3264 1062
1241 754 1041 766 1270 748 3265 948
1242 741 1042 696 1271 779 3266 986
1243 790 1043 747 1272 727 3267 931
1244 779 1044 729 1273 692 3268 1005
1245 771 1045 747 1274 748 3269 947
1246 727 1046 733 1275 731 3270 922
1247 724 1047 707 1276 703 3271 901
1248 722 1048 759 1277 689 3272 844
1249 696 1049 697 1278 701 3273 876
1250 739 1050 682 1279 635 3274 861
1251 673 1051 643 1280 655 3275 829
1252 678 1052 691 1281 654 3276 898
1253 680 1053 656 1282 656 3277 795
1254 680 1054 645 1283 631 3278 787
1255 713 1055 639 1284 606 3279 711
1256 670 1056 637 1285 611 3280 734
1257 628 1057 618 1286 639 3281 692
1258 647 1058 598 1287 595 3282 703
1259 625 1059 635 1288 597 3283 660
1260 619 1060 615 1289 553 3284 626
1261 622 1061 599 1290 543 3285 664
1262 609 1062 540 1291 533 3286 592
1263 553 1063 540 1292 541 3287 657
1264 628 1064 550 1293 562 3288 599
1265 549 1065 537 1294 535 3289 587
1266 576 1066 556 1295 539 3290 514
1267 520 1067 533 1296 509 3291 554
1268 528 1068 488 1297 517 3292 502
1269 525 1069 497 1298 560 3293 571
1270 481 1070 510 1299 490 3294 474
1271 553 1071 458 1300 509 3295 505
1272 505 1072 502 1301 464 3296 476
1273 523 1073 428 1302 494 3297 468
1274 516 1074 490 1303 440 3298 456
1275 450 1075 468 1304 408 3299 458
1276 455 1076 436 1305 429 3300 421
1277 497 1077 453 1306 388 3301 430
1278 456 1078 462 1307 438 3302 398
1279 511 1079 437 1308 379 3303 416
1280 462 1080 399 1309 400 3304 374
1281 469 1081 429 1310 375 3305 426
1282 418 1082 446 1311 402 3306 414
1283 404 1083 409 1312 388 3307 388
1284 436 1084 375 1313 354 3308 374
1285 421 1085 414 1314 329 3309 352
1286 434 1086 334 1315 379 3310 333
1287 378 1087 396 1316 364 3311 395
1288 428 1088 362 1317 356 3312 347
1289 421 1089 367 1318 343 3313 321
1290 353 1090 389 1319 310 3314 303
1291 421 1091 366 1320 332 3315 315
1292 361 1092 319 1321 351 3316 334
1293 357 1093 325 1322 329 3317 298
1294 334 1094 341 1323 292 3318 287
1295 347 1095 316 1324 288 3319 337
1296 355 1096 313 1325 294 3320 272
1297 350 1097 285 1326 301 3321 248
1298 315 1098 301 1327 282 3322 281
1299 311 1099 289 1328 274 3323 263
1300 312 1100 307 1329 273 3324 263
1301 346 1101 267 1330 280 3325 261
1302 304 1102 277 1331 280 3326 246
1303 312 1103 302 1332 282 3327 235
1304 278 1104 261 1333 237 3328 233
1305 286 1105 247 1334 254 3329 216
1306 299 1106 275 1335 239 3330 217
1307 292 1107 249 1336 240 3331 218
1308 279 1108 288 1337 244 3332 221
1309 308 1109 259 1338 242 3333 207
1310 266 1110 236 1339 225 3334 189
1311 280 1111 231 1340 205 3335 181
1312 276 1112 203 1341 230 3336 205
1313 245 1113 233 1342 206 3337 208
1314 256 1114 212 1343 212 3338 184
1315 237 1115 229 1344 184 3339 183
1316 245 1116 241 1345 196 3340 188
1317 248 1117 230 1346 207 3341 185
1318 245 1118 218 1347 198 3342 182
1319 221 1119 227 1348 156 3343 185
1320 227 1120 178 1349 189 3344 159
1321 214 1121 175 1350 198 3345 163
1322 214 1122 216 1351 168 3346 175
1323 228 1123 200 1352 178 3347 160
1324 226 1124 224 1353 184 3348 130
1325 224 1125 205 1354 165 3349 141
1326 234 1126 190 1355 172 3350 158
1327 219 1127 167 1356 157 3351 150
1328 162 1128 171 1357 161 3352 134
1329 154 1129 168 1358 151 3353 127
1330 216 1130 187 1359 158 3354 131
1331 198 1131 183 1360 163 3355 150
1332 191 1132 184 1361 149 3356 146
1333 158 1133 163 1362 147 3357 135
1334 176 1134 160 1363 143 3358 179
1335 176 1135 175 1364 150 3359 127
1336 161 1136 139 1365 124 3360 115
1337 156 1137 139 1366 152 3361 109
1338 172 1138 155 1367 124 3362 104
1339 154 1139 133 1368 130 3363 133
1340 167 1140 121 1369 135 3364 108
1341 136 1141 152 1370 96 3365 107
1342 159 1142 145 1371 145 3366 130
1343 152 1143 142 1372 134 3367 100
1344 151 1144 124 1373 119 3368 100
1345 159 1145 126 1374 129 3369 109
1346 144 1146 148 1375 107 3370 123
1347 132 1147 110 1376 118 3371 112
1348 140 1148 112 1377 119 3372 106
1349 137 1149 101 1378 107 3373 101
1350 118 1150 116 1379 131 3374 97
1351 144 1151 117 1380 102 3375 115
1352 139 1152 108 1381 88 3376 122
1353 124 1153 117 1382 92 3377 90
1354 127 1154 117 1383 82 3378 105
1355 119 1155 125 1384 93 3379 84
1356 104 1156 108 1385 86 3380 90
1357 115 1157 102 1386 85 3381 101
1358 102 1158 92 1387 99 3382 93
1359 124 1159 91 1388 100 3383 95
1360 106 1160 111 1389 67 3384 93
1361 105 1161 105 1390 84 3385 90
1362 100 1162 88 1391 94 3386 95
1363 86 1163 103 1392 83 3387 92
1364 98 1164 90 1393 76 3388 75
1365 91 1165 92 1394 71 3389 83
1366 104 1166 90 1395 84 3390 69
1367 89 1167 101 1396 102 3391 65
1368 116 1168 97 1397 68 3392 68
1369 90 1169 88 1398 83 3393 67
1370 94 1170 88 1399 80 3394 81
1371 91 1171 79 1400 93 3395 91
1372 103 1172 76 1401 66 3396 85
1373 93 1173 80 1402 77 3397 70
1374 83 1174 71 1403 71 3398 59
1375 79 1175 84 1404 59 3399 68
1376 75 1176 81 1405 73 3400 57
1377 98 1177 84 1406 62 3401 58
1378 78 1178 65 1407 60 3402 61
1379 113 1179 82 1408 82 3403 53
1380 88 1180 74 1409 59 3404 49
1381 72 1181 67 1410 56 3405 79
1382 77 1182 69 1411 73 3406 69
1383 59 1183 59 1412 55 3407 59
1384 76 1184 52 1413 61 3408 61
1385 75 1185 70 1414 60 3409 55
1386 90 1186 58 1415 67 3410 60
1387 71 1187 57 1416 61 3411 55
1388 60 1188 66 1417 53 3412 47
1389 87 1189 74 1418 64 3413 43
1390 76 1190 62 1419 68 3414 52
1391 78 1191 69 1420 48 3415 61
1392 73 1192 55 1421 47 3416 58
1393 69 1193 66 1422 63 3417 48
1394 59 1194 48 1423 37 3418 47
1395 71 1195 56 1424 40 3419 49
1396 62 1196 69 1425 57 3420 61
1397 59 1197 44 1426 51 3421 48
1398 73 1198 49 1427 42 3422 60
1399 60 1199 52 1428 39 3423 46
1400 53 1200 63 1429 43 3424 42
1401 48 1201 67 1430 61 3425 51
1402 54 1202 39 1431 41 3426 57
1403 56 1203 48 1432 38 3427 45
1404 61 1204 58 1433 53 3428 39
1405 62 1205 60 1434 52 3429 41
1406 48 1206 46 1435 52 3430 41
1407 54 1207 61 1436 47 3431 41
1408 59 1208 58 1437 53 3432 38
1409 56 1209 55 1438 42 3433 42
1410 64 1210 59 1439 44 3434 44
1411 66 1211 43 1440 45 3435 35
1412 66 1212 60 1441 45 3436 37
1413 40 1213 48 1442 36 3437 35
1414 49 1214 42 1443 43 3438 40
1415 60 1215 44 1444 45 3439 38
1416 47 1216 56 1445 39 3440 26
1417 49 1217 51 1446 39 3441 41
1418 42 1218 47 1447 45 3442 34
1419 45 1219 43 1448 33 3443 40
1420 46 1220 53 1449 38 3444 53
1421 40 1221 47 1450 49 3445 39
1422 55 1222 39 1451 39 3446 32
1423 38 1223 49 1452 33 3447 34
1424 60 1224 38 1453 28 3448 34
1425 42 1225 38 1454 41 3449 25
1426 41 1226 33 1455 35 3450 41
1427 37 1227 44 1456 35 3451 31
1428 35 1228 42 1457 37 3452 35
1429 40 1229 50 1458 44 3453 30
1430 44 1230 36 1459 31 3454 36
1431 43 1231 38 1460 35 3455 27
1432 53 1232 34 1461 43 3456 27
1433 33 1233 51 1462 24 3457 28
1434 41 1234 41 1463 30 3458 26
1435 38 1235 32 1464 32 3459 19
1436 39 1236 34 1465 22 3460 30
1437 37 1237 35 1466 35 3461 33
1438 42 1238 31 1467 28 3462 26
1439 30 1239 31 1468 34 3463 23
1440 42 1240 43 1469 30 3464 33
1441 39 1241 28 1470 30 3465 36
1442 44 1242 29 1471 34 3466 32
1443 31 1243 25 1472 30 3467 25
1444 29 1244 37 1473 24 3468 31
1445 37 1245 17 1474 29 3469 23
1446 26 1246 30 1475 27 3470 30
1447 42 1247 27 1476 28 3471 30
1448 35 1248 30 1477 24 3472 19
1449 48 1249 28 1478 30 3473 19
1450 30 1250 31 1479 25 3474 32
1451 23 1251 37 1480 26 3475 22
1452 36 1252 22 1481 30 3476 23
1453 25 1253 25 1482 32 3477 22
1454 38 1254 36 1483 34 3478 24
1455 27 1255 25 1484 25 3479 22
1456 36 1256 33 1485 27 3480 21
1457 39 1257 24 1486 31 3481 20
1458 27 1258 24 1487 13 3482 18
1459 28 1259 27 1488 31 3483 32
1460 30 1260 28 1489 29 3484 17
1461 25 1261 28 1490 17 3485 17
1462 28 1262 32 1491 15 3486 19
1463 39 1263 24 1492 23 3487 21
1464 27 1264 23 1493 21 3488 18
1465 31 1265 29 1494 17 3489 16
1466 31 1266 28 1495 22 3490 21
1467 44 1267 26 1496 19 3491 22
1468 24 1268 22 1497 28 3492 13
1469 26 1269 21 1498 26 3493 22
1470 25 1270 26 1499 20 3494 19
1471 30 1271 29 1500 27 3495 22
1472 30 1272 22 1501 37 3496 25
1473 37 1273 25 1502 22 3497 27
1474 25 1274 19 1503 22 3498 19
1475 28 1275 24 1504 21 3499 23
1476 22 1276 23 1505 25 3500 30
1477 23 1277 32 1506 19 3501 22
1478 18 1278 19 1507 19 3502 24
1479 27 1279 22 1508 15 3503 25
1480 25 1280 24 1509 18 3504 16
1481 28 1281 27 1510 25 3505 18
1482 19 1282 20 1511 20 3506 10
1483 25 1283 20 1512 15 3507 21
1484 19 1284 18 1513 19 3508 18
1485 26 1285 19 1514 21 3509 18
1486 24 1286 17 1515 25 3510 17
1487 30 1287 19 1516 17 3511 15
1488 22 1288 13 1517 22 3512 9
1489 25 1289 20 1518 26 3513 18
1490 26 1290 20 1519 25 3514 15
1491 26 1291 27 1520 18 3515 13
1492 23 1292 15 1521 17 3516 22
1493 22 1293 14 1522 10 3517 23
1494 22 1294 19 1523 16 3518 17
1495 21 1295 20 1524 19 3519 13
1496 19 1296 19 1525 17 3520 19
1497 57 1297 52 1526 55 3521 50
1498 64 1298 62 1527 59 3522 34
1499 58 1299 67 1528 48 3523 40
1500 56 1300 50 1529 40 3524 44
1501 51 1301 45 1530 47 3525 45
1502 39 1302 43 1531 48 3526 37
1503 54 1303 28 1532 52 3527 38
1504 57 1304 55 1533 48 3528 36
1505 44 1305 48 1534 38 3529 28
1506 61 1306 30 1535 34 3530 30
1507 54 1307 39 1536 33 3531 42
1508 48 1308 39 1537 37 3532 24
1509 49 1309 30 1538 46 3533 21
1510 39 1310 43 1539 44 3534 33
1511 47 1311 52 1540 40 3535 31
1512 46 1312 37 1541 30 3536 26
1513 35 1313 35 1542 24 3537 22
1514 43 1314 41 1543 34 3538 19
1515 39 1315 36 1544 31 3539 22
1516 34 1316 27 1545 38 3540 35
1517 37 1317 30 1546 37 3541 32
1518 32 1318 25 1547 29 3542 17
1519 49 1319 25 1548 32 3543 20
1520 27 1320 32 1549 29 3544 23
1521 34 1321 27 1550 34 3545 23
1522 36 1322 31 1551 20 3546 18
1523 36 1323 23 1552 30 3547 29
1524 26 1324 23 1553 34 3548 17
1525 23 1325 28 1554 17 3549 16
1526 28 1326 23 1555 20 3550 21
1527 27 1327 33 1556 21 3551 22
1528 36 1328 19 1557 25 3552 13
1529 23 1329 32 1558 22 3553 26
1530 18 1330 25 1559 18 3554 20
1531 26 1331 19 1560 18 3555 22
1532 26 1332 18 1561 28 3556 13
1533 19 1333 19 1562 17 3557 14
1534 16 1334 31 1563 17 3558 13
1535 9 1335 16 1564 17 3559 13
1536 19 1336 20 1565 17 3560 9
1537 21 1337 19 1566 20 3561 11
1538 21 1338 15 1567 18 3562 15
1539 25 1339 20 1568 10 3563 18
1540 22 1340 18 1569 13 3564 11
1541 21 1341 18 1570 19 3565 16
1542 20 1342 21 1571 13 3566 10
1543 19 1343 16 1572 12 3567 10
1544 21 1344 24 1573 14 3568 18
1545 18 1345 20 1574 15 3569 15
1546 14 1346 11 1575 18 3570 13
1547 24 1347 15 1576 11 3571 16
1548 17 1348 18 1577 12 3572 11
1549 22 1349 11 1578 11 3573 16
1550 16 1350 20 1579 11 3574 9
1551 14 1351 13 1580 14 3575 8
1552 18 1352 13 1581 9 3576 8
1553 14 1353 8 1582 13 3577 11
1554 13 1354 6 1583 16 3578 7
1555 20 1355 7 1584 9 3579 5
1556 21 1356 13 1585 9 3580 7
1557 13 1357 15 1586 11 3581 12
1558 9 1358 9 1587 6 3582 4
1559 8 1359 11 1588 16 3583 4
1560 15 1360 11 1589 9 3584 11
1561 10 1361 11 1590 11 3585 5
1562 18 1362 5 1591 7 3586 7
1563 11 1363 19 1592 12 3587 15
1564 12 1364 11 1593 7 3588 14
1565 5 1365 12 1594 15 3589 8
1566 13 1366 14 1595 12 3590 5
1567 18 1367 12 1596 9 3591 5
1568 13 1368 7 1597 7 3592 13
1569 12 1369 9 1598 9 3593 10
1570 6 1370 7 1599 13 3594 10
1571 15 1371 7 1600 9 3595 5
1572 9 1372 11 1601 14 3596 5
1573 11 1373 12 1602 3 3597 6
1574 11 1374 7 1603 6 3598 6
1575 10 1375 4 1604 6 3599 5
1576 13 1376 9 1605 9 3600 2
1577 8 1377 5 1606 7 3601 7
1578 9 1378 8 1607 8 3602 9
1579 9 1379 10 1608 3 3603 6
1580 6 1380 12 1609 5 3604 6
1581 3 1381 8 1610 8 3605 5
1582 7 1382 9 1611 3 3606 9
1583 12 1383 7 1612 5 3607 5
1584 12 1384 5 1613 9 3608 10
1585 8 1385 6 1614 12 3609 5
1586 7 1386 9 1615 6 3610 6
1587 7 1387 10 1616 10 3611 6
1588 4 1388 5 1617 6 3612 5
1589 11 1389 4 1618 6 3613 6
1590 7 1390 6 1619 11 3614 3
1591 8 1391 3 1620 3 3615 3
1592 5 1392 7 1621 0 3616 2
1593 11 1393 13 1622 8 3617 4
1594 6 1394 6 1623 6 3618 4
1595 4 1395 7 1624 5 3619 5
1596 6 1396 6 1625 6 3620 6
1597 2 1397 9 1626 3 3621 7
1598 8 1398 9 1627 5 3622 3
1599 6 1399 4 1628 3 3623 3
1600 4 1400 5 1629 3 3624 6
1601 4 1401 7 1630 3 3625 5
1602 9 1402 4 1631 1 3626 4
1603 4 1403 5 1632 8 3627 4
1604 4 1404 3 1633 4 3628 3
1605 4 1405 5 1634 5 3629 1
1606 6 1406 8 1635 5 3630 9
1607 5 1407 6 1636 3 3631 4
1608 4 1408 5 1637 9 3632 3
1609 5 1409 3 1638 3 3633 4
1610 1 1410 2 1639 6 3634 3
1611 4 1411 4 1640 2 3635 5
1612 3 1412 3 1641 8 3636 2
1613 6 1413 2 1642 3 3637 2
1614 3 1414 2 1643 0 3638 5
1615 5 1415 4 1644 2 3639 10
1616 5 1416 3 1645 5 3640 3
1617 5 1417 4 1646 3 3641 4
1618 2 1418 5 1647 2 3642 3
1619 4 1419 7 1648 3 3643 4
1620 8 1420 5 1649 4 3644 0
1621 6 1421 4 1650 4 3645 4
1622 5 1422 4 1651 4 3646 5
1623 4 1423 10 1652 2 3647 2
1624 7 1424 2 1653 5 3648 0
1625 3 1425 5 1654 3 3649 5
1626 3 1426 3 1655 5 3650 2
1627 6 1427 6 1656 2 3651 6
1628 2 1428 3 1657 1 3652 1
1629 5 1429 3 1658 3 3653 4
1630 4 1430 1 1659 7 3654 1
1631 6 1431 3 1660 2 3655 3
1632 3 1432 3 1661 4 3656 7
1633 1 1433 4 1662 0 3657 5
1634 4 1434 3 1663 1 3658 1
1635 3 1435 4 1664 5 3659 1
1636 4 1436 2 1665 1 3660 3
1637 4 1437 3 1666 3 3661 2
1638 1 1438 7 1667 6 3662 2
1639 0 1439 6 1668 2 3663 6
1640 5 1440 4 1669 0 3664 3
1641 4 1441 5 1670 2 3665 1
1642 1 1442 4 1671 1 3666 7
1643 5 1443 4 1672 3 3667 3
1644 2 1444 6 1673 1 3668 2
1645 2 1445 0 1674 1 3669 2
1646 5 1446 5 1675 1 3670 0
1647 4 1447 2 1676 3 3671 2
1648 1 1448 6 1677 5 3672 2
1649 3 1449 4 1678 1 3673 5
1650 3 1450 3 1679 3 3674 4
1651 4 1451 5 1680 1 3675 1
1652 1 1452 4 1681 4 3676 2
1653 2 1453 2 1682 2 3677 2
1654 3 1454 1 1683 1 3678 2
1655 6 1455 1 1684 2 3679 2
1656 3 1456 2 1685 4 3680 2
1657 5 1457 2 1686 2 3681 4
1658 2 1458 2 1687 1 3682 1
1659 2 1459 0 1688 0 3683 2
1660 6 1460 4 1689 0 3684 4
1661 6 1461 3 1690 1 3685 2
1662 2 1462 2 1691 0 3686 1
1663 4 1463 2 1692 8 3687 1
1664 4 1464 1 1693 5 3688 3
1665 0 1465 1 1694 2 3689 4
1666 4 1466 2 1695 1 3690 2
1667 5 1467 0 1696 3 3691 3
1668 1 1468 4 1697 1 3692 0
1669 6 1469 2 1698 2 3693 2
1670 1 1470 1 1699 1 3694 0
1671 3 1471 1 1700 1 3695 0
1672 4 1472 0 1701 3 3696 1
1673 1 1473 0 1702 0 3697 0
1674 1 1474 1 1703 1 3698 3
1675 1 1475 1 1704 2 3699 0
1676 1 1476 1 1705 2 3700 0
1677 3 1477 1 1706 1 3701 3
1678 1 1478 1 1707 1 3702 2
1679 3 1479 3 1708 2 3703 2
1680 2 1480 4 1709 1 3704 0
1681 1 1481 5 1710 1 3705 2
1682 2 1482 3 1711 1 3706 1
1683 2 1483 1 1712 5 3707 0
1684 3 1484 1 1713 3 3708 3
1685 6 1485 4 1714 1 3709 0
1686 4 1486 1 1715 0 3710 0
1687 2 1487 5 1716 0 3711 1
1688 1 1488 1 1717 1 3712 2
1689 3 1489 1 1718 1 3713 4
1690 2 1490 0 1719 3 3714 0
1691 3 1491 3 1720 1 3715 2
1692 1 1492 2 1721 0 3716 0
1693 2 1493 1 1722 1 3717 0
1694 1 1494 0 1723 0 3718 3
1695 2 1495 1 1724 1 3719 1
1696 277 1496 259 1725 246 3720 2
