0 1223995 1001627 1256215
25 1226036 1001985 1256643
50 1529576 1117421 1339647
75 2011673 1739684 1993708
100 1785737 1588615 1850125
125 1577152 1385996 1642579
150 1449832 1253210 1504322
175 1364611 1159585 1412094
200 1305162 1102235 1356147
225 1271970 1061717 1316374
250 1253017 1037725 1294257
275 1241182 1023029 1281686
300 1233298 1014736 1273369
325 1229100 1010938 1267265
350 1227245 1007177 1263886
375 1225808 1004918 1262025
400 1225795 1004115 1261296
425 1224799 1003453 1260519
450 1225081 1003388 1260157
475 1224958 1003247 1259556
