  0  55 46 57  45 50 54
  1  55 45 57  45 50 54
  2  55 46 58  45 50 54
  3  54 46 58  44 50 54
  4  55 46 56  45 50 54
  5  55 45 57  45 50 54
  6  55 46 57  45 50 55
  7  56 46 57  45 50 54
  8  56 45 57  45 50 54
  9  55 45 57  44 50 54
 10  55 45 57  45 50 54
 11  56 45 57  45 50 54
 12  55 45 57  45 50 54
 13  55 46 57  45 50 53
 14  55 46 57  45 50 54
 15  55 46 57  45 50 54
 16  55 46 57  46 50 54
 17  55 45 57  45 50 54
 18  56 46 57  45 50 54
 19  56 46 57  45 51 54
 20  56 45 57  44 50 54
 21  56 45 57  45 50 54
 22  56 45 57  44 50 54
 23  56 45 57  45 50 54
 24  54 45 57  45 50 54
 25  56 46 57  45 50 54
 26  55 45 57  45 50 54
 27  55 45 57  45 50 54
 28  55 45 57  45 50 54
 29  56 46 57  45 50 54
 30  55 45 57  45 50 54
 31  55 46 57  45 50 55
 32  55 45 57  45 51 54
 33  55 45 57  45 50 54
 34  56 45 57  45 50 54
 35  55 45 57  45 50 54
 36  55 45 57  45 49 54
 37  55 50 57  45 51 54
 38  56 47 57  45 50 54
 39  56 46 57  45 50 54
 40  55 46 57  45 50 54
 41  56 46 58  45 50 55
 42  55 45 57  45 50 54
 43  56 45 58  45 50 53
 44  55 46 57  45 49 54
 45  56 45 57  45 51 53
 46  55 46 58  45 50 54
 47  54 45 57  44 49 54
 48  55 46 57  45 50 53
 49  55 46 57  45 50 54
 50  55 45 57  45 50 54
 51  55 46 57  45 51 54
 52  56 46 58  46 50 54
 53  55 45 57  44 50 54
 54  55 45 57  45 50 54
 55  56 45 57  45 50 53
 56  56 45 57  46 50 54
 57  56 45 57  45 50 54
 58  55 47 57  45 50 54
 59  55 45 58  45 50 54
 60  56 46 57  44 50 54
 61  55 46 58  45 50 54
 62  56 45 57  45 50 54
 63  55 46 57  45 50 54
 64  55 46 57  45 50 54
 65  56 45 57  45 50 54
 66  55 45 57  45 49 54
 67  56 46 57  45 50 54
 68  54 46 57  45 51 54
 69  55 45 57  44 50 54
 70  56 45 57  45 50 54
 71  54 46 58  45 50 54
 72  56 46 57  45 49 55
 73  55 45 57  45 51 55
 74  55 45 57  45 51 54
 75  55 46 57  45 50 54
 76  55 46 57  45 50 54
 77  56 45 57  45 50 54
 78  55 45 57  45 50 54
 79  56 46 57  45 50 54
 80  55 45 57  44 50 53
 81  56 46 58  45 50 54
 82  55 45 57  45 50 54
 83  54 44 57  45 50 54
 84  56 46 57  44 50 54
 85  55 45 57  45 51 54
 86  56 45 57  44 50 53
 87  55 46 57  45 50 54
 88  56 45 57  45 50 54
 89  56 45 57  45 50 54
 90  55 45 57  45 50 54
 91  56 45 57  45 50 54
 92  55 45 57  45 49 54
 93  55 45 57  45 50 54
 94  54 46 57  45 50 54
 95  55 46 57  45 50 54
 96  55 46 57  45 50 54
 97  55 46 57  45 50 54
 98  55 46 57  45 50 53
 99  56 46 57  46 50 54
100  56 45 57  45 51 54
101  56 46 57  46 51 55
102  56 45 57  45 50 54
103  56 45 57  45 50 54
104  55 46 57  45 50 54
105  55 46 57  45 50 54
106  55 45 57  44 50 54
107  55 46 57  44 50 54
108  56 46 57  44 49 54
109  55 46 57  45 50 54
110  55 45 57  46 50 54
111  55 46 57  45 50 54
112  55 46 57  45 50 53
113  55 45 57  45 51 54
114  55 45 58  45 50 54
115  55 45 57  45 50 54
116  55 45 57  44 50 54
117  56 45 57  45 50 54
118  56 45 57  45 50 54
119  55 45 57  45 50 53
120  55 46 57  45 50 54
121  56 46 56  45 50 54
122  56 45 57  45 50 54
123  55 46 57  45 50 54
124  56 46 57  45 50 54
125  55 45 57  45 50 53
126  55 45 57  45 50 54
127  55 45 57  45 50 54
128  56 45 57  44 50 53
129  56 45 57  45 50 54
130  55 46 57  45 50 54
131  55 45 57  45 50 53
132  56 45 57  44 50 54
133  55 45 57  45 50 54
134  55 46 57  45 50 54
135  55 45 57  44 50 53
136  56 46 57  45 51 54
137  55 46 57  45 50 54
138  55 46 57  44 50 54
139  55 46 57  44 50 54
140  56 46 57  45 50 54
141  56 45 58  45 50 53
142  55 45 58  45 50 54
143  56 45 57  45 49 54
144  55 46 57  45 50 54
145  55 45 57  44 50 55
146  55 46 57  45 50 54
147  56 45 57  45 50 54
148  55 46 57  46 50 54
149  54 46 57  45 50 54
150  55 46 57  45 50 54
151  56 45 57  45 50 54
152  55 45 57  45 50 53
153  55 45 58  45 50 54
154  55 45 57  45 50 54
155  55 46 58  45 50 54
156  56 46 57  45 50 55
157  55 46 57  45 50 54
158  55 46 57  45 49 54
159  56 46 57  44 50 54
160  55 45 57  45 50 54
161  55 45 57  46 50 54
162  55 46 57  45 50 54
163  56 45 57  45 50 54
164  56 45 57  45 50 54
165  55 46 57  45 50 54
166  55 46 57  45 50 54
167  56 46 58  45 50 55
168  56 45 57  44 50 54
169  55 45 58  45 50 54
170  55 46 57  44 50 54
171  57 45 58  45 50 54
172  55 45 57  45 50 54
173  54 45 57  46 50 54
174  56 45 57  45 50 54
175  56 46 57  45 50 54
176  56 45 57  45 50 54
177  55 46 57  45 50 54
178  55 46 56  45 50 54
179  55 44 57  44 49 54
180  55 46 57  45 50 54
181  56 45 58  45 50 54
182  56 45 57  45 50 54
183  55 45 57  45 50 54
184  55 45 57  45 51 54
185  55 45 57  44 50 54
186  55 46 57  45 50 54
187  55 45 57  46 50 54
188  56 45 56  45 49 53
189  55 46 57  45 50 54
190  55 46 57  45 50 54
191  55 45 57  45 49 54
192  55 46 57  45 50 54
193  55 45 57  45 50 54
194  55 46 57  45 50 53
195  55 45 57  45 50 54
196  55 46 57  45 50 54
197  55 45 57  45 50 54
198  55 45 57  45 50 54
199  55 45 57  45 50 54
200  56 45 57  45 50 54
201  55 46 57  44 50 53
202  55 45 57  45 50 54
203  55 45 57  45 50 53
204  55 45 57  45 50 54
205  55 45 57  45 50 54
206  55 47 57  45 50 54
207  56 46 57  45 50 53
208  56 45 57  45 50 54
209  56 45 56  45 50 54
210  55 45 57  45 50 54
211  56 46 57  45 50 54
212  55 45 57  44 50 54
213  54 45 57  45 50 54
214  56 45 57  45 50 54
215  55 45 57  44 50 54
216  56 46 57  45 49 54
217  56 46 57  45 50 54
218  55 46 58  44 50 53
219  55 46 57  44 51 54
220  55 45 57  45 50 54
221  56 46 57  45 50 53
222  55 45 57  45 50 54
223  56 45 57  45 50 54
224  55 45 57  45 50 54
225  56 45 57  45 50 54
226  56 45 57  45 50 54
227  55 46 57  45 50 54
228  56 45 57  45 50 54
229  55 46 58  45 50 54
230  55 46 57  45 50 54
231  55 46 57  45 50 54
232  56 45 57  45 50 54
233  56 45 58  45 50 54
234  54 46 57  45 50 54
235  55 46 57  45 50 54
236  55 45 57  45 50 54
237  56 45 57  46 50 54
238  55 45 57  45 50 54
239  55 45 57  45 50 55
240  55 46 57  45 50 54
241  56 47 59  45 50 54
242  1014 546 665  351 233 154
243  1023 1023 1023  320 364 304
244  1023 1023 1023  208 234 241
245  1023 1023 1023  150 155 161
246  1023 1023 1023  115 122 124
247  1023 1023 1023  87 96 90
248  1023 1023 1023  71 80 80
249  1023 1023 1023  59 66 67
250  825 835 696  54 61 62
251  505 479 378  50 56 59
252  297 268 233  49 54 58
253  168 151 127  47 51 56
254  139 120 136  46 51 56
255  106 116 108  46 51 55
256  76 65 78  46 51 54
257  93 60 74  45 50 53
258  63 52 66  45 51 54
259  65 54 60  45 50 54
260  57 50 62  45 50 54
261  62 52 66  45 50 54
262  64 51 61  45 50 54
263  55 54 63  45 50 55
264  54 46 57  45 50 54
265  53 46 59  46 50 54
266  58 45 57  46 50 54
267  54 46 61  45 50 54
268  65 44 58  46 51 54
269  55 43 58  45 50 54
270  86 44 62  46 50 53
271  61 43 56  45 50 54
272  55 45 57  45 50 53
273  62 45 56  45 50 54
274  54 45 58  45 50 54
275  54 44 56  44 50 54
276  54 45 57  45 50 54
277  54 44 56  45 50 54
278  54 43 56  44 50 53
279  54 43 56  45 50 54
280  54 43 56  45 50 53
281  53 42 55  44 50 54
282  58 43 56  45 50 54
283  54 44 59  45 50 54
284  53 42 55  44 50 54
285  52 43 55  45 50 54
286  53 43 56  45 50 54
287  52 43 55  45 50 54
288  52 48 56  45 50 54
289  54 45 55  46 51 54
290  59 43 54  45 50 53
291  60 42 55  45 50 54
292  62 42 60  45 50 54
293  57 42 55  45 50 54
294  53 44 54  44 50 55
295  53 51 55  45 50 54
296  52 43 55  44 50 54
297  53 43 55  45 50 54
298  76 42 54  47 50 53
299  60 43 56  45 50 54
300  54 45 56  45 50 54
301  55 43 55  46 50 54
302  60 47 55  45 50 54
303  54 44 55  45 51 54
304  52 43 55  45 50 54
305  56 44 63  45 50 54
306  64 42 55  45 50 54
307  54 42 56  44 50 53
308  52 42 54  44 50 54
309  52 42 54  45 50 53
310  52 43 55  45 50 54
311  51 42 56  44 50 53
312  52 42 57  45 50 54
313  53 43 54  45 50 54
314  51 42 54  45 50 53
315  52 43 54  45 50 54
316  52 43 55  45 50 53
317  52 42 55  44 50 54
318  52 42 55  45 50 53
319  53 42 54  45 50 54
320  53 42 54  45 50 54
321  52 41 56  45 50 54
322  53 42 55  45 50 54
323  53 42 55  45 49 53
324  52 42 54  45 50 54
325  53 42 54  44 50 53
326  52 43 54  45 50 54
327  57 69 54  45 51 54
328  53 50 55  45 50 54
329  52 48 54  45 50 53
330  52 51 55  45 50 54
331  52 43 55  45 50 53
332  51 43 55  45 50 54
333  52 42 55  45 51 54
334  52 43 55  45 50 54
335  51 53 54  45 50 54
336  52 42 55  45 50 54
337  52 42 54  44 50 54
338  51 43 54  44 50 54
339  55 42 54  45 50 54
340  57 44 54  45 50 53
341  52 45 54  45 50 54
342  52 63 54  45 50 53
343  52 43 54  45 50 54
344  52 43 55  45 50 54
345  53 42 54  45 50 53
346  52 42 55  45 50 54
347  52 42 55  44 50 53
348  53 46 54  45 50 53
349  52 43 55  45 50 54
350  52 42 53  44 50 53
351  53 42 54  45 50 54
352  52 43 54  45 50 54
353  52 42 55  44 50 54
354  52 42 54  45 50 53
355  52 43 54  45 51 53
356  52 43 54  44 50 54
357  52 42 55  45 50 53
358  51 43 55  45 50 54
359  52 43 55  45 50 54
360  51 42 53  44 49 53
361  51 42 55  45 50 54
362  52 42 54  45 49 54
363  52 42 54  45 49 53
364  57 78 54  45 50 54
365  52 47 54  45 50 54
366  51 42 53  44 49 54
367  52 42 54  45 50 54
368  52 43 60  45 50 54
369  53 43 54  45 50 54
370  53 42 54  45 50 54
371  52 42 55  45 50 54
372  52 42 54  45 49 54
373  52 42 54  45 50 54
374  53 42 54  45 50 55
375  52 42 54  45 50 54
376  52 42 54  45 50 54
377  52 41 54  44 50 53
378  52 42 54  45 50 53
379  52 42 55  45 50 54
380  52 42 54  45 50 53
381  52 43 55  46 50 54
382  52 43 54  45 50 54
383  51 42 55  44 50 53
384  52 43 55  45 50 54
385  52 43 55  44 50 53
386  51 42 55  44 50 54
387  52 42 54  44 50 54
388  52 42 54  44 50 54
389  52 42 55  44 49 54
390  51 42 55  45 50 54
391  52 42 54  45 50 53
392  52 42 54  45 50 54
393  52 43 54  44 50 54
394  52 43 54  45 50 54
395  52 42 54  45 50 54
396  52 43 54  45 49 54
397  52 47 54  45 50 54
398  52 43 57  45 50 54
399  52 42 55  44 50 54
400  52 42 55  45 50 54
401  52 41 55  45 50 54
402  56 41 55  45 50 54
403  51 42 54  44 50 54
404  52 42 55  45 50 54
405  52 42 54  45 50 54
406  52 42 54  45 50 54
407  52 42 55  45 50 54
408  51 43 54  45 51 54
409  52 42 54  45 50 54
410  51 42 54  45 50 54
411  52 43 55  45 50 55
412  52 42 54  45 50 54
413  52 42 60  44 50 55
414  52 42 55  45 50 54
415  51 42 55  45 50 54
416  52 42 54  44 50 54
417  51 42 54  44 50 54
418  52 42 54  45 50 53
419  52 42 54  45 50 54
420  52 45 61  45 50 54
421  52 43 56  45 50 54
422  51 43 55  45 50 55
423  52 42 54  45 50 54
424  51 43 55  45 50 54
425  51 43 55  45 50 54
426  52 42 54  45 50 54
427  52 42 54  45 50 54
428  52 43 55  45 50 54
429  51 42 54  45 50 54
430  52 42 55  44 50 54
431  57 42 54  45 50 54
432  61 42 54  45 50 54
433  54 41 54  45 50 54
434  52 42 54  45 51 54
435  53 42 54  45 50 54
436  52 43 54  44 50 54
437  52 43 54  45 50 54
438  52 43 54  45 50 54
439  52 43 55  44 50 53
440  52 42 54  45 50 54
441  54 42 55  45 50 54
442  53 42 54  45 50 54
443  53 42 54  44 49 54
444  52 43 54  45 49 54
445  53 42 55  45 50 54
446  52 42 54  45 50 54
447  53 42 54  45 50 54
448  52 42 54  45 50 55
449  54 44 54  44 50 54
450  53 43 55  45 50 54
451  52 42 54  45 50 54
452  52 43 54  45 50 53
453  53 51 54  45 50 54
454  52 44 54  45 50 54
455  52 42 54  45 50 54
456  52 45 55  45 50 54
457  52 43 54  45 50 54
458  53 42 55  44 50 54
459  52 42 54  45 50 54
460  52 42 54  45 50 54
461  53 42 55  45 50 54
462  52 42 54  45 50 54
463  53 42 57  45 50 55
464  53 43 56  45 50 54
465  57 42 55  45 50 54
466  52 42 54  45 50 54
467  52 42 54  45 50 54
468  54 43 54  45 50 54
469  52 42 54  45 50 53
470  53 42 53  45 50 54
471  52 42 54  45 50 54
472  52 43 54  45 50 54
473  53 42 54  45 50 54
474  51 42 54  44 51 54
475  52 42 54  45 51 54
476  52 41 54  44 50 54
477  52 42 54  45 50 54
478  52 42 54  45 50 54
479  52 42 54  45 50 54
480  53 42 54  45 50 53
481  53 43 55  46 50 54
482  54 42 54  45 49 54
483  52 42 54  45 50 54
484  52 42 54  45 50 54
485  52 43 54  45 50 54
486  52 44 55  44 50 54
487  53 43 54  45 50 53
488  52 44 55  45 50 54
489  52 42 55  45 50 54
490  52 42 55  45 50 54
491  52 42 54  45 50 54
492  52 41 56  44 50 54
493  53 42 54  45 50 54
494  52 46 54  45 50 54
495  52 42 54  45 50 54
496  52 42 54  45 49 54
497  54 43 55  45 50 55
498  53 42 54  45 50 54
499  52 42 55  44 50 54
500  51 43 54  44 50 54
501  52 41 58  45 50 54
502  51 42 55  45 50 54
503  52 42 55  45 50 54
504  51 41 55  45 49 53
505  52 42 54  45 50 54
506  52 43 54  45 50 54
507  52 42 55  45 50 54
508  52 47 55  45 50 54
509  52 46 54  44 50 54
510  59 44 55  45 50 54
511  52 42 55  45 50 53
512  52 42 55  44 50 54
513  52 42 55  45 50 54
514  52 42 55  45 50 54
515  52 45 56  45 49 54
516  52 46 55  45 50 54
517  52 45 54  45 49 53
518  52 43 55  44 50 54
519  52 44 54  45 50 54
520  52 46 54  45 50 53
521  52 43 55  45 50 54
522  55 43 55  45 50 54
523  52 43 54  44 50 53
524  52 42 54  44 49 54
525  52 42 54  45 50 54
526  52 42 54  44 50 54
527  52 42 54  45 50 54
528  52 42 54  45 50 54
529  51 49 54  44 50 54
530  52 43 54  45 50 54
531  52 43 54  44 50 54
532  52 45 54  45 50 54
533  52 43 54  44 50 54
534  52 43 54  45 51 54
535  52 50 55  44 51 54
536  52 42 55  45 50 54
537  52 42 55  44 50 53
538  52 42 54  45 50 54
539  53 43 54  44 50 54
540  59 43 55  45 50 54
541  52 42 54  45 50 54
542  52 41 54  44 50 54
543  52 42 55  45 50 54
544  52 42 54  45 50 54
545  51 41 54  45 50 54
546  52 42 54  45 50 54
547  51 44 54  45 51 54
548  52 42 54  44 50 54
549  52 42 54  44 50 54
550  52 42 54  44 50 54
551  52 42 54  45 50 54
552  51 42 54  45 50 54
553  52 42 54  45 50 54
554  52 43 58  44 49 54
555  51 42 54  45 50 54
556  51 42 55  45 50 53
557  52 42 54  45 50 54
558  52 42 54  45 50 53
559  53 42 55  45 50 54
560  52 42 54  44 49 54
561  53 42 54  45 50 54
562  57 43 54  45 50 53
563  52 43 54  45 50 54
564  53 46 54  44 50 54
565  53 41 54  44 50 54
566  52 42 54  45 50 54
567  52 42 54  45 50 54
568  52 42 54  45 49 53
569  52 43 55  45 50 53
570  53 42 54  45 50 54
571  53 42 55  45 50 54
572  52 42 55  44 50 54
573  53 43 54  44 50 54
574  52 42 54  44 50 54
575  52 42 69  44 50 54
576  52 42 58  45 51 54
577  52 42 55  45 50 54
578  51 41 55  44 50 54
579  52 42 54  45 50 54
580  52 41 55  46 50 54
581  51 41 54  45 50 54
582  52 42 54  45 50 54
583  52 42 54  45 50 54
584  52 42 54  44 50 54
585  52 42 54  45 50 54
586  53 42 54  44 50 54
587  52 42 58  44 51 55
588  52 43 56  44 50 54
589  52 42 54  45 50 54
590  53 42 54  44 50 54
591  52 42 54  45 50 54
592  52 42 54  45 50 55
593  52 42 54  45 50 54
594  52 42 54  45 50 54
595  52 42 54  45 50 54
596  52 43 55  45 50 54
597  54 53 55  44 50 54
598  52 43 55  44 50 54
599  52 42 55  45 50 54
600  52 42 54  45 50 53
601  52 43 54  44 50 54
602  52 42 54  45 50 54
603  53 42 54  44 50 54
604  52 42 54  45 50 54
605  52 43 54  45 50 54
606  52 42 54  45 50 54
607  52 42 54  44 49 53
608  52 41 55  45 50 54
609  52 42 55  44 49 54
610  52 42 55  45 50 55
611  52 43 54  44 49 54
612  52 42 54  45 50 54
613  52 42 55  44 50 54
614  52 42 55  45 50 54
615  52 42 54  44 50 54
616  55 42 54  45 50 54
617  53 43 54  44 50 53
618  53 41 54  45 50 54
619  52 42 55  44 50 54
620  52 42 54  45 49 54
621  52 42 54  45 50 54
622  52 42 55  45 50 54
623  51 43 54  45 50 54
624  52 42 54  45 50 54
625  52 42 54  44 50 54
626  52 42 54  45 50 54
627  52 41 54  45 50 54
628  52 42 54  45 50 54
629  52 42 55  45 50 54
630  52 42 55  45 50 54
631  52 42 54  44 50 54
632  53 42 54  45 50 54
633  52 42 54  45 49 54
634  52 42 54  45 50 54
635  52 42 54  45 50 53
636  52 42 55  45 50 54
637  52 42 54  45 50 54
638  52 42 54  45 50 53
639  52 42 54  45 50 54
640  52 42 54  45 50 55
641  52 42 54  45 50 54
642  52 41 54  44 50 54
643  52 42 54  44 50 54
644  53 42 54  44 50 54
645  52 41 54  44 50 54
646  52 45 54  45 50 54
647  53 42 55  45 50 53
648  52 42 54  44 50 54
649  52 42 54  45 51 54
650  52 42 54  45 50 53
651  52 43 55  45 50 54
652  52 42 54  45 50 54
653  52 42 55  45 50 54
654  52 42 54  45 50 54
655  52 42 54  45 50 54
656  52 42 54  45 49 54
657  57 42 54  45 50 53
658  52 42 54  45 50 54
659  52 42 54  45 50 53
660  53 42 54  45 50 54
661  52 42 54  45 50 54
662  52 42 54  45 50 54
663  52 42 54  45 50 55
664  51 42 54  44 50 54
665  52 42 55  45 50 54
666  52 42 55  44 50 54
667  51 43 55  45 50 54
668  52 42 54  44 50 54
669  52 42 55  44 50 54
670  52 42 55  45 50 54
671  52 42 54  45 50 54
672  52 41 54  45 50 54
673  51 43 54  45 50 54
674  52 42 55  45 50 54
675  52 42 55  44 50 54
676  52 43 55  45 50 54
677  52 43 55  45 50 54
678  52 42 54  45 49 53
679  52 43 54  45 50 54
680  51 42 55  45 50 54
681  51 42 54  44 50 54
682  52 42 54  45 50 54
683  52 42 54  44 50 54
684  52 42 54  44 50 54
685  52 42 54  45 50 54
686  52 42 53  45 50 54
687  53 42 54  44 50 54
688  52 42 55  45 50 53
689  53 42 55  45 50 54
690  52 42 54  45 50 54
691  54 42 55  44 50 54
692  52 42 54  45 50 54
693  52 42 54  44 50 54
694  52 42 55  45 50 54
695  52 42 54  44 51 54
696  52 42 55  45 50 54
697  52 42 54  44 50 54
698  52 42 54  45 50 54
699  52 42 54  45 50 54
700  53 42 54  45 50 54
701  52 41 54  44 50 54
702  53 43 54  45 50 54
703  52 42 54  44 50 54
704  52 43 54  45 49 54
705  52 42 54  44 50 54
706  52 43 54  45 50 54
707  52 43 54  45 50 54
708  52 41 54  44 50 53
709  52 42 59  45 50 54
710  52 42 54  45 50 54
711  52 42 54  44 49 54
712  52 42 54  45 50 54
713  52 42 55  45 50 54
714  52 42 54  44 50 54
715  53 42 54  46 50 54
716  53 42 54  45 50 54
717  53 43 54  45 49 54
718  52 42 54  45 50 53
719  52 42 54  45 50 54
720  52 42 54  44 50 54
721  52 43 54  45 50 54
722  52 42 54  45 50 55
723  52 42 54  45 50 54
724  52 42 54  45 50 54
725  52 42 54  45 50 54
726  53 42 54  45 50 54
727  53 42 54  45 50 54
728  53 42 55  45 50 54
729  52 42 54  46 49 54
730  52 43 54  45 50 54
731  52 42 54  45 50 54
732  52 42 54  45 50 54
733  53 43 54  45 50 54
734  52 42 54  45 50 54
735  52 42 55  45 50 54
736  52 42 54  44 50 54
737  52 42 54  45 51 54
738  52 42 54  45 50 54
739  52 42 54  45 50 53
740  52 42 54  45 50 54
741  52 42 54  44 50 53
742  52 42 54  45 50 54
743  52 42 54  45 50 54
744  52 42 54  45 50 53
745  52 42 54  45 50 53
746  52 43 54  45 50 54
747  55 42 54  44 51 53
748  52 41 54  44 50 54
749  52 42 54  45 50 54
750  52 43 54  45 50 54
751  52 42 54  45 50 54
752  52 42 54  45 50 54
753  52 42 55  45 49 53
754  52 42 54  45 50 54
755  52 42 54  45 50 54
756  52 42 54  45 50 54
757  52 42 53  45 50 54
758  51 42 54  45 50 54
759  52 42 55  45 49 54
760  52 42 54  44 50 54
761  52 42 55  45 49 54
762  52 43 54  45 50 54
763  52 42 54  45 50 53
764  53 42 54  45 50 54
765  52 43 54  45 50 54
766  52 43 54  45 50 54
767  53 42 54  45 50 54
