1107 7 908 11 1140 2 3156 0
1108 18 909 20 1141 7 3157 0
1109 44 910 49 1142 19 3158 3
1110 82 911 65 1143 37 3159 2
1111 125 912 127 1144 83 3160 13
1112 199 913 176 1145 173 3161 37
1113 278 914 245 1146 251 3162 53
1114 344 915 290 1147 314 3163 110
1115 443 916 370 1148 440 3164 152
1116 478 917 421 1149 550 3165 212
1117 540 918 524 1150 581 3166 290
1118 628 919 580 1151 655 3167 395
1119 730 920 604 1152 747 3168 444
1120 722 921 683 1153 820 3169 478
1121 819 922 730 1154 910 3170 606
1122 848 923 789 1155 999 3171 664
1123 861 924 828 1156 986 3172 790
1124 955 925 890 1157 1018 3173 835
1125 963 926 945 1158 1057 3174 876
1126 996 927 897 1159 1122 3175 972
1127 1033 928 937 1160 1129 3176 997
1128 990 929 911 1161 1141 3177 1079
1129 1040 930 1078 1162 1175 3178 1132
1130 1052 931 1027 1163 1124 3179 1066
1131 1094 932 1058 1164 1135 3180 1224
1132 1102 933 988 1165 1124 3181 1172
1133 1087 934 1027 1166 1146 3182 1235
1134 1060 935 1068 1167 1148 3183 1188
1135 1027 936 1101 1168 1104 3184 1208
1136 1000 937 1055 1169 1112 3185 1168
1137 1070 938 1053 1170 1157 3186 1160
1138 1040 939 1067 1171 1119 3187 1144
1139 1020 940 1040 1172 1170 3188 1114
1140 1001 941 1062 1173 1100 3189 1118
1141 1024 942 988 1174 1086 3190 1141
1142 939 943 1073 1175 1098 3191 1066
1143 969 944 1024 1176 1078 3192 1155
1144 950 945 976 1177 1015 3193 1150
1145 985 946 977 1178 1002 3194 1063
1146 924 947 936 1179 1025 3195 1052
1147 932 948 977 1180 949 3196 1090
1148 975 949 914 1181 958 3197 1007
1149 942 950 938 1182 968 3198 987
1150 862 951 963 1183 927 3199 1024
1151 840 952 949 1184 934 3200 985
1152 913 953 855 1185 938 3201 896
1153 927 954 948 1186 880 3202 885
1154 827 955 894 1187 924 3203 945
1155 823 956 850 1188 873 3204 888
1156 867 957 818 1189 901 3205 902
1157 798 958 843 1190 859 3206 845
1158 812 959 826 1191 882 3207 825
1159 763 960 867 1192 812 3208 857
1160 788 961 808 1193 821 3209 805
1161 821 962 829 1194 911 3210 793
1162 778 963 798 1195 807 3211 781
1163 746 964 799 1196 847 3212 822
1164 806 965 792 1197 838 3213 748
1165 778 966 821 1198 805 3214 738
1166 720 967 730 1199 827 3215 724
1167 737 968 802 1200 808 3216 694
1168 712 969 749 1201 778 3217 793
1169 757 970 798 1202 780 3218 656
1170 744 971 719 1203 807 3219 686
1171 740 972 715 1204 724 3220 701
1172 700 973 760 1205 764 3221 670
1173 712 974 692 1206 784 3222 637
1174 721 975 758 1207 755 3223 639
1175 678 976 735 1208 767 3224 734
1176 695 977 730 1209 789 3225 634
1177 764 978 727 1210 825 3226 617
1178 741 979 734 1211 746 3227 683
1179 683 980 704 1212 716 3228 616
1180 692 981 717 1213 799 3229 689
1181 733 982 747 1214 773 3230 592
1182 733 983 751 1215 817 3231 581
1183 646 984 739 1216 784 3232 604
1184 689 985 722 1217 820 3233 587
1185 762 986 726 1218 785 3234 599
1186 766 987 768 1219 841 3235 572
1187 690 988 717 1220 791 3236 535
1188 744 989 710 1221 832 3237 566
1189 748 990 767 1222 840 3238 669
1190 740 991 768 1223 836 3239 564
1191 726 992 769 1224 793 3240 589
1192 683 993 715 1225 852 3241 605
1193 754 994 775 1226 856 3242 585
1194 694 995 791 1227 869 3243 587
1195 792 996 746 1228 898 3244 583
1196 731 997 835 1229 904 3245 609
1197 727 998 772 1230 841 3246 575
1198 782 999 812 1231 912 3247 607
1199 769 1000 848 1232 979 3248 606
1200 806 1001 815 1233 958 3249 695
1201 783 1002 842 1234 942 3250 673
1202 783 1003 838 1235 937 3251 671
1203 827 1004 801 1236 980 3252 645
1204 788 1005 771 1237 973 3253 646
1205 824 1006 845 1238 915 3254 677
1206 847 1007 810 1239 957 3255 659
1207 869 1008 803 1240 977 3256 708
1208 840 1009 823 1241 975 3257 734
1209 834 1010 812 1242 968 3258 710
1210 822 1011 817 1243 923 3259 760
1211 832 1012 863 1244 937 3260 780
1212 835 1013 870 1245 975 3261 827
1213 876 1014 858 1246 968 3262 829
1214 876 1015 868 1247 968 3263 811
1215 848 1016 840 1248 966 3264 884
1216 868 1017 864 1249 975 3265 942
1217 906 1018 864 1250 966 3266 901
1218 897 1019 874 1251 968 3267 918
1219 839 1020 854 1252 941 3268 934
1220 919 1021 931 1253 971 3269 970
1221 967 1022 870 1254 955 3270 1010
1222 861 1023 868 1255 992 3271 1063
1223 904 1024 871 1256 977 3272 989
1224 864 1025 881 1257 969 3273 1073
1225 894 1026 825 1258 982 3274 1155
1226 895 1027 860 1259 972 3275 1113
1227 923 1028 942 1260 978 3276 1120
1228 930 1029 920 1261 907 3277 1141
1229 838 1030 871 1262 913 3278 1092
1230 878 1031 878 1263 970 3279 1137
1231 866 1032 879 1264 897 3280 1185
1232 860 1033 860 1265 933 3281 1132
1233 850 1034 870 1266 902 3282 1175
1234 858 1035 863 1267 922 3283 1089
1235 871 1036 839 1268 880 3284 1165
1236 880 1037 888 1269 876 3285 1173
1237 942 1038 862 1270 917 3286 1138
1238 869 1039 904 1271 890 3287 1134
1239 829 1040 873 1272 874 3288 1169
1240 857 1041 840 1273 823 3289 1135
1241 830 1042 880 1274 864 3290 1149
1242 898 1043 870 1275 810 3291 1191
1243 838 1044 818 1276 873 3292 1118
1244 771 1045 841 1277 825 3293 1170
1245 854 1046 835 1278 799 3294 1175
1246 814 1047 838 1279 818 3295 1154
1247 849 1048 796 1280 822 3296 1105
1248 820 1049 827 1281 778 3297 1107
1249 782 1050 784 1282 798 3298 1113
1250 785 1051 796 1283 838 3299 1122
1251 765 1052 791 1284 731 3300 1087
1252 750 1053 742 1285 754 3301 1077
1253 794 1054 790 1286 794 3302 1049
1254 815 1055 731 1287 753 3303 1052
1255 714 1056 780 1288 778 3304 968
1256 764 1057 772 1289 722 3305 982
1257 752 1058 743 1290 690 3306 958
1258 706 1059 771 1291 685 3307 929
1259 706 1060 705 1292 689 3308 909
1260 725 1061 731 1293 656 3309 905
1261 793 1062 696 1294 704 3310 832
1262 672 1063 676 1295 621 3311 900
1263 688 1064 724 1296 644 3312 812
1264 662 1065 686 1297 636 3313 822
1265 687 1066 698 1298 633 3314 781
1266 696 1067 693 1299 626 3315 848
1267 711 1068 652 1300 575 3316 698
1268 669 1069 664 1301 601 3317 781
1269 645 1070 580 1302 576 3318 729
1270 667 1071 639 1303 554 3319 740
1271 625 1072 670 1304 549 3320 673
1272 622 1073 631 1305 568 3321 677
1273 606 1074 595 1306 559 3322 708
1274 591 1075 588 1307 504 3323 684
1275 622 1076 603 1308 509 3324 636
1276 614 1077 590 1309 536 3325 602
1277 546 1078 584 1310 498 3326 580
1278 569 1079 595 1311 490 3327 583
1279 565 1080 568 1312 488 3328 563
1280 564 1081 562 1313 523 3329 530
1281 513 1082 498 1314 484 3330 602
1282 469 1083 507 1315 445 3331 518
1283 506 1084 544 1316 471 3332 547
1284 502 1085 501 1317 424 3333 522
1285 530 1086 542 1318 398 3334 513
1286 529 1087 455 1319 460 3335 486
1287 531 1088 508 1320 438 3336 454
1288 527 1089 471 1321 447 3337 449
1289 502 1090 486 1322 432 3338 433
1290 480 1091 506 1323 393 3339 465
1291 481 1092 447 1324 381 3340 422
1292 481 1093 474 1325 384 3341 353
1293 457 1094 443 1326 348 3342 399
1294 433 1095 428 1327 334 3343 417
1295 468 1096 434 1328 364 3344 343
1296 420 1097 457 1329 354 3345 368
1297 467 1098 427 1330 351 3346 340
1298 400 1099 420 1331 319 3347 402
1299 470 1100 399 1332 308 3348 365
1300 384 1101 393 1333 300 3349 340
1301 387 1102 434 1334 332 3350 332
1302 409 1103 364 1335 328 3351 315
1303 351 1104 387 1336 312 3352 317
1304 368 1105 389 1337 299 3353 296
1305 376 1106 374 1338 295 3354 327
1306 388 1107 369 1339 289 3355 299
1307 354 1108 334 1340 288 3356 283
1308 320 1109 326 1341 271 3357 307
1309 357 1110 338 1342 276 3358 303
1310 341 1111 364 1343 255 3359 280
1311 347 1112 325 1344 286 3360 279
1312 364 1113 329 1345 257 3361 239
1313 318 1114 336 1346 266 3362 247
1314 314 1115 313 1347 234 3363 256
1315 349 1116 312 1348 258 3364 262
1316 310 1117 318 1349 241 3365 253
1317 300 1118 306 1350 240 3366 255
1318 299 1119 276 1351 237 3367 221
1319 289 1120 303 1352 227 3368 231
1320 311 1121 269 1353 207 3369 216
1321 263 1122 266 1354 212 3370 191
1322 282 1123 269 1355 224 3371 209
1323 307 1124 290 1356 209 3372 192
1324 288 1125 264 1357 213 3373 195
1325 288 1126 241 1358 216 3374 200
1326 235 1127 264 1359 189 3375 202
1327 264 1128 288 1360 167 3376 182
1328 255 1129 247 1361 172 3377 160
1329 229 1130 241 1362 177 3378 200
1330 239 1131 224 1363 170 3379 175
1331 257 1132 235 1364 172 3380 147
1332 236 1133 249 1365 176 3381 168
1333 261 1134 209 1366 183 3382 172
1334 247 1135 219 1367 173 3383 175
1335 210 1136 238 1368 169 3384 170
1336 185 1137 255 1369 150 3385 151
1337 199 1138 199 1370 143 3386 162
1338 207 1139 199 1371 141 3387 191
1339 209 1140 177 1372 146 3388 139
1340 224 1141 219 1373 149 3389 139
1341 209 1142 210 1374 155 3390 137
1342 191 1143 182 1375 159 3391 152
1343 209 1144 168 1376 143 3392 139
1344 183 1145 185 1377 142 3393 161
1345 159 1146 186 1378 150 3394 147
1346 173 1147 187 1379 119 3395 138
1347 158 1148 178 1380 122 3396 136
1348 185 1149 186 1381 117 3397 162
1349 168 1150 171 1382 136 3398 118
1350 151 1151 193 1383 128 3399 140
1351 152 1152 155 1384 133 3400 138
1352 176 1153 155 1385 105 3401 126
1353 156 1154 144 1386 120 3402 120
1354 159 1155 157 1387 98 3403 137
1355 152 1156 155 1388 118 3404 122
1356 148 1157 128 1389 107 3405 110
1357 161 1158 140 1390 105 3406 104
1358 165 1159 146 1391 101 3407 101
1359 144 1160 137 1392 94 3408 102
1360 128 1161 139 1393 114 3409 116
1361 115 1162 139 1394 110 3410 105
1362 138 1163 135 1395 79 3411 100
1363 127 1164 145 1396 91 3412 98
1364 135 1165 126 1397 108 3413 102
1365 131 1166 121 1398 88 3414 96
1366 121 1167 140 1399 92 3415 99
1367 125 1168 108 1400 114 3416 83
1368 131 1169 120 1401 80 3417 98
1369 118 1170 131 1402 99 3418 94
1370 103 1171 112 1403 89 3419 84
1371 124 1172 134 1404 93 3420 88
1372 118 1173 102 1405 83 3421 83
1373 90 1174 120 1406 93 3422 83
1374 111 1175 114 1407 58 3423 79
1375 87 1176 96 1408 92 3424 71
1376 104 1177 81 1409 71 3425 85
1377 101 1178 88 1410 76 3426 93
1378 112 1179 87 1411 69 3427 104
1379 95 1180 111 1412 78 3428 72
1380 99 1181 112 1413 81 3429 90
1381 105 1182 81 1414 81 3430 71
1382 80 1183 111 1415 69 3431 74
1383 97 1184 103 1416 63 3432 82
1384 92 1185 107 1417 73 3433 64
1385 101 1186 86 1418 85 3434 70
1386 92 1187 109 1419 63 3435 64
1387 90 1188 92 1420 65 3436 69
1388 91 1189 88 1421 78 3437 62
1389 89 1190 93 1422 59 3438 85
1390 87 1191 71 1423 53 3439 71
1391 74 1192 96 1424 62 3440 62
1392 87 1193 71 1425 64 3441 71
1393 78 1194 83 1426 55 3442 73
1394 81 1195 67 1427 49 3443 61
1395 76 1196 77 1428 70 3444 55
1396 90 1197 87 1429 56 3445 58
1397 88 1198 89 1430 63 3446 58
1398 78 1199 83 1431 52 3447 60
1399 68 1200 74 1432 60 3448 54
1400 65 1201 77 1433 66 3449 69
1401 70 1202 60 1434 65 3450 43
1402 71 1203 86 1435 52 3451 51
1403 60 1204 78 1436 45 3452 67
1404 67 1205 77 1437 60 3453 50
1405 68 1206 72 1438 41 3454 54
1406 74 1207 69 1439 68 3455 53
1407 58 1208 57 1440 53 3456 58
1408 67 1209 61 1441 42 3457 44
1409 49 1210 53 1442 62 3458 52
1410 59 1211 52 1443 60 3459 44
1411 72 1212 60 1444 50 3460 40
1412 59 1213 64 1445 58 3461 63
1413 56 1214 64 1446 38 3462 54
1414 64 1215 51 1447 47 3463 36
1415 56 1216 59 1448 45 3464 40
1416 74 1217 63 1449 52 3465 41
1417 71 1218 57 1450 46 3466 46
1418 55 1219 56 1451 45 3467 38
1419 65 1220 50 1452 41 3468 47
1420 58 1221 61 1453 35 3469 45
1421 70 1222 51 1454 46 3470 47
1422 59 1223 68 1455 49 3471 34
1423 44 1224 48 1456 42 3472 25
1424 45 1225 54 1457 46 3473 38
1425 58 1226 52 1458 50 3474 43
1426 56 1227 49 1459 52 3475 34
1427 58 1228 49 1460 39 3476 46
1428 51 1229 59 1461 46 3477 46
1429 42 1230 49 1462 40 3478 42
1430 39 1231 55 1463 30 3479 49
1431 59 1232 50 1464 38 3480 35
1432 52 1233 48 1465 40 3481 49
1433 45 1234 57 1466 33 3482 31
1434 49 1235 44 1467 23 3483 38
1435 36 1236 52 1468 37 3484 37
1436 49 1237 44 1469 34 3485 39
1437 49 1238 45 1470 28 3486 42
1438 56 1239 48 1471 42 3487 50
1439 48 1240 56 1472 25 3488 35
1440 41 1241 49 1473 32 3489 31
1441 39 1242 43 1474 40 3490 43
1442 34 1243 49 1475 35 3491 24
1443 32 1244 36 1476 31 3492 32
1444 52 1245 45 1477 41 3493 32
1445 46 1246 44 1478 34 3494 25
1446 47 1247 38 1479 24 3495 38
1447 46 1248 34 1480 28 3496 27
1448 46 1249 43 1481 28 3497 33
1449 40 1250 41 1482 30 3498 28
1450 41 1251 49 1483 29 3499 19
1451 46 1252 34 1484 26 3500 23
1452 40 1253 39 1485 32 3501 19
1453 37 1254 38 1486 33 3502 28
1454 32 1255 42 1487 26 3503 30
1455 41 1256 30 1488 33 3504 36
1456 45 1257 38 1489 24 3505 18
1457 45 1258 29 1490 32 3506 22
1458 29 1259 38 1491 30 3507 22
1459 34 1260 41 1492 26 3508 27
1460 34 1261 26 1493 32 3509 30
1461 27 1262 38 1494 29 3510 36
1462 43 1263 39 1495 28 3511 27
1463 29 1264 37 1496 32 3512 19
1464 33 1265 28 1497 28 3513 22
1465 25 1266 31 1498 23 3514 38
1466 24 1267 43 1499 20 3515 26
1467 36 1268 38 1500 33 3516 29
1468 36 1269 19 1501 27 3517 20
1469 30 1270 23 1502 24 3518 17
1470 26 1271 33 1503 23 3519 20
1471 40 1272 28 1504 18 3520 25
1472 28 1273 33 1505 26 3521 26
1473 30 1274 27 1506 20 3522 25
1474 26 1275 36 1507 27 3523 18
1475 34 1276 24 1508 22 3524 27
1476 35 1277 21 1509 14 3525 28
1477 18 1278 32 1510 23 3526 22
1478 14 1279 25 1511 16 3527 22
1479 23 1280 30 1512 17 3528 23
1480 21 1281 30 1513 24 3529 15
1481 23 1282 27 1514 19 3530 28
1482 24 1283 27 1515 29 3531 17
1483 35 1284 26 1516 24 3532 21
1484 24 1285 27 1517 14 3533 27
1485 33 1286 31 1518 18 3534 10
1486 24 1287 25 1519 23 3535 18
1487 26 1288 31 1520 21 3536 19
1488 22 1289 26 1521 17 3537 17
1489 27 1290 33 1522 22 3538 18
1490 33 1291 41 1523 16 3539 24
1491 23 1292 21 1524 20 3540 18
1492 26 1293 29 1525 20 3541 20
1493 21 1294 23 1526 29 3542 15
1494 28 1295 26 1527 22 3543 15
1495 13 1296 20 1528 20 3544 11
1496 18 1297 30 1529 20 3545 15
1497 27 1298 21 1530 18 3546 20
1498 16 1299 27 1531 26 3547 22
1499 24 1300 24 1532 16 3548 19
1500 28 1301 22 1533 20 3549 15
1501 29 1302 26 1534 19 3550 16
1502 23 1303 25 1535 8 3551 11
1503 29 1304 25 1536 18 3552 14
1504 22 1305 19 1537 16 3553 15
1505 24 1306 17 1538 12 3554 25
1506 20 1307 15 1539 26 3555 15
1507 63 1308 66 1540 42 3556 42
1508 52 1309 54 1541 47 3557 50
1509 68 1310 68 1542 30 3558 36
1510 56 1311 63 1543 43 3559 43
1511 69 1312 62 1544 46 3560 49
1512 55 1313 46 1545 54 3561 38
1513 55 1314 62 1546 27 3562 45
1514 56 1315 52 1547 42 3563 41
1515 47 1316 60 1548 42 3564 37
1516 49 1317 51 1549 39 3565 38
1517 69 1318 56 1550 47 3566 35
1518 59 1319 40 1551 46 3567 33
1519 43 1320 40 1552 38 3568 36
1520 49 1321 41 1553 34 3569 36
1521 33 1322 45 1554 27 3570 28
1522 39 1323 51 1555 34 3571 34
1523 46 1324 40 1556 39 3572 32
1524 46 1325 34 1557 27 3573 28
1525 35 1326 28 1558 38 3574 32
1526 42 1327 45 1559 29 3575 22
1527 33 1328 28 1560 30 3576 22
1528 42 1329 33 1561 32 3577 24
1529 34 1330 31 1562 37 3578 18
1530 31 1331 40 1563 25 3579 31
1531 37 1332 34 1564 24 3580 21
1532 30 1333 22 1565 23 3581 20
1533 29 1334 30 1566 27 3582 20
1534 36 1335 33 1567 29 3583 26
1535 26 1336 27 1568 30 3584 28
1536 30 1337 27 1569 22 3585 19
1537 24 1338 24 1570 27 3586 14
1538 28 1339 27 1571 30 3587 27
1539 20 1340 15 1572 18 3588 12
1540 27 1341 29 1573 23 3589 17
1541 29 1342 26 1574 14 3590 18
1542 24 1343 28 1575 16 3591 12
1543 27 1344 26 1576 15 3592 22
1544 29 1345 19 1577 13 3593 17
1545 28 1346 24 1578 23 3594 14
1546 24 1347 22 1579 20 3595 16
1547 14 1348 23 1580 14 3596 17
1548 18 1349 21 1581 19 3597 7
1549 13 1350 21 1582 16 3598 18
1550 38 1351 21 1583 10 3599 9
1551 22 1352 21 1584 20 3600 14
1552 22 1353 21 1585 12 3601 16
1553 22 1354 14 1586 14 3602 9
1554 22 1355 20 1587 11 3603 11
1555 22 1356 19 1588 15 3604 13
1556 18 1357 19 1589 22 3605 15
1557 17 1358 20 1590 6 3606 6
1558 19 1359 10 1591 12 3607 13
1559 16 1360 15 1592 11 3608 9
1560 20 1361 31 1593 21 3609 9
1561 12 1362 10 1594 8 3610 12
1562 9 1363 18 1595 8 3611 12
1563 9 1364 16 1596 9 3612 10
1564 19 1365 16 1597 8 3613 14
1565 14 1366 16 1598 5 3614 1
1566 14 1367 20 1599 8 3615 13
1567 18 1368 8 1600 6 3616 7
1568 14 1369 21 1601 12 3617 6
1569 15 1370 8 1602 6 3618 6
1570 8 1371 9 1603 7 3619 11
1571 8 1372 11 1604 14 3620 8
1572 12 1373 10 1605 10 3621 9
1573 11 1374 11 1606 13 3622 8
1574 13 1375 14 1607 6 3623 7
1575 11 1376 15 1608 6 3624 9
1576 12 1377 19 1609 10 3625 8
1577 8 1378 14 1610 7 3626 11
1578 15 1379 10 1611 2 3627 8
1579 9 1380 15 1612 3 3628 9
1580 12 1381 10 1613 9 3629 12
1581 11 1382 8 1614 9 3630 5
1582 9 1383 12 1615 10 3631 3
1583 10 1384 11 1616 7 3632 10
1584 7 1385 9 1617 6 3633 4
1585 13 1386 11 1618 8 3634 8
1586 14 1387 14 1619 2 3635 10
1587 8 1388 10 1620 8 3636 7
1588 11 1389 8 1621 5 3637 8
1589 3 1390 5 1622 5 3638 7
1590 6 1391 11 1623 6 3639 5
1591 6 1392 8 1624 7 3640 7
1592 11 1393 14 1625 5 3641 3
1593 3 1394 6 1626 9 3642 7
1594 6 1395 6 1627 2 3643 9
1595 8 1396 8 1628 4 3644 4
1596 8 1397 7 1629 3 3645 8
1597 7 1398 9 1630 10 3646 7
1598 11 1399 8 1631 7 3647 3
1599 10 1400 8 1632 8 3648 4
1600 5 1401 12 1633 8 3649 5
1601 7 1402 6 1634 4 3650 0
1602 15 1403 6 1635 6 3651 3
1603 5 1404 6 1636 6 3652 6
1604 4 1405 11 1637 1 3653 3
1605 7 1406 8 1638 1 3654 3
1606 8 1407 8 1639 1 3655 5
1607 6 1408 6 1640 6 3656 4
1608 5 1409 8 1641 7 3657 4
1609 6 1410 8 1642 5 3658 7
1610 5 1411 6 1643 3 3659 4
1611 4 1412 12 1644 7 3660 1
1612 7 1413 6 1645 6 3661 5
1613 5 1414 5 1646 2 3662 3
1614 4 1415 6 1647 4 3663 4
1615 4 1416 4 1648 7 3664 5
1616 4 1417 11 1649 4 3665 3
1617 4 1418 5 1650 5 3666 4
1618 3 1419 11 1651 2 3667 3
1619 4 1420 4 1652 7 3668 5
1620 7 1421 5 1653 5 3669 6
1621 3 1422 4 1654 2 3670 5
1622 1 1423 9 1655 4 3671 5
1623 6 1424 3 1656 4 3672 7
1624 6 1425 6 1657 7 3673 5
1625 7 1426 8 1658 2 3674 2
1626 8 1427 7 1659 5 3675 5
1627 1 1428 3 1660 3 3676 1
1628 10 1429 4 1661 5 3677 2
1629 4 1430 1 1662 6 3678 2
1630 2 1431 5 1663 2 3679 6
1631 4 1432 5 1664 3 3680 5
1632 7 1433 3 1665 2 3681 2
1633 5 1434 8 1666 4 3682 7
1634 4 1435 6 1667 4 3683 4
1635 5 1436 3 1668 5 3684 5
1636 4 1437 7 1669 3 3685 2
1637 5 1438 5 1670 2 3686 6
1638 6 1439 6 1671 2 3687 3
1639 4 1440 7 1672 1 3688 1
1640 5 1441 3 1673 5 3689 4
1641 5 1442 1 1674 2 3690 1
1642 2 1443 2 1675 4 3691 4
1643 2 1444 2 1676 3 3692 3
1644 0 1445 6 1677 1 3693 3
1645 1 1446 8 1678 1 3694 4
1646 4 1447 1 1679 4 3695 0
1647 2 1448 7 1680 4 3696 5
1648 2 1449 5 1681 0 3697 3
1649 3 1450 3 1682 2 3698 3
1650 4 1451 1 1683 1 3699 4
1651 2 1452 3 1684 6 3700 2
1652 4 1453 7 1685 5 3701 2
1653 7 1454 3 1686 6 3702 2
1654 3 1455 2 1687 1 3703 3
1655 1 1456 2 1688 0 3704 3
1656 1 1457 2 1689 2 3705 2
1657 1 1458 1 1690 1 3706 5
1658 3 1459 2 1691 7 3707 2
1659 2 1460 2 1692 2 3708 1
1660 2 1461 1 1693 4 3709 2
1661 3 1462 3 1694 1 3710 0
1662 3 1463 2 1695 1 3711 3
1663 2 1464 5 1696 3 3712 2
1664 3 1465 0 1697 3 3713 6
1665 3 1466 5 1698 3 3714 2
1666 2 1467 5 1699 2 3715 3
1667 3 1468 3 1700 3 3716 1
1668 2 1469 1 1701 0 3717 1
1669 2 1470 4 1702 0 3718 5
1670 1 1471 3 1703 1 3719 3
1671 6 1472 2 1704 0 3720 2
1672 1 1473 2 1705 3 3721 1
1673 6 1474 0 1706 1 3722 1
1674 5 1475 0 1707 0 3723 1
1675 3 1476 2 1708 3 3724 1
1676 2 1477 2 1709 0 3725 2
1677 1 1478 4 1710 1 3726 1
1678 3 1479 6 1711 0 3727 0
1679 2 1480 2 1712 1 3728 1
1680 1 1481 4 1713 0 3729 1
1681 1 1482 2 1714 4 3730 5
1682 2 1483 3 1715 3 3731 4
1683 1 1484 6 1716 3 3732 5
1684 2 1485 2 1717 0 3733 0
1685 1 1486 5 1718 2 3734 4
1686 1 1487 3 1719 2 3735 2
1687 1 1488 0 1720 2 3736 0
1688 1 1489 3 1721 4 3737 1
1689 2 1490 3 1722 1 3738 1
1690 1 1491 4 1723 4 3739 2
1691 3 1492 1 1724 1 3740 5
1692 1 1493 1 1725 0 3741 3
1693 0 1494 3 1726 3 3742 1
1694 3 1495 3 1727 3 3743 2
1695 1 1496 3 1728 1 3744 1
1696 1 1497 1 1729 1 3745 1
1697 2 1498 2 1730 1 3746 1
1698 1 1499 4 1731 2 3747 3
1699 1 1500 2 1732 2 3748 0
1700 0 1501 0 1733 3 3749 1
1701 2 1502 0 1734 1 3750 1
1702 2 1503 3 1735 1 3751 0
1703 4 1504 2 1736 3 3752 1
1704 1 1505 1 1737 1 3753 2
1705 0 1506 0 1738 0 3754 2
1706 257 1507 238 1739 217 3755 1
