0 1300492 1067415 1339472
25 1302727 1067706 1339836
50 1648062 1195495 1434738
75 2148793 1889468 2128490
100 1901756 1721965 1966611
125 1680142 1496992 1749179
150 1542064 1346892 1601960
175 1452902 1245573 1505513
200 1394273 1180111 1443658
225 1357552 1135610 1399469
250 1336996 1109127 1376913
275 1323217 1093333 1361934
300 1315094 1082959 1353749
325 1309965 1078376 1348332
350 1307445 1074473 1344594
375 1306106 1071509 1342747
400 1305256 1070858 1342164
425 1303974 1069812 1341557
450 1303259 1069635 1341612
475 1302387 1069321 1341074
