55 0 45 0 57 0
56 0 46 0 58 0
57 0 47 0 59 0
58 0 48 0 60 1
59 1034 49 974 61 1357
60 1471 50 1404 62 1961
61 1942 51 1811 63 2575
62 2391 52 2313 64 2940
63 2609 53 2599 65 3164
64 2799 54 2852 66 3333
65 2987 55 3154 67 3328
66 2944 56 2977 68 3278
67 2858 57 3057 69 3226
68 2860 58 2950 70 3089
69 2840 59 2947 71 3005
70 2938 60 2795 72 3157
71 2631 61 2771 73 2977
72 2537 62 2797 74 2834
73 2477 63 2694 75 2780
74 2349 64 2606 76 2740
75 2353 65 2548 77 2605
76 2294 66 2503 78 2174
77 2276 67 2545 79 2699
78 1850 68 2401 80 2640
79 2345 69 2527 81 2785
80 2351 70 2736 82 2749
81 2408 71 2529 83 2695
82 2353 72 2557 84 2722
83 2540 73 2541 85 2786
84 2263 74 2445 86 2795
85 2387 75 2563 87 2805
86 2504 76 2520 88 2835
87 2445 77 2145 89 2997
88 2466 78 2299 90 2761
89 2850 79 2561 91 2755
90 2514 80 2539 92 2729
91 2523 81 2519 93 2780
92 2434 82 2477 94 2666
93 2497 83 2628 95 2589
94 2427 84 2560 96 2686
95 2428 85 2493 97 2602
96 2412 86 2496 98 2446
97 2341 87 2591 99 2409
98 2341 88 2335 100 2352
99 2317 89 2288 101 2356
100 2229 90 2315 102 2156
101 2200 91 2220 103 2162
102 2277 92 2149 104 2125
103 2160 93 2108 105 2009
104 2042 94 1942 106 1956
105 2096 95 2007 107 1818
106 2006 96 2026 108 1847
107 1956 97 1843 109 1757
108 1853 98 1716 110 1714
109 1811 99 1738 111 1567
110 1678 100 1637 112 1581
111 1662 101 1642 113 1470
112 1646 102 1728 114 1345
113 1580 103 1472 115 1371
114 1449 104 1492 116 1130
115 1143 105 1390 117 1119
116 1336 106 1328 118 1239
117 1339 107 1269 119 1167
118 1291 108 1024 120 1102
119 1308 109 1143 121 1108
120 1179 110 1116 122 1008
121 1269 111 1149 123 957
122 1131 112 1105 124 895
123 1081 113 1026 125 902
124 980 114 967 126 801
125 1017 115 950 127 796
126 988 116 926 128 697
127 954 117 867 129 734
128 854 118 850 130 723
129 860 119 846 131 698
130 810 120 798 132 658
131 760 121 838 133 590
132 733 122 718 134 569
133 708 123 680 135 554
134 750 124 629 136 565
135 699 125 635 137 533
136 645 126 556 138 465
137 660 127 611 139 468
138 618 128 563 140 488
139 576 129 533 141 446
140 523 130 549 142 367
141 528 131 545 143 408
142 441 132 476 144 402
143 503 133 458 145 412
144 538 134 499 146 329
145 486 135 428 147 348
146 485 136 427 148 340
147 428 137 460 149 326
148 422 138 365 150 290
149 423 139 381 151 279
150 417 140 345 152 289
151 371 141 289 153 290
152 383 142 299 154 253
153 397 143 348 155 269
154 293 144 306 156 257
155 949 145 850 157 658
156 932 146 768 158 615
157 841 147 735 159 546
158 767 148 660 160 492
159 659 149 601 161 465
160 611 150 494 162 407
161 519 151 526 163 385
162 497 152 420 164 295
163 405 153 390 165 311
164 427 154 343 166 295
165 372 155 353 167 222
166 343 156 309 168 257
167 311 157 279 169 191
168 256 158 271 170 210
169 260 159 229 171 197
170 255 160 236 172 189
171 192 161 220 173 150
172 186 162 192 174 157
173 225 163 181 175 147
174 168 164 153 176 115
175 171 165 130 177 122
176 152 166 143 178 104
177 137 167 125 179 111
178 137 168 111 180 107
179 103 169 116 181 77
180 111 170 108 182 90
181 124 171 119 183 80
182 102 172 104 184 69
183 104 173 81 185 62
184 95 174 90 186 68
185 85 175 82 187 74
186 87 176 85 188 52
187 82 177 64 189 49
188 78 178 71 190 53
189 62 179 56 191 55
190 67 180 60 192 52
191 66 181 52 193 35
192 59 182 53 194 42
193 54 183 40 195 51
194 48 184 57 196 31
195 44 185 55 197 32
196 49 186 34 198 29
197 45 187 47 199 29
198 41 188 27 200 28
199 42 189 36 201 34
200 48 190 33 202 27
201 36 191 39 203 30
202 31 192 41 204 21
203 42 193 33 205 31
204 894 194 853 206 668
