0.03
0.04
5.76
9.14
9.14
9.14
9.14
9.14
9.14
9.14
6.05
3.05
1.69
0.69
0.77
0.51
0.22
0.19
0.11
0.05
0.07
0.11
0.06
0.08
0.03
0.04
0.03
0.06
0.03
0.03
0.07
0.02
0.03
0.02
0.03
0.02
0.03
0.02
0.02
0.02
0.02
0.01
0.02
0.04
0.01
0.01
0.02
0.01
0.02
0.01
-0.00
0.01
0.05
0.01
-0.00
0.01
0.01
0.01
-0.00
0.02
0.02
0.01
0.01
0.01
0.01
0.08
0.01
0.02
-0.00
-0.00
0.01
0.02
0.03
-0.00
-0.00
-0.00
0.01
0.01
0.01
-0.00
-0.00
0.02
0.01
0.01
-0.00
-0.00
-0.00
-0.00
0.01
-0.00
0.01
0.01
0.01
0.01
0.01
-0.00
0.01
-0.00
-0.00
-0.00
-0.00
-0.00
-0.00
-0.00
0.01
-0.00
0.01
0.01
-0.00
0.01
-0.01
-0.00
-0.00
0.01
-0.00
-0.00
-0.00
0.01
0.01
0.01
-0.01
0.01
-0.00
-0.00
-0.00
-0.00
-0.01
-0.00
0.05
-0.00
-0.00
0.01
-0.00
-0.00
-0.00
-0.00
-0.00
-0.00
