0.02
0.03
8.22
8.30
8.30
8.30
8.30
8.30
8.30
8.30
6.61
3.87
2.09
0.99
0.74
0.46
0.20
0.35
0.09
0.11
0.04
0.08
0.10
0.02
0.02
0.01
0.05
0.02
0.11
0.02
0.29
0.08
0.02
0.08
0.02
0.02
0.02
0.02
0.02
0.02
0.02
0.01
0.05
0.02
0.01
-0.00
0.01
-0.00
-0.00
0.02
0.06
0.07
0.08
0.04
0.01
0.01
-0.00
0.01
0.20
0.07
0.02
0.02
0.07
0.02
-0.00
0.03
0.10
0.02
-0.00
-0.00
-0.00
-0.01
-0.00
0.01
-0.01
-0.00
-0.00
-0.00
-0.00
0.01
0.01
-0.00
0.01
0.01
-0.00
0.01
-0.00
0.04
0.01
0.00
0.00
0.00
-0.01
0.00
0.00
-0.01
0.00
0.00
-0.01
0.03
0.04
0.00
0.00
0.00
0.00
0.01
0.00
0.00
0.01
0.00
0.00
0.01
0.00
0.00
0.00
0.00
0.00
0.00
-0.01
0.00
-0.01
-0.01
0.00
0.00
0.04
0.00
-0.01
0.00
0.00
0.01
0.01
0.00
0.00
0.00
