  0  56 45 57  45 50 54
  1  56 45 57  45 50 54
  2  55 46 57  45 50 54
  3  56 46 57  45 50 54
  4  56 44 57  45 50 54
  5  55 45 57  45 50 54
  6  55 46 58  45 50 54
  7  56 45 57  44 50 54
  8  55 46 57  45 51 54
  9  55 46 57  45 50 54
 10  55 46 57  45 50 54
 11  56 46 57  45 51 54
 12  56 45 56  45 50 54
 13  55 45 56  45 50 54
 14  55 46 57  45 50 54
 15  56 45 56  45 49 54
 16  56 45 57  45 50 54
 17  55 46 57  45 49 54
 18  56 46 57  45 50 55
 19  55 45 58  45 49 54
 20  55 45 57  45 50 54
 21  55 45 57  45 50 54
 22  55 46 57  44 51 54
 23  55 46 57  45 50 54
 24  55 46 57  44 50 54
 25  55 46 57  45 50 54
 26  55 45 57  44 50 54
 27  56 46 57  46 50 53
 28  56 45 57  45 50 54
 29  56 45 58  45 50 54
 30  55 45 57  45 50 54
 31  56 46 57  45 50 54
 32  56 45 57  45 50 54
 33  55 46 57  44 50 54
 34  56 45 57  44 50 54
 35  55 45 57  44 50 53
 36  55 45 57  45 50 54
 37  55 46 57  45 50 54
 38  55 45 58  45 51 54
 39  55 45 57  45 50 54
 40  55 45 58  45 51 54
 41  55 45 57  45 50 54
 42  55 45 57  44 50 54
 43  55 46 57  45 50 54
 44  56 45 57  45 50 53
 45  55 45 57  44 50 53
 46  56 46 57  45 50 54
 47  56 45 56  45 50 54
 48  56 46 57  45 50 54
 49  56 45 57  44 50 54
 50  54 45 57  45 50 54
 51  55 46 57  44 50 54
 52  55 45 57  45 51 54
 53  56 45 57  44 50 54
 54  56 45 57  45 50 54
 55  56 45 57  45 50 54
 56  55 45 57  45 50 54
 57  55 45 57  45 50 53
 58  55 44 57  45 50 53
 59  55 45 57  45 50 54
 60  56 45 57  44 50 54
 61  55 45 57  44 50 54
 62  55 46 57  45 51 54
 63  56 46 57  44 50 54
 64  56 45 57  45 50 54
 65  56 46 57  45 50 54
 66  55 46 57  45 50 54
 67  55 46 57  45 50 54
 68  55 45 57  45 50 54
 69  54 45 57  44 49 54
 70  56 45 57  45 50 54
 71  55 45 57  45 51 54
 72  55 45 57  44 50 54
 73  56 46 57  45 50 53
 74  56 46 57  45 50 54
 75  56 45 57  45 50 54
 76  55 46 57  45 50 54
 77  56 45 57  45 50 54
 78  56 45 57  44 50 54
 79  55 45 57  45 51 54
 80  56 45 57  45 50 54
 81  55 45 57  45 50 54
 82  55 45 57  45 50 54
 83  55 45 57  45 50 54
 84  56 45 57  45 50 53
 85  55 46 57  46 50 54
 86  55 46 57  45 50 54
 87  55 46 57  45 50 54
 88  56 46 57  45 51 54
 89  56 46 57  45 50 54
 90  55 46 57  45 51 53
 91  56 45 57  45 50 54
 92  56 45 57  45 50 54
 93  56 46 57  45 50 54
 94  55 45 57  45 50 54
 95  55 45 57  45 50 54
 96  55 45 57  45 50 53
 97  55 46 57  45 50 54
 98  56 46 57  45 50 54
 99  55 45 57  45 50 54
100  55 45 57  45 50 54
101  56 46 57  45 50 54
102  56 46 57  45 50 53
103  56 45 57  45 50 54
104  55 46 57  45 50 53
105  56 45 57  45 51 54
106  55 45 56  44 50 54
107  55 45 57  46 50 54
108  55 45 57  45 50 53
109  55 45 57  45 50 54
110  55 45 57  45 51 54
111  55 45 57  45 50 53
112  55 45 57  44 50 54
113  55 45 57  45 50 54
114  55 45 57  44 50 54
115  56 45 56  45 50 54
116  55 45 57  45 50 54
117  56 45 57  45 50 53
118  55 45 56  45 51 54
119  55 46 57  45 51 54
120  55 45 56  44 50 53
121  54 46 57  45 51 54
122  55 45 57  45 50 54
123  54 45 57  45 51 53
124  56 46 57  45 50 54
125  55 45 57  45 50 54
126  55 46 57  44 50 54
127  55 46 57  45 50 54
128  55 45 57  44 50 54
129  56 46 56  45 50 54
130  55 45 57  45 50 54
131  55 45 57  45 50 54
132  56 45 56  45 50 54
133  55 45 57  45 51 54
134  56 45 57  45 50 54
135  55 45 57  45 50 54
136  55 46 57  45 50 53
137  56 46 57  45 50 54
138  55 46 57  45 50 54
139  55 46 57  45 50 54
140  55 46 57  45 50 54
141  55 46 57  45 50 54
142  56 45 57  45 50 54
143  55 46 57  45 50 54
144  56 46 58  45 50 54
145  56 45 57  44 50 54
146  56 45 57  44 50 54
147  55 45 57  44 50 54
148  55 45 57  45 50 54
149  55 45 57  45 50 54
150  55 46 57  45 50 54
151  55 45 56  44 50 53
152  55 45 57  45 50 54
153  54 45 57  45 50 54
154  56 45 57  45 50 54
155  56 45 57  45 50 54
156  55 45 57  45 50 54
157  56 45 57  45 50 54
158  56 45 56  45 50 53
159  55 46 57  45 50 54
160  55 45 57  44 50 54
161  55 45 57  45 50 54
162  55 45 57  45 50 54
163  55 46 57  45 50 54
164  55 45 57  45 50 54
165  55 45 57  45 51 54
166  55 45 57  44 50 54
167  55 45 57  45 50 54
168  56 46 56  45 50 54
169  55 45 57  45 50 54
170  56 45 56  45 50 54
171  56 45 57  45 50 54
172  56 46 57  45 50 54
173  56 45 56  45 50 53
174  55 45 57  45 51 54
175  56 46 56  44 50 54
176  55 46 57  45 50 54
177  55 46 57  44 51 54
178  56 45 57  45 50 54
179  55 45 56  44 50 54
180  56 46 57  45 50 54
181  55 45 57  44 50 54
182  55 45 56  45 50 53
183  55 46 57  45 50 54
184  55 46 57  45 50 54
185  55 45 57  44 50 53
186  55 45 58  45 50 54
187  55 45 58  45 50 54
188  56 45 57  45 50 54
189  55 46 57  45 50 54
190  56 46 57  45 51 54
191  55 46 57  45 50 54
192  55 45 57  44 50 54
193  55 45 57  45 50 54
194  54 46 57  45 50 53
195  55 45 57  45 50 54
196  55 45 57  45 50 54
197  56 45 57  45 50 54
198  55 45 57  45 50 54
199  55 46 57  45 50 54
200  55 45 57  45 50 54
201  55 45 57  45 50 54
202  56 45 58  45 50 54
203  54 45 57  45 50 54
204  55 46 57  45 50 54
205  55 46 57  45 50 54
206  56 45 57  45 50 54
207  55 46 57  45 50 54
208  55 46 57  45 50 54
209  56 45 57  45 50 54
210  55 45 57  45 50 53
211  56 46 57  45 50 54
212  55 46 57  46 50 54
213  56 46 57  45 51 53
214  56 46 57  45 50 54
215  55 45 57  45 50 54
216  55 45 57  44 51 54
217  55 45 56  45 51 53
218  55 46 57  45 51 54
219  55 46 57  44 50 53
220  55 45 57  45 50 53
221  55 45 57  45 50 54
222  56 45 57  44 50 54
223  55 46 56  45 50 54
224  56 45 56  45 50 54
225  56 45 57  45 50 54
226  56 45 56  44 51 54
227  55 45 57  45 50 54
228  55 46 57  45 50 54
229  55 46 57  45 51 54
230  55 45 57  45 50 54
231  56 46 56  45 50 54
232  55 45 56  45 50 53
233  55 46 57  45 49 54
234  55 45 57  45 50 54
235  56 46 56  45 50 54
236  55 45 57  45 50 54
237  55 45 57  46 50 54
238  56 45 57  45 50 53
239  55 45 57  45 50 53
240  55 46 57  45 50 54
241  274 107 82  59 59 57
242  691 858 487  62 71 67
243  494 473 433  57 59 65
244  297 269 276  51 56 60
245  239 250 219  49 55 59
246  183 160 168  47 52 57
247  159 112 116  47 52 55
248  96 83 88  46 50 54
249  73 75 77  44 50 54
250  80 58 74  45 50 54
251  67 61 65  45 50 54
252  59 50 65  45 50 54
253  59 54 66  45 50 55
254  61 48 58  45 51 55
255  58 46 58  45 50 54
256  59 46 58  46 51 54
257  56 47 57  45 50 54
258  56 46 58  46 50 54
259  56 45 57  45 50 54
260  55 45 57  45 50 54
261  55 46 57  45 50 54
262  55 46 57  45 50 54
263  61 45 57  45 50 53
264  55 45 57  45 50 54
265  55 45 57  45 50 54
266  55 46 57  45 51 54
267  56 45 57  46 51 54
268  55 46 57  45 50 54
269  55 46 57  45 50 54
270  55 45 57  45 50 54
271  55 45 56  45 50 54
272  55 45 57  45 50 53
273  54 45 57  45 50 53
274  55 46 57  44 49 54
275  55 45 56  45 50 53
276  55 45 56  44 50 54
277  55 46 56  45 50 54
278  55 45 57  45 50 54
279  55 45 57  44 50 54
280  55 45 57  45 50 53
281  56 45 57  45 50 54
282  55 45 57  45 50 53
283  55 45 57  45 50 54
284  55 44 57  45 50 53
285  55 45 57  45 50 54
286  55 45 57  45 49 53
287  54 45 57  45 50 54
288  55 45 56  45 50 53
289  56 45 56  45 50 54
290  55 44 56  45 49 54
291  55 45 57  45 50 54
292  55 45 56  44 50 54
293  55 45 56  45 50 53
294  55 45 56  45 50 54
295  54 45 56  44 50 54
296  55 45 57  45 49 54
297  55 45 56  45 50 54
298  55 46 57  45 50 54
299  55 45 57  45 50 53
300  55 45 57  45 50 53
301  55 45 57  45 50 54
302  55 45 57  45 50 54
303  55 45 56  45 49 54
304  55 45 57  44 49 54
305  55 44 56  45 50 54
306  55 45 57  44 50 54
307  55 45 57  45 50 54
308  55 45 57  45 51 54
309  55 45 57  45 51 55
310  54 45 56  44 50 54
311  55 45 57  45 50 54
312  55 45 57  45 50 53
313  55 45 57  46 50 53
314  55 45 56  45 50 54
315  55 45 57  45 51 54
316  55 45 57  44 49 54
317  55 45 56  45 50 54
318  55 45 56  45 51 54
319  55 45 56  45 50 54
320  55 45 56  44 50 53
321  56 45 56  45 50 53
322  55 45 56  45 50 54
323  56 44 56  45 50 54
324  55 47 56  45 50 53
325  55 45 57  45 50 54
326  55 44 56  45 50 53
327  55 46 57  45 50 54
328  55 45 57  45 50 54
329  55 46 57  45 50 54
330  55 45 57  45 50 53
331  55 45 56  45 50 54
332  55 44 56  44 50 54
333  56 45 57  45 50 54
334  55 45 56  45 50 54
335  55 45 57  44 50 54
336  55 45 56  44 50 54
337  55 45 56  45 50 54
338  55 44 56  45 50 54
339  54 45 57  45 50 54
340  54 45 56  45 50 54
341  55 45 57  45 50 54
342  55 45 56  45 50 54
343  55 45 56  45 50 54
344  55 45 57  45 50 54
345  55 45 57  45 50 53
346  55 45 56  44 50 54
347  55 45 57  44 50 54
348  55 46 56  45 51 54
349  55 45 57  44 50 54
350  55 45 57  45 50 54
351  54 44 57  45 50 54
352  57 44 57  44 50 54
353  55 45 57  45 50 54
354  55 44 57  45 50 54
355  55 44 57  44 50 54
356  55 45 56  44 50 54
357  55 44 56  45 50 54
358  54 45 57  44 51 54
359  55 44 57  45 51 54
360  55 45 56  44 50 54
361  54 45 56  44 50 54
362  55 45 56  44 50 54
363  55 45 57  46 50 54
364  54 45 56  45 50 53
365  55 45 57  45 50 54
366  55 45 57  44 50 54
367  55 45 57  45 50 53
368  55 45 56  45 50 54
369  55 45 56  45 50 54
370  56 45 56  45 50 54
371  56 45 56  45 50 54
372  55 44 57  45 50 53
373  56 44 57  45 50 53
374  55 45 55  44 50 53
375  55 44 56  45 50 54
376  54 45 57  45 50 54
377  54 44 56  45 50 53
378  55 45 56  45 51 54
379  55 46 57  45 50 54
380  55 45 56  44 50 53
381  55 45 56  45 50 54
382  55 46 57  45 50 54
383  55 44 57  45 50 54
384  55 45 57  45 50 54
385  56 45 56  45 50 54
386  55 45 56  45 50 54
387  55 45 56  45 50 54
388  55 45 56  45 51 54
389  55 44 57  46 51 54
390  56 45 57  45 50 54
391  54 45 56  45 50 54
392  54 45 57  45 50 54
393  55 45 56  45 50 54
394  55 45 56  45 50 54
395  55 45 57  45 50 54
396  54 44 57  45 50 54
397  55 45 56  45 50 54
398  55 44 56  45 50 54
399  55 45 56  45 50 54
400  55 45 57  46 50 54
401  55 45 56  45 50 53
402  55 45 56  45 50 54
403  55 46 57  45 50 54
404  55 45 56  45 50 54
405  55 45 56  45 50 54
406  55 45 57  44 50 53
407  55 45 56  45 50 53
408  55 45 56  44 50 54
409  55 45 57  44 50 53
410  55 44 56  44 50 54
411  55 45 57  45 50 54
412  54 46 57  44 50 53
413  55 45 57  44 50 54
414  55 45 57  45 49 54
415  55 45 57  45 50 54
416  55 45 56  45 50 53
417  55 45 57  45 50 53
418  55 45 56  45 50 53
419  55 44 57  45 50 53
420  55 45 56  45 50 54
421  55 45 57  45 50 54
422  55 44 56  44 50 53
423  55 45 57  45 50 53
424  55 46 57  45 51 54
425  54 44 57  45 51 54
426  55 44 57  44 50 54
427  55 44 57  45 50 54
428  55 45 56  45 50 54
429  55 44 57  45 50 54
430  55 45 56  45 50 54
431  55 44 56  45 50 54
432  55 45 56  44 50 54
433  54 45 57  45 50 54
434  55 45 56  44 50 54
435  55 45 56  45 50 54
436  55 44 56  45 51 54
437  55 45 57  45 50 54
438  55 45 57  44 50 54
439  55 45 57  45 49 54
440  55 45 56  45 51 54
441  55 45 56  45 50 54
442  54 44 56  45 50 54
443  56 46 56  45 50 54
444  55 45 56  45 50 54
445  55 45 56  45 50 54
446  55 46 56  45 50 54
447  55 45 56  44 50 54
448  55 45 57  45 50 54
449  55 45 56  45 50 54
450  54 45 57  45 50 54
451  55 45 57  45 50 54
452  54 45 56  45 50 54
453  55 45 57  45 51 54
454  55 44 57  45 51 54
455  55 45 57  45 50 53
456  55 45 57  45 50 54
457  55 45 56  45 50 54
458  55 46 57  45 50 54
459  56 46 56  45 51 53
460  55 45 56  45 50 54
461  55 45 57  45 50 54
462  55 45 56  45 50 54
463  55 45 57  45 50 54
464  55 45 57  45 50 54
465  55 45 58  45 51 54
466  55 45 57  45 50 53
467  55 45 56  45 50 54
468  55 45 56  45 50 53
469  56 45 57  44 50 54
470  55 44 57  45 50 54
471  56 45 56  45 50 54
472  55 45 56  44 49 54
473  55 44 56  45 50 54
474  55 45 56  44 50 53
475  54 45 57  45 50 54
476  55 45 57  45 50 54
477  54 45 57  45 51 53
478  55 45 57  44 50 54
479  55 45 57  45 50 54
480  55 45 57  44 50 54
481  55 44 57  45 50 54
482  55 46 56  44 50 54
483  55 45 56  46 50 53
484  55 45 57  45 50 54
485  55 45 56  45 50 54
486  55 45 56  44 50 54
487  54 45 56  45 50 54
488  56 45 56  45 50 54
489  55 45 56  45 50 53
490  55 45 57  44 50 54
491  55 45 57  45 50 54
492  55 45 57  44 50 54
493  55 45 57  45 50 54
494  55 45 57  45 50 54
495  55 45 57  45 50 54
496  55 45 56  45 50 54
497  55 45 57  45 50 54
498  55 45 56  44 50 54
499  55 45 56  45 51 54
500  55 45 56  45 50 54
501  55 45 56  45 50 54
502  55 45 57  44 50 54
503  55 46 57  45 50 54
504  55 46 57  44 50 54
505  55 45 57  44 50 54
506  55 45 56  45 50 54
507  55 45 57  45 50 53
508  55 44 57  44 50 54
509  55 45 56  45 50 53
510  55 45 57  45 50 54
511  55 45 56  45 51 54
512  55 45 56  45 50 54
513  55 45 56  45 51 54
514  55 46 56  44 50 53
515  55 45 56  45 50 53
516  55 45 57  45 50 53
517  55 45 56  45 50 54
518  55 45 57  45 50 54
519  58 44 56  45 50 54
520  55 45 56  44 50 54
521  55 45 57  45 50 54
522  55 45 56  44 50 54
523  55 45 56  45 50 54
524  55 44 57  45 50 53
525  55 45 56  45 50 54
526  55 45 57  44 50 53
527  55 45 56  45 51 53
528  54 45 56  44 50 54
529  55 45 57  45 50 54
530  55 45 56  45 50 54
531  55 46 56  44 50 54
532  55 45 56  45 50 54
533  55 45 57  45 50 54
534  55 45 57  45 50 53
535  56 45 56  45 51 54
536  55 45 56  45 50 54
537  55 44 56  44 50 54
538  55 45 57  45 50 53
539  55 45 56  45 50 54
540  55 45 57  45 50 53
541  54 45 56  45 51 53
542  55 46 57  45 50 54
543  55 44 56  44 51 54
544  55 45 56  45 50 54
545  55 45 57  45 50 54
546  55 45 57  45 50 53
547  55 45 57  45 50 54
548  55 45 56  45 50 53
549  55 44 57  44 50 54
550  55 45 56  45 50 53
551  55 45 56  45 51 54
552  55 44 56  44 50 54
553  55 45 57  45 51 54
554  55 45 56  45 50 53
555  55 45 57  45 50 53
556  55 45 56  46 50 53
557  55 45 56  45 50 53
558  55 45 56  45 50 54
559  55 45 57  45 50 54
560  55 45 57  45 50 54
561  56 45 56  45 50 54
562  55 45 56  45 50 54
563  55 45 56  45 51 54
564  55 45 56  45 50 54
565  55 45 56  45 50 54
566  55 45 57  45 50 54
567  54 45 56  45 50 54
568  55 46 56  45 50 54
569  55 45 56  44 50 54
570  55 45 56  45 50 53
571  55 45 57  45 50 54
572  55 45 57  45 50 54
573  55 45 56  45 50 54
574  55 45 56  45 50 54
575  56 45 57  45 50 54
576  55 45 56  45 50 54
577  55 45 57  45 50 54
578  55 45 56  44 50 53
579  55 45 56  45 50 54
580  55 45 57  45 51 54
581  54 45 57  44 50 54
582  55 45 57  45 51 54
583  55 45 57  45 51 54
584  54 44 57  44 50 53
585  55 45 57  44 50 53
586  55 44 57  45 50 54
587  55 45 56  45 50 54
588  56 45 57  45 50 54
589  55 46 56  45 50 54
590  55 44 56  44 49 53
591  55 45 57  45 50 53
592  55 44 57  45 50 54
593  55 45 57  46 50 54
594  54 45 57  45 50 54
595  55 45 56  45 51 54
596  55 45 57  45 50 54
597  55 45 57  45 50 54
598  55 44 56  44 50 53
599  55 45 57  45 51 54
600  54 45 56  44 50 54
601  55 45 56  45 50 54
602  55 45 56  45 50 54
603  55 45 57  45 50 53
604  55 45 56  44 50 54
605  55 44 57  45 50 54
606  55 45 57  45 50 54
607  55 45 57  45 50 54
608  55 45 56  45 50 55
609  55 45 57  45 50 54
610  55 45 57  45 50 54
611  55 45 57  45 50 54
612  55 45 57  44 50 54
613  55 45 57  45 50 54
614  55 46 56  45 50 55
615  54 45 56  45 50 53
616  55 45 57  44 50 54
617  55 45 56  45 50 54
618  55 45 56  44 50 54
619  55 44 57  45 50 54
620  55 45 57  45 50 54
621  55 44 57  45 50 54
622  55 46 57  45 50 54
623  55 44 56  45 51 53
624  55 45 57  44 50 53
625  55 45 57  45 50 54
626  55 45 57  45 50 54
627  55 45 57  45 50 54
628  55 45 57  45 50 54
629  54 45 56  45 50 54
630  55 45 57  45 50 54
631  55 45 57  45 50 54
632  54 45 56  45 50 54
633  55 45 56  45 50 54
634  55 45 56  45 51 53
635  55 45 57  45 50 54
636  54 45 57  45 50 54
637  55 45 57  45 50 54
638  55 45 57  45 50 54
639  55 44 57  45 50 54
640  55 45 56  45 50 54
641  55 45 56  45 50 54
642  55 45 57  45 50 54
643  55 45 56  45 50 54
644  55 45 57  45 50 54
645  54 45 57  45 50 54
646  55 45 57  45 50 54
647  56 44 57  45 50 54
648  55 45 56  44 50 53
649  55 45 57  45 50 54
650  55 45 57  45 51 54
651  54 45 56  44 50 54
652  55 45 57  45 50 54
653  54 46 57  45 50 54
654  55 45 56  44 50 54
655  55 45 56  45 50 54
656  55 46 57  44 50 54
657  55 45 57  45 50 54
658  55 45 57  45 51 54
659  55 45 57  45 50 54
660  55 45 57  45 51 54
661  56 45 57  45 50 54
662  55 44 57  44 50 53
663  55 44 57  45 50 54
664  54 45 57  44 50 54
665  55 45 57  45 50 54
666  55 45 57  45 50 53
667  54 45 57  45 50 53
668  55 46 57  45 50 54
669  56 45 57  45 50 54
670  55 45 57  45 50 54
671  56 45 57  45 50 54
672  56 44 57  45 51 54
673  55 45 57  45 50 54
674  55 45 57  45 51 53
675  54 44 57  45 50 53
676  55 45 57  45 50 54
677  55 46 57  44 50 53
678  55 45 57  45 50 54
679  55 45 57  45 50 54
680  55 45 57  45 50 54
681  55 45 57  45 50 54
682  55 45 57  45 50 53
683  55 45 57  45 50 54
684  55 45 57  45 50 54
685  55 45 57  45 50 55
686  55 45 56  45 50 54
687  55 46 57  45 51 54
688  55 45 57  44 50 54
689  55 45 57  45 50 54
690  55 45 56  45 50 54
691  56 45 56  45 50 54
692  55 46 57  45 50 54
693  55 45 57  44 50 54
694  55 45 57  45 50 54
695  55 45 57  45 50 54
696  55 45 57  45 50 54
697  54 45 57  45 50 54
698  55 44 56  45 50 54
699  55 45 57  45 50 53
700  56 45 56  45 50 54
701  55 44 56  45 50 54
702  55 45 56  44 50 54
703  55 45 57  45 50 54
704  55 45 56  45 51 53
705  55 45 57  45 50 54
706  54 45 57  45 51 54
707  55 45 56  44 50 54
708  55 44 57  45 50 54
709  55 45 57  45 50 54
710  55 44 57  45 50 54
711  55 45 57  45 50 54
712  55 46 57  45 50 54
713  55 46 57  45 50 54
714  55 45 57  44 50 53
715  55 45 57  45 51 54
716  54 44 57  45 50 54
717  55 45 56  45 50 53
718  55 44 56  45 50 53
719  55 45 56  45 50 54
720  55 44 57  44 50 54
721  55 45 57  44 50 54
722  55 45 57  45 50 54
723  55 45 57  45 50 54
724  54 45 57  45 50 54
725  55 45 56  44 50 54
726  55 45 57  45 50 53
727  55 45 56  44 50 53
728  55 46 57  45 50 54
729  55 45 57  45 50 54
730  55 45 56  44 50 54
731  56 45 57  44 49 54
732  55 45 56  45 50 53
733  55 45 57  44 50 54
734  56 45 56  45 50 54
735  56 45 56  45 50 54
736  55 45 56  44 50 54
737  55 45 57  45 50 54
738  55 45 57  45 50 54
739  55 46 57  44 50 54
740  54 45 56  44 50 54
741  55 45 57  44 50 54
742  56 46 57  44 50 54
743  55 44 56  44 50 54
744  56 45 56  45 50 54
745  55 45 56  44 50 54
746  55 45 56  45 50 54
747  55 45 57  44 50 54
748  54 45 57  45 50 54
749  55 44 57  44 50 54
750  55 45 57  45 50 54
751  55 46 57  44 50 53
752  55 45 57  45 51 54
753  55 45 56  44 51 54
754  55 45 56  45 50 54
755  54 45 56  44 50 54
756  55 45 57  45 50 54
757  55 45 56  45 51 54
758  55 45 56  45 50 54
759  55 45 56  45 50 54
760  55 45 57  45 50 54
761  55 45 57  44 50 54
762  55 45 57  45 50 53
763  55 45 56  45 50 54
764  54 44 57  45 50 54
765  55 45 57  45 50 54
766  55 45 57  45 50 54
767  55 45 57  45 50 54
