1105 2 907 9 1138 6 3151 0
1106 4 908 29 1139 20 3152 0
1107 9 909 51 1140 36 3153 1
1108 28 910 101 1141 101 3154 5
1109 57 911 147 1142 154 3155 14
1110 110 912 225 1143 244 3156 30
1111 171 913 248 1144 364 3157 75
1112 222 914 328 1145 460 3158 102
1113 302 915 423 1146 548 3159 147
1114 411 916 456 1147 634 3160 220
1115 472 917 594 1148 731 3161 286
1116 564 918 720 1149 796 3162 439
1117 646 919 673 1150 862 3163 495
1118 729 920 780 1151 954 3164 548
1119 788 921 865 1152 991 3165 603
1120 818 922 888 1153 1019 3166 781
1121 929 923 872 1154 1071 3167 802
1122 1000 924 942 1155 1207 3168 907
1123 1042 925 973 1156 1215 3169 1013
1124 1056 926 1040 1157 1204 3170 1068
1125 1107 927 1044 1158 1222 3171 1115
1126 1146 928 1123 1159 1257 3172 1097
1127 1088 929 1089 1160 1289 3173 1173
1128 1128 930 1141 1161 1281 3174 1285
1129 1183 931 1109 1162 1217 3175 1283
1130 1203 932 1116 1163 1221 3176 1256
1131 1097 933 1079 1164 1261 3177 1281
1132 1178 934 1189 1165 1212 3178 1352
1133 1139 935 1177 1166 1194 3179 1311
1134 1125 936 1124 1167 1144 3180 1263
1135 1144 937 1120 1168 1191 3181 1274
1136 1143 938 1145 1169 1132 3182 1294
1137 1103 939 1106 1170 1156 3183 1300
1138 1057 940 1071 1171 1194 3184 1214
1139 1068 941 1135 1172 1153 3185 1256
1140 1047 942 1097 1173 1079 3186 1193
1141 1078 943 1059 1174 1070 3187 1161
1142 1013 944 1063 1175 1089 3188 1160
1143 1011 945 1024 1176 1093 3189 1083
1144 1053 946 1039 1177 1048 3190 1123
1145 1065 947 1039 1178 1027 3191 1093
1146 1031 948 1012 1179 1014 3192 1052
1147 961 949 982 1180 973 3193 1036
1148 988 950 911 1181 959 3194 1018
1149 954 951 943 1182 937 3195 1018
1150 953 952 924 1183 901 3196 996
1151 880 953 984 1184 987 3197 967
1152 901 954 967 1185 897 3198 961
1153 827 955 876 1186 966 3199 862
1154 858 956 882 1187 870 3200 905
1155 879 957 885 1188 845 3201 887
1156 786 958 886 1189 856 3202 809
1157 832 959 806 1190 818 3203 868
1158 787 960 828 1191 785 3204 799
1159 821 961 830 1192 840 3205 799
1160 837 962 824 1193 797 3206 854
1161 840 963 785 1194 838 3207 780
1162 774 964 794 1195 813 3208 742
1163 789 965 770 1196 734 3209 779
1164 737 966 801 1197 828 3210 732
1165 737 967 779 1198 798 3211 766
1166 761 968 805 1199 822 3212 755
1167 667 969 864 1200 738 3213 694
1168 774 970 761 1201 815 3214 720
1169 759 971 757 1202 806 3215 723
1170 725 972 770 1203 749 3216 686
1171 706 973 762 1204 800 3217 681
1172 735 974 727 1205 768 3218 622
1173 739 975 771 1206 762 3219 648
1174 734 976 708 1207 817 3220 640
1175 725 977 762 1208 754 3221 641
1176 694 978 758 1209 765 3222 674
1177 739 979 763 1210 813 3223 630
1178 695 980 768 1211 742 3224 623
1179 722 981 727 1212 821 3225 641
1180 735 982 775 1213 811 3226 628
1181 749 983 779 1214 810 3227 612
1182 701 984 731 1215 834 3228 613
1183 704 985 776 1216 821 3229 586
1184 717 986 767 1217 831 3230 593
1185 732 987 714 1218 789 3231 597
1186 692 988 742 1219 812 3232 596
1187 765 989 730 1220 863 3233 622
1188 747 990 740 1221 805 3234 571
1189 756 991 724 1222 803 3235 595
1190 763 992 796 1223 774 3236 592
1191 764 993 750 1224 894 3237 616
1192 769 994 750 1225 878 3238 600
1193 757 995 772 1226 914 3239 561
1194 761 996 784 1227 911 3240 575
1195 769 997 749 1228 873 3241 590
1196 763 998 785 1229 897 3242 641
1197 759 999 799 1230 979 3243 608
1198 780 1000 775 1231 899 3244 607
1199 783 1001 794 1232 955 3245 624
1200 768 1002 829 1233 929 3246 634
1201 782 1003 847 1234 924 3247 643
1202 796 1004 831 1235 992 3248 670
1203 841 1005 798 1236 976 3249 680
1204 791 1006 889 1237 999 3250 671
1205 850 1007 856 1238 983 3251 773
1206 854 1008 835 1239 987 3252 722
1207 829 1009 887 1240 856 3253 755
1208 834 1010 863 1241 972 3254 740
1209 854 1011 857 1242 987 3255 766
1210 840 1012 831 1243 1005 3256 808
1211 861 1013 837 1244 984 3257 770
1212 805 1014 917 1245 1003 3258 833
1213 865 1015 893 1246 999 3259 869
1214 863 1016 858 1247 923 3260 863
1215 898 1017 923 1248 989 3261 918
1216 851 1018 838 1249 1032 3262 946
1217 833 1019 880 1250 1025 3263 953
1218 897 1020 916 1251 985 3264 953
1219 849 1021 881 1252 963 3265 1015
1220 865 1022 936 1253 960 3266 1032
1221 821 1023 894 1254 1027 3267 1034
1222 873 1024 911 1255 904 3268 1076
1223 885 1025 903 1256 955 3269 1083
1224 891 1026 875 1257 930 3270 1111
1225 834 1027 855 1258 959 3271 1104
1226 885 1028 940 1259 939 3272 1126
1227 866 1029 894 1260 900 3273 1074
1228 873 1030 882 1261 952 3274 1169
1229 877 1031 902 1262 927 3275 1138
1230 866 1032 871 1263 927 3276 1178
1231 865 1033 863 1264 945 3277 1137
1232 935 1034 854 1265 916 3278 1155
1233 888 1035 885 1266 956 3279 1185
1234 870 1036 851 1267 941 3280 1195
1235 801 1037 869 1268 901 3281 1196
1236 908 1038 890 1269 883 3282 1158
1237 910 1039 897 1270 859 3283 1196
1238 828 1040 830 1271 911 3284 1203
1239 865 1041 800 1272 861 3285 1242
1240 844 1042 828 1273 835 3286 1140
1241 834 1043 808 1274 860 3287 1163
1242 878 1044 807 1275 802 3288 1173
1243 846 1045 804 1276 819 3289 1139
1244 863 1046 788 1277 811 3290 1194
1245 805 1047 797 1278 817 3291 1149
1246 816 1048 811 1279 882 3292 1067
1247 817 1049 801 1280 743 3293 1095
1248 809 1050 787 1281 719 3294 1086
1249 785 1051 801 1282 704 3295 976
1250 826 1052 825 1283 752 3296 1005
1251 788 1053 725 1284 760 3297 1040
1252 823 1054 715 1285 789 3298 1013
1253 770 1055 725 1286 700 3299 948
1254 772 1056 802 1287 699 3300 948
1255 745 1057 734 1288 729 3301 993
1256 728 1058 779 1289 701 3302 954
1257 710 1059 722 1290 660 3303 919
1258 725 1060 754 1291 633 3304 879
1259 750 1061 661 1292 680 3305 864
1260 737 1062 688 1293 594 3306 878
1261 708 1063 752 1294 677 3307 853
1262 685 1064 684 1295 666 3308 809
1263 752 1065 698 1296 648 3309 842
1264 702 1066 671 1297 616 3310 791
1265 697 1067 674 1298 543 3311 787
1266 613 1068 602 1299 586 3312 776
1267 661 1069 620 1300 566 3313 749
1268 699 1070 626 1301 564 3314 761
1269 664 1071 631 1302 603 3315 696
1270 614 1072 589 1303 579 3316 676
1271 631 1073 617 1304 532 3317 689
1272 655 1074 568 1305 565 3318 607
1273 603 1075 550 1306 523 3319 655
1274 616 1076 553 1307 534 3320 652
1275 587 1077 549 1308 491 3321 627
1276 606 1078 550 1309 506 3322 571
1277 541 1079 610 1310 511 3323 573
1278 545 1080 530 1311 450 3324 619
1279 581 1081 556 1312 494 3325 548
1280 555 1082 544 1313 483 3326 549
1281 542 1083 507 1314 423 3327 564
1282 527 1084 496 1315 471 3328 497
1283 510 1085 491 1316 440 3329 493
1284 521 1086 533 1317 429 3330 489
1285 512 1087 455 1318 444 3331 491
1286 490 1088 482 1319 396 3332 483
1287 497 1089 507 1320 395 3333 476
1288 497 1090 472 1321 405 3334 458
1289 503 1091 468 1322 406 3335 456
1290 499 1092 476 1323 391 3336 411
1291 434 1093 446 1324 369 3337 402
1292 470 1094 434 1325 376 3338 373
1293 446 1095 434 1326 374 3339 371
1294 482 1096 409 1327 336 3340 405
1295 448 1097 436 1328 334 3341 332
1296 449 1098 409 1329 338 3342 349
1297 431 1099 407 1330 311 3343 365
1298 434 1100 359 1331 302 3344 387
1299 411 1101 395 1332 324 3345 322
1300 408 1102 347 1333 337 3346 307
1301 424 1103 399 1334 349 3347 289
1302 413 1104 385 1335 324 3348 318
1303 374 1105 401 1336 297 3349 297
1304 405 1106 372 1337 305 3350 335
1305 370 1107 380 1338 284 3351 319
1306 369 1108 366 1339 295 3352 249
1307 371 1109 353 1340 231 3353 271
1308 353 1110 359 1341 283 3354 274
1309 388 1111 339 1342 249 3355 275
1310 330 1112 341 1343 269 3356 282
1311 305 1113 323 1344 258 3357 265
1312 352 1114 334 1345 227 3358 227
1313 350 1115 313 1346 241 3359 256
1314 298 1116 300 1347 247 3360 253
1315 323 1117 336 1348 253 3361 237
1316 298 1118 266 1349 249 3362 251
1317 307 1119 301 1350 229 3363 196
1318 289 1120 251 1351 196 3364 206
1319 318 1121 256 1352 207 3365 240
1320 261 1122 287 1353 194 3366 225
1321 296 1123 301 1354 204 3367 213
1322 294 1124 267 1355 212 3368 215
1323 306 1125 272 1356 218 3369 197
1324 289 1126 297 1357 160 3370 189
1325 304 1127 253 1358 195 3371 210
1326 250 1128 235 1359 203 3372 183
1327 271 1129 234 1360 163 3373 203
1328 288 1130 217 1361 179 3374 195
1329 251 1131 225 1362 163 3375 156
1330 266 1132 240 1363 159 3376 143
1331 202 1133 198 1364 170 3377 174
1332 279 1134 205 1365 171 3378 183
1333 246 1135 214 1366 164 3379 166
1334 206 1136 194 1367 145 3380 163
1335 200 1137 237 1368 159 3381 167
1336 219 1138 240 1369 144 3382 143
1337 236 1139 217 1370 121 3383 149
1338 214 1140 193 1371 161 3384 149
1339 211 1141 172 1372 144 3385 138
1340 204 1142 161 1373 146 3386 163
1341 189 1143 181 1374 141 3387 155
1342 216 1144 195 1375 133 3388 167
1343 154 1145 172 1376 129 3389 130
1344 189 1146 179 1377 118 3390 137
1345 188 1147 204 1378 131 3391 153
1346 209 1148 169 1379 150 3392 132
1347 188 1149 160 1380 125 3393 110
1348 181 1150 163 1381 110 3394 144
1349 164 1151 152 1382 134 3395 114
1350 156 1152 170 1383 116 3396 117
1351 171 1153 152 1384 120 3397 137
1352 156 1154 144 1385 137 3398 122
1353 175 1155 161 1386 99 3399 118
1354 174 1156 155 1387 125 3400 128
1355 143 1157 148 1388 97 3401 126
1356 140 1158 139 1389 110 3402 120
1357 154 1159 136 1390 108 3403 121
1358 124 1160 141 1391 96 3404 103
1359 155 1161 153 1392 85 3405 114
1360 134 1162 119 1393 109 3406 98
1361 132 1163 143 1394 97 3407 100
1362 151 1164 151 1395 90 3408 103
1363 126 1165 125 1396 96 3409 97
1364 123 1166 129 1397 88 3410 94
1365 138 1167 137 1398 73 3411 86
1366 119 1168 131 1399 85 3412 99
1367 109 1169 126 1400 89 3413 93
1368 124 1170 122 1401 86 3414 111
1369 115 1171 122 1402 80 3415 85
1370 123 1172 122 1403 96 3416 92
1371 112 1173 124 1404 84 3417 73
1372 129 1174 90 1405 76 3418 78
1373 126 1175 100 1406 84 3419 76
1374 95 1176 121 1407 72 3420 94
1375 114 1177 100 1408 73 3421 86
1376 119 1178 90 1409 87 3422 63
1377 124 1179 122 1410 65 3423 92
1378 115 1180 96 1411 80 3424 96
1379 116 1181 105 1412 78 3425 81
1380 100 1182 83 1413 81 3426 79
1381 103 1183 87 1414 53 3427 82
1382 80 1184 82 1415 64 3428 75
1383 94 1185 111 1416 53 3429 77
1384 91 1186 88 1417 60 3430 61
1385 95 1187 97 1418 65 3431 62
1386 82 1188 86 1419 74 3432 72
1387 101 1189 79 1420 60 3433 95
1388 111 1190 71 1421 64 3434 74
1389 79 1191 107 1422 73 3435 77
1390 82 1192 91 1423 59 3436 70
1391 80 1193 79 1424 65 3437 70
1392 76 1194 73 1425 44 3438 61
1393 76 1195 69 1426 73 3439 80
1394 77 1196 83 1427 62 3440 57
1395 94 1197 75 1428 57 3441 56
1396 83 1198 60 1429 60 3442 68
1397 77 1199 68 1430 50 3443 59
1398 98 1200 80 1431 57 3444 66
1399 79 1201 61 1432 43 3445 72
1400 85 1202 71 1433 63 3446 55
1401 67 1203 68 1434 45 3447 48
1402 59 1204 83 1435 57 3448 52
1403 79 1205 69 1436 54 3449 56
1404 65 1206 59 1437 35 3450 49
1405 68 1207 56 1438 56 3451 54
1406 65 1208 77 1439 61 3452 52
1407 63 1209 71 1440 47 3453 40
1408 61 1210 61 1441 55 3454 64
1409 67 1211 57 1442 55 3455 43
1410 73 1212 63 1443 44 3456 59
1411 67 1213 49 1444 51 3457 42
1412 48 1214 54 1445 38 3458 31
1413 67 1215 57 1446 47 3459 52
1414 52 1216 74 1447 45 3460 39
1415 59 1217 67 1448 49 3461 44
1416 77 1218 55 1449 42 3462 62
1417 60 1219 57 1450 47 3463 39
1418 53 1220 56 1451 47 3464 39
1419 45 1221 51 1452 42 3465 37
1420 65 1222 60 1453 56 3466 46
1421 54 1223 54 1454 35 3467 33
1422 52 1224 54 1455 37 3468 31
1423 49 1225 55 1456 41 3469 44
1424 60 1226 46 1457 41 3470 30
1425 56 1227 48 1458 39 3471 42
1426 51 1228 57 1459 45 3472 30
1427 45 1229 53 1460 38 3473 35
1428 51 1230 53 1461 45 3474 37
1429 47 1231 49 1462 39 3475 45
1430 49 1232 48 1463 36 3476 37
1431 55 1233 44 1464 33 3477 43
1432 50 1234 52 1465 41 3478 35
1433 56 1235 44 1466 45 3479 36
1434 54 1236 41 1467 38 3480 37
1435 52 1237 47 1468 34 3481 36
1436 36 1238 45 1469 28 3482 46
1437 31 1239 46 1470 39 3483 47
1438 49 1240 49 1471 33 3484 45
1439 46 1241 48 1472 32 3485 28
1440 48 1242 34 1473 39 3486 27
1441 39 1243 46 1474 35 3487 30
1442 51 1244 32 1475 29 3488 27
1443 34 1245 40 1476 29 3489 28
1444 40 1246 40 1477 31 3490 42
1445 35 1247 45 1478 36 3491 26
1446 37 1248 40 1479 29 3492 29
1447 49 1249 38 1480 25 3493 33
1448 49 1250 38 1481 31 3494 30
1449 44 1251 38 1482 32 3495 31
1450 42 1252 30 1483 30 3496 29
1451 36 1253 49 1484 25 3497 25
1452 40 1254 36 1485 31 3498 28
1453 46 1255 38 1486 27 3499 28
1454 33 1256 33 1487 26 3500 26
1455 28 1257 40 1488 31 3501 31
1456 35 1258 33 1489 35 3502 30
1457 22 1259 28 1490 25 3503 24
1458 47 1260 38 1491 17 3504 26
1459 43 1261 52 1492 27 3505 24
1460 34 1262 41 1493 32 3506 35
1461 31 1263 37 1494 30 3507 26
1462 34 1264 34 1495 20 3508 19
1463 42 1265 28 1496 21 3509 24
1464 36 1266 40 1497 30 3510 32
1465 18 1267 26 1498 36 3511 26
1466 36 1268 34 1499 25 3512 23
1467 28 1269 30 1500 34 3513 29
1468 30 1270 33 1501 21 3514 21
1469 35 1271 27 1502 26 3515 21
1470 33 1272 26 1503 24 3516 22
1471 34 1273 29 1504 18 3517 28
1472 37 1274 22 1505 18 3518 22
1473 33 1275 36 1506 24 3519 19
1474 31 1276 29 1507 28 3520 24
1475 24 1277 34 1508 25 3521 17
1476 32 1278 26 1509 24 3522 24
1477 21 1279 33 1510 16 3523 26
1478 19 1280 33 1511 26 3524 22
1479 32 1281 25 1512 16 3525 25
1480 22 1282 24 1513 13 3526 19
1481 23 1283 30 1514 16 3527 17
1482 24 1284 27 1515 26 3528 18
1483 33 1285 47 1516 15 3529 21
1484 25 1286 32 1517 22 3530 18
1485 24 1287 30 1518 14 3531 17
1486 19 1288 27 1519 21 3532 13
1487 16 1289 37 1520 19 3533 16
1488 16 1290 24 1521 20 3534 15
1489 34 1291 27 1522 27 3535 19
1490 20 1292 25 1523 24 3536 15
1491 27 1293 26 1524 15 3537 19
1492 21 1294 24 1525 19 3538 14
1493 16 1295 28 1526 11 3539 9
1494 26 1296 18 1527 30 3540 11
1495 26 1297 23 1528 15 3541 14
1496 20 1298 23 1529 14 3542 24
1497 15 1299 25 1530 15 3543 19
1498 29 1300 15 1531 17 3544 24
1499 19 1301 16 1532 21 3545 16
1500 29 1302 15 1533 16 3546 16
1501 17 1303 17 1534 9 3547 23
1502 27 1304 18 1535 17 3548 18
1503 23 1305 22 1536 14 3549 20
1504 26 1306 21 1537 19 3550 13
1505 61 1307 80 1538 65 3551 36
1506 54 1308 64 1539 41 3552 53
1507 57 1309 67 1540 47 3553 53
1508 65 1310 53 1541 34 3554 42
1509 67 1311 62 1542 50 3555 44
1510 58 1312 63 1543 41 3556 31
1511 62 1313 51 1544 35 3557 37
1512 47 1314 54 1545 46 3558 31
1513 55 1315 49 1546 39 3559 34
1514 58 1316 57 1547 42 3560 39
1515 51 1317 40 1548 39 3561 26
1516 54 1318 40 1549 34 3562 35
1517 45 1319 53 1550 33 3563 35
1518 45 1320 43 1551 32 3564 37
1519 45 1321 40 1552 20 3565 39
1520 49 1322 41 1553 38 3566 32
1521 34 1323 45 1554 34 3567 46
1522 47 1324 36 1555 31 3568 24
1523 42 1325 42 1556 21 3569 23
1524 32 1326 41 1557 35 3570 27
1525 28 1327 43 1558 35 3571 27
1526 46 1328 28 1559 22 3572 29
1527 30 1329 34 1560 27 3573 25
1528 33 1330 39 1561 29 3574 24
1529 42 1331 37 1562 36 3575 23
1530 31 1332 38 1563 27 3576 23
1531 36 1333 39 1564 26 3577 22
1532 41 1334 40 1565 17 3578 26
1533 35 1335 23 1566 22 3579 27
1534 30 1336 19 1567 22 3580 24
1535 19 1337 31 1568 19 3581 23
1536 21 1338 23 1569 19 3582 14
1537 26 1339 24 1570 21 3583 18
1538 26 1340 31 1571 12 3584 12
1539 26 1341 24 1572 22 3585 15
1540 21 1342 37 1573 18 3586 15
1541 23 1343 27 1574 20 3587 13
1542 25 1344 19 1575 26 3588 10
1543 28 1345 30 1576 22 3589 12
1544 24 1346 26 1577 13 3590 15
1545 17 1347 24 1578 16 3591 12
1546 23 1348 20 1579 14 3592 12
1547 21 1349 30 1580 26 3593 13
1548 20 1350 25 1581 15 3594 13
1549 23 1351 19 1582 7 3595 14
1550 21 1352 19 1583 17 3596 16
1551 20 1353 23 1584 13 3597 12
1552 22 1354 13 1585 14 3598 10
1553 26 1355 17 1586 18 3599 12
1554 18 1356 13 1587 13 3600 17
1555 15 1357 19 1588 15 3601 11
1556 13 1358 14 1589 14 3602 15
1557 26 1359 13 1590 17 3603 12
1558 24 1360 17 1591 18 3604 9
1559 15 1361 17 1592 12 3605 7
1560 20 1362 18 1593 9 3606 10
1561 14 1363 19 1594 11 3607 10
1562 8 1364 17 1595 9 3608 13
1563 5 1365 9 1596 15 3609 10
1564 14 1366 11 1597 6 3610 9
1565 16 1367 12 1598 2 3611 11
1566 9 1368 14 1599 12 3612 10
1567 12 1369 12 1600 13 3613 6
1568 16 1370 11 1601 14 3614 15
1569 12 1371 17 1602 12 3615 9
1570 9 1372 4 1603 10 3616 9
1571 15 1373 16 1604 13 3617 7
1572 14 1374 7 1605 8 3618 9
1573 13 1375 5 1606 7 3619 9
1574 10 1376 12 1607 6 3620 14
1575 13 1377 8 1608 4 3621 13
1576 9 1378 15 1609 8 3622 9
1577 11 1379 7 1610 8 3623 6
1578 6 1380 9 1611 5 3624 13
1579 10 1381 10 1612 7 3625 4
1580 15 1382 6 1613 12 3626 4
1581 9 1383 17 1614 10 3627 7
1582 11 1384 6 1615 6 3628 7
1583 7 1385 8 1616 8 3629 5
1584 10 1386 10 1617 5 3630 9
1585 10 1387 13 1618 8 3631 7
1586 12 1388 10 1619 13 3632 6
1587 10 1389 10 1620 7 3633 5
1588 6 1390 5 1621 6 3634 3
1589 9 1391 7 1622 4 3635 7
1590 12 1392 12 1623 3 3636 9
1591 6 1393 9 1624 4 3637 5
1592 7 1394 10 1625 6 3638 1
1593 4 1395 9 1626 6 3639 6
1594 20 1396 5 1627 0 3640 11
1595 4 1397 10 1628 6 3641 7
1596 14 1398 10 1629 6 3642 4
1597 6 1399 3 1630 8 3643 2
1598 2 1400 4 1631 9 3644 5
1599 7 1401 8 1632 4 3645 8
1600 11 1402 12 1633 8 3646 4
1601 4 1403 6 1634 2 3647 2
1602 12 1404 8 1635 8 3648 7
1603 11 1405 8 1636 5 3649 3
1604 7 1406 2 1637 5 3650 4
1605 6 1407 4 1638 3 3651 4
1606 6 1408 4 1639 8 3652 3
1607 5 1409 9 1640 2 3653 5
1608 7 1410 5 1641 4 3654 7
1609 6 1411 4 1642 8 3655 2
1610 3 1412 6 1643 5 3656 1
1611 6 1413 5 1644 6 3657 0
1612 4 1414 6 1645 3 3658 3
1613 10 1415 6 1646 6 3659 7
1614 10 1416 4 1647 2 3660 2
1615 5 1417 4 1648 1 3661 0
1616 5 1418 5 1649 5 3662 1
1617 5 1419 3 1650 5 3663 3
1618 5 1420 7 1651 6 3664 0
1619 5 1421 4 1652 2 3665 1
1620 6 1422 6 1653 4 3666 2
1621 5 1423 3 1654 5 3667 3
1622 6 1424 4 1655 1 3668 2
1623 4 1425 2 1656 4 3669 2
1624 1 1426 7 1657 3 3670 2
1625 3 1427 4 1658 6 3671 5
1626 3 1428 4 1659 3 3672 2
1627 2 1429 0 1660 2 3673 3
1628 6 1430 4 1661 2 3674 5
1629 5 1431 1 1662 3 3675 5
1630 3 1432 1 1663 3 3676 4
1631 6 1433 4 1664 2 3677 7
1632 3 1434 5 1665 4 3678 0
1633 5 1435 2 1666 5 3679 2
1634 4 1436 3 1667 5 3680 3
1635 4 1437 5 1668 6 3681 5
1636 5 1438 3 1669 5 3682 2
1637 0 1439 2 1670 4 3683 3
1638 4 1440 6 1671 1 3684 5
1639 7 1441 4 1672 3 3685 2
1640 2 1442 5 1673 1 3686 2
1641 6 1443 5 1674 4 3687 3
1642 2 1444 4 1675 3 3688 1
1643 2 1445 1 1676 2 3689 1
1644 2 1446 5 1677 4 3690 2
1645 5 1447 6 1678 4 3691 2
1646 5 1448 3 1679 4 3692 3
1647 4 1449 1 1680 7 3693 2
1648 3 1450 2 1681 3 3694 1
1649 3 1451 2 1682 3 3695 4
1650 4 1452 1 1683 2 3696 1
1651 2 1453 5 1684 2 3697 5
1652 3 1454 3 1685 4 3698 3
1653 3 1455 2 1686 4 3699 4
1654 1 1456 2 1687 2 3700 2
1655 2 1457 3 1688 0 3701 6
1656 1 1458 2 1689 2 3702 0
1657 3 1459 3 1690 0 3703 1
1658 0 1460 7 1691 1 3704 2
1659 3 1461 0 1692 2 3705 5
1660 5 1462 0 1693 1 3706 0
1661 5 1463 7 1694 0 3707 2
1662 3 1464 5 1695 2 3708 0
1663 1 1465 0 1696 1 3709 3
1664 2 1466 7 1697 4 3710 3
1665 3 1467 0 1698 4 3711 2
1666 4 1468 3 1699 2 3712 3
1667 3 1469 3 1700 4 3713 0
1668 4 1470 2 1701 3 3714 3
1669 1 1471 3 1702 0 3715 1
1670 2 1472 1 1703 2 3716 2
1671 3 1473 1 1704 2 3717 1
1672 1 1474 4 1705 5 3718 2
1673 1 1475 1 1706 1 3719 3
1674 2 1476 3 1707 1 3720 2
1675 0 1477 1 1708 1 3721 0
1676 3 1478 2 1709 1 3722 0
1677 2 1479 2 1710 0 3723 3
1678 3 1480 5 1711 5 3724 3
1679 2 1481 2 1712 1 3725 0
1680 5 1482 1 1713 1 3726 4
1681 1 1483 3 1714 3 3727 1
1682 2 1484 0 1715 1 3728 2
1683 1 1485 1 1716 4 3729 2
1684 2 1486 1 1717 1 3730 5
1685 0 1487 3 1718 2 3731 1
1686 2 1488 2 1719 2 3732 3
1687 1 1489 3 1720 4 3733 4
1688 3 1490 1 1721 0 3734 1
1689 3 1491 2 1722 1 3735 2
1690 1 1492 2 1723 1 3736 4
1691 2 1493 2 1724 6 3737 2
1692 2 1494 1 1725 1 3738 0
1693 2 1495 1 1726 1 3739 1
1694 4 1496 3 1727 1 3740 4
1695 2 1497 5 1728 2 3741 2
1696 2 1498 4 1729 0 3742 2
1697 3 1499 2 1730 0 3743 3
1698 3 1500 0 1731 3 3744 0
1699 2 1501 1 1732 2 3745 4
1700 0 1502 2 1733 0 3746 1
1701 4 1503 0 1734 1 3747 3
1702 5 1504 2 1735 5 3748 0
1703 3 1505 1 1736 1 3749 1
1704 277 1506 287 1737 243 3750 1
