55 0 45 0 56 0
56 0 46 0 57 0
57 0 47 0 58 0
58 0 48 0 59 0
59 1109 49 1105 60 1051
60 1667 50 1617 61 1679
61 2225 51 2182 62 2266
62 2667 52 2540 63 2826
63 2905 53 2860 64 3146
64 3139 54 3078 65 3480
65 3191 55 3531 66 3485
66 3110 56 3227 67 3565
67 3185 57 3237 68 3231
68 2913 58 3050 69 3391
69 3010 59 2975 70 3224
70 3106 60 2971 71 3245
71 2835 61 2872 72 3203
72 2536 62 2779 73 3074
73 2633 63 2847 74 2823
74 2420 64 2641 75 2897
75 2340 65 2762 76 2758
76 2301 66 2617 77 2628
77 2319 67 2586 78 2234
78 1822 68 2586 79 2629
79 2531 69 2550 80 2708
80 2300 70 2809 81 2703
81 2462 71 2558 82 2647
82 2339 72 2566 83 2773
83 2476 73 2592 84 2709
84 2390 74 2566 85 2860
85 2429 75 2547 86 2767
86 2518 76 2637 87 2784
87 2383 77 2212 88 2830
88 2497 78 2407 89 2991
89 2718 79 2561 90 2858
90 2539 80 2533 91 2762
91 2447 81 2637 92 2792
92 2500 82 2538 93 2760
93 2471 83 2535 94 2764
94 2526 84 2423 95 2677
95 2492 85 2446 96 2640
96 2388 86 2509 97 2579
97 2394 87 2543 98 2530
98 2328 88 2507 99 2379
99 2396 89 2367 100 2297
100 2221 90 2141 101 2394
101 2307 91 2182 102 2182
102 2299 92 2193 103 2142
103 2101 93 2116 104 2131
104 2071 94 1990 105 2015
105 1970 95 1950 106 1928
106 1999 96 1983 107 1824
107 1946 97 1923 108 1811
108 1875 98 1772 109 1754
109 1843 99 1715 110 1649
110 1760 100 1681 111 1612
111 1718 101 1621 112 1478
112 1566 102 1698 113 1492
113 1574 103 1488 114 1407
114 1496 104 1422 115 1321
115 1166 105 1392 116 1144
116 1260 106 1261 117 1151
117 1344 107 1276 118 1161
118 1353 108 1040 119 1200
119 1243 109 1109 120 1110
120 1238 110 1153 121 1097
121 1304 111 1060 122 1018
122 1188 112 1071 123 982
123 1053 113 1042 124 885
124 982 114 976 125 931
125 998 115 933 126 834
126 984 116 913 127 769
127 926 117 849 128 775
128 924 118 804 129 733
129 853 119 880 130 756
130 833 120 775 131 654
131 786 121 748 132 657
132 746 122 706 133 611
133 741 123 721 134 601
134 786 124 672 135 584
135 689 125 695 136 542
136 704 126 587 137 537
137 664 127 588 138 452
138 625 128 544 139 498
139 569 129 547 140 454
140 523 130 506 141 405
141 554 131 486 142 393
142 375 132 474 143 345
143 508 133 444 144 392
144 494 134 436 145 352
145 478 135 427 146 372
146 457 136 418 147 337
147 495 137 392 148 334
148 408 138 372 149 344
149 413 139 359 150 300
150 359 140 329 151 287
151 394 141 325 152 283
152 393 142 288 153 277
153 377 143 296 154 313
154 336 144 298 155 243
155 909 145 860 156 665
156 875 146 836 157 652
157 799 147 735 158 499
158 738 148 682 159 503
159 651 149 617 160 444
160 566 150 551 161 395
161 551 151 496 162 392
162 449 152 437 163 354
163 357 153 436 164 299
164 414 154 354 165 291
165 383 155 359 166 258
166 355 156 289 167 260
167 358 157 251 168 184
168 294 158 288 169 217
169 289 159 266 170 183
170 242 160 223 171 187
171 203 161 219 172 143
172 187 162 192 173 144
173 194 163 171 174 126
174 190 164 168 175 123
175 172 165 151 176 107
176 162 166 130 177 121
177 157 167 128 178 73
178 151 168 150 179 96
179 125 169 111 180 109
180 113 170 134 181 82
181 98 171 106 182 65
182 99 172 86 183 67
183 99 173 102 184 72
184 79 174 89 185 61
185 92 175 63 186 68
186 83 176 58 187 61
187 81 177 83 188 72
188 66 178 67 189 42
189 68 179 60 190 54
190 73 180 55 191 56
191 70 181 46 192 42
192 51 182 41 193 35
193 41 183 52 194 38
194 58 184 36 195 51
195 63 185 43 196 22
196 58 186 39 197 47
197 50 187 44 198 19
198 44 188 36 199 19
199 41 189 47 200 29
200 38 190 38 201 20
201 50 191 46 202 28
202 42 192 31 203 31
203 46 193 26 204 17
204 948 194 847 205 727
