0 1277182 1047218 1313402
25 1279261 1047359 1313900
50 1597792 1159910 1406044
75 2105473 1850440 2071965
100 1863805 1687682 1926962
125 1649081 1465370 1714480
150 1514174 1317884 1570824
175 1426664 1220239 1476128
200 1368842 1155275 1415544
225 1332629 1113040 1371673
250 1312692 1088237 1350128
275 1299164 1072234 1335143
300 1291152 1062354 1326824
325 1286512 1057601 1321583
350 1284060 1053985 1317920
375 1282363 1051134 1316517
400 1281856 1050148 1315944
425 1280015 1049157 1315177
450 1279320 1048993 1315211
475 1278910 1048833 1314896
