  0  55 45 57  45 50 53
  1  56 45 57  45 50 54
  2  55 46 57  45 50 54
  3  55 46 57  45 50 54
  4  55 46 57  45 50 54
  5  56 46 57  45 50 53
  6  56 45 57  45 50 54
  7  54 46 58  45 50 54
  8  55 45 57  45 50 53
  9  56 45 57  45 50 54
 10  55 45 57  45 50 54
 11  55 45 58  45 50 54
 12  56 46 57  45 50 54
 13  56 45 57  45 50 53
 14  56 45 57  45 50 54
 15  55 46 57  45 50 53
 16  55 46 57  45 50 53
 17  56 46 57  45 50 54
 18  55 46 57  45 50 54
 19  55 45 56  45 50 53
 20  55 45 57  45 50 54
 21  56 45 57  45 50 54
 22  55 45 57  45 50 54
 23  54 46 57  45 50 54
 24  55 46 57  45 50 54
 25  56 45 57  45 50 54
 26  55 45 57  45 50 54
 27  54 46 57  45 50 54
 28  56 45 58  45 50 54
 29  56 46 57  45 50 54
 30  55 45 57  45 50 54
 31  55 46 57  45 50 54
 32  55 45 57  45 50 54
 33  55 45 57  45 50 54
 34  54 46 57  45 50 54
 35  55 46 56  45 50 54
 36  55 46 57  45 51 54
 37  56 45 57  45 50 53
 38  56 45 57  45 50 54
 39  56 45 57  45 50 54
 40  56 45 58  44 50 54
 41  56 46 57  45 51 54
 42  55 45 57  45 50 54
 43  55 46 60  45 49 54
 44  56 45 58  44 50 53
 45  56 46 57  44 50 54
 46  55 46 57  45 50 54
 47  55 46 56  45 50 53
 48  55 46 57  45 50 54
 49  55 45 57  45 50 54
 50  54 45 57  44 50 53
 51  55 45 57  45 50 54
 52  55 46 57  45 50 54
 53  56 46 57  45 50 54
 54  56 45 57  45 50 54
 55  55 45 57  45 50 54
 56  55 46 57  45 50 53
 57  56 46 57  44 50 54
 58  55 46 57  44 50 54
 59  55 46 57  45 50 54
 60  55 46 57  44 50 54
 61  56 46 57  45 50 54
 62  54 46 57  45 50 54
 63  54 46 56  45 50 53
 64  56 45 57  45 50 54
 65  56 45 57  45 50 54
 66  56 46 57  45 50 54
 67  55 45 57  45 50 54
 68  55 45 57  44 50 53
 69  55 46 57  45 51 54
 70  55 46 58  45 50 54
 71  55 46 57  45 50 54
 72  55 45 57  44 50 55
 73  55 45 57  45 50 53
 74  55 46 57  44 50 54
 75  55 46 57  45 50 54
 76  55 45 56  44 49 54
 77  56 46 57  45 50 54
 78  55 46 57  45 50 54
 79  55 46 57  45 50 54
 80  55 45 56  44 50 53
 81  56 45 57  45 49 54
 82  55 46 57  45 50 54
 83  54 45 57  45 50 54
 84  55 46 58  45 50 54
 85  56 45 57  45 50 54
 86  55 45 57  44 50 54
 87  55 46 57  45 49 54
 88  56 46 57  45 50 54
 89  55 46 57  45 50 54
 90  55 47 57  45 50 54
 91  55 46 57  45 50 54
 92  55 46 57  45 50 54
 93  55 45 57  45 50 54
 94  55 45 57  45 50 54
 95  56 45 58  45 50 54
 96  56 45 58  45 50 54
 97  55 46 57  45 50 53
 98  55 45 57  44 50 54
 99  55 46 58  45 50 53
100  55 46 57  45 50 54
101  55 46 57  45 50 54
102  55 46 57  45 50 54
103  56 46 57  45 50 54
104  55 46 57  45 50 54
105  55 45 57  45 50 53
106  55 45 57  45 50 54
107  55 46 57  44 49 54
108  56 46 59  45 50 54
109  55 46 59  45 50 54
110  56 46 57  45 50 53
111  55 47 57  44 50 54
112  55 46 57  44 50 53
113  56 45 57  45 50 53
114  55 46 57  45 50 54
115  55 46 57  45 51 54
116  55 46 57  44 50 54
117  56 45 57  45 50 54
118  55 45 57  45 50 53
119  55 46 58  45 51 54
120  55 46 58  45 50 54
121  55 46 57  45 50 53
122  55 47 57  44 49 54
123  54 46 57  45 50 54
124  55 45 57  45 50 53
125  56 46 57  45 50 53
126  56 45 57  45 49 54
127  55 46 56  45 50 53
128  55 46 57  45 49 54
129  55 46 57  45 50 54
130  55 45 57  45 49 53
131  55 46 57  45 50 54
132  56 45 58  45 50 54
133  55 46 57  45 50 54
134  55 46 57  45 50 54
135  55 46 57  45 50 54
136  56 46 57  44 50 54
137  56 45 57  45 50 54
138  55 45 57  45 50 54
139  55 46 57  45 50 53
140  56 46 57  45 50 54
141  56 45 57  45 50 54
142  55 46 57  44 50 53
143  55 45 57  45 50 53
144  55 46 57  45 51 54
145  55 45 57  45 50 53
146  55 46 57  46 50 54
147  55 46 57  45 50 54
148  55 45 57  45 50 54
149  56 46 57  45 50 54
150  56 45 58  45 50 54
151  56 46 57  44 49 53
152  55 45 57  44 50 53
153  56 45 57  44 50 54
154  56 45 57  45 50 53
155  54 45 57  45 51 54
156  55 45 57  44 51 53
157  56 45 57  45 50 54
158  55 46 57  44 50 54
159  54 45 57  45 50 54
160  55 45 57  45 50 54
161  55 45 57  45 50 54
162  55 46 57  45 50 54
163  54 46 56  45 49 54
164  55 46 57  45 50 54
165  55 46 57  45 50 54
166  55 46 57  44 50 54
167  56 45 56  45 50 54
168  55 45 57  45 50 54
169  56 46 57  45 50 54
170  56 45 58  44 50 53
171  55 45 58  45 50 53
172  55 46 57  45 50 53
173  55 46 57  45 50 54
174  55 46 57  44 50 54
175  54 46 58  45 50 54
176  56 45 57  44 50 54
177  55 46 57  45 50 54
178  55 46 56  45 50 54
179  55 45 57  44 50 53
180  55 45 57  45 50 54
181  56 46 57  45 50 54
182  56 46 57  45 51 53
183  56 46 57  45 50 54
184  56 45 57  44 50 54
185  55 45 57  45 50 53
186  56 45 57  45 50 54
187  55 45 57  45 50 54
188  55 46 57  45 50 54
189  56 46 57  45 50 54
190  55 46 57  45 50 54
191  55 46 57  44 50 53
192  55 46 57  45 50 54
193  56 46 57  45 50 54
194  55 46 57  45 50 54
195  55 46 57  45 50 54
196  55 45 57  44 50 54
197  55 45 57  44 50 54
198  55 45 57  44 50 54
199  54 46 57  45 50 55
200  55 46 57  45 50 54
201  56 46 57  45 50 54
202  56 46 57  44 50 54
203  55 46 57  45 50 54
204  55 46 56  45 50 54
205  56 45 57  45 50 54
206  56 46 56  45 50 53
207  55 46 57  45 51 54
208  55 46 57  44 50 54
209  55 46 57  45 50 54
210  55 46 57  45 50 54
211  54 46 58  46 50 54
212  55 45 57  45 50 54
213  56 46 57  45 50 54
214  55 45 57  44 50 54
215  55 46 57  45 50 54
216  55 45 57  45 50 54
217  56 45 57  45 50 54
218  56 46 57  44 50 54
219  54 45 57  44 51 54
220  55 46 57  45 50 54
221  55 46 57  45 50 53
222  55 45 57  45 50 54
223  54 46 57  45 50 53
224  55 45 57  44 50 54
225  55 45 57  45 50 54
226  55 45 57  45 50 54
227  55 46 57  45 50 54
228  55 46 57  45 50 53
229  55 45 57  45 50 54
230  56 45 57  44 50 53
231  55 46 56  45 50 54
232  56 46 57  44 50 54
233  56 45 57  44 50 54
234  55 46 57  44 50 54
235  56 45 57  45 51 54
236  55 46 58  44 50 54
237  56 46 57  45 50 54
238  55 46 57  45 50 54
239  55 46 57  45 50 54
240  55 45 58  45 50 54
241  275 108 371  52 54 65
242  270 250 271  50 55 60
243  189 174 159  48 53 56
244  138 127 147  48 52 56
245  88 89 101  45 52 55
246  73 91 79  46 51 54
247  70 64 76  45 50 53
248  70 64 67  45 50 54
249  57 55 59  44 50 54
250  56 53 59  45 50 53
251  60 54 65  45 50 54
252  58 49 57  44 49 54
253  57 47 61  46 50 54
254  56 49 57  45 50 54
255  55 46 57  45 50 54
256  55 46 57  45 50 54
257  56 46 56  45 50 54
258  55 46 57  45 50 54
259  56 46 57  45 50 54
260  55 46 57  45 51 54
261  55 45 57  45 50 54
262  55 45 58  45 50 54
263  55 45 57  45 50 54
264  55 46 57  45 50 54
265  55 45 56  46 50 54
266  55 45 56  45 50 54
267  56 45 57  45 49 54
268  56 45 57  45 50 54
269  56 46 56  45 50 53
270  55 46 57  45 50 54
271  55 45 57  45 50 54
272  56 46 57  44 50 53
273  55 46 57  45 50 53
274  55 46 57  45 51 54
275  54 45 57  45 50 54
276  55 46 57  45 50 54
277  56 45 57  45 50 54
278  54 45 57  45 50 54
279  55 45 57  45 50 54
280  55 46 57  45 50 54
281  55 46 57  45 49 54
282  56 46 57  45 50 54
283  54 45 58  45 50 53
284  55 47 57  45 50 54
285  56 45 57  45 51 54
286  55 46 57  45 50 54
287  56 46 57  45 50 54
288  55 46 57  45 50 54
289  55 45 57  45 50 53
290  55 46 56  44 50 54
291  54 46 57  45 50 54
292  55 46 57  45 50 54
293  55 45 57  46 50 54
294  55 45 57  45 50 54
295  56 46 57  45 50 54
296  55 45 57  45 49 54
297  56 46 57  45 51 54
298  56 45 57  45 50 54
299  55 45 57  45 50 54
300  55 45 57  45 50 54
301  55 45 57  45 50 54
302  56 46 57  45 50 54
303  54 46 57  45 50 54
304  55 45 57  45 50 54
305  55 46 57  45 50 54
306  55 46 57  45 50 54
307  55 45 56  45 50 54
308  54 45 57  45 50 54
309  55 46 57  45 50 54
310  56 45 57  45 50 54
311  55 45 57  45 50 54
312  56 45 57  45 50 54
313  56 45 57  45 50 54
314  55 45 57  45 50 54
315  56 45 57  45 50 54
316  55 45 57  45 50 54
317  55 46 56  45 50 54
318  55 46 57  45 50 54
319  55 45 57  45 50 54
320  56 46 57  45 50 54
321  55 46 57  45 50 54
322  55 45 56  44 50 54
323  55 45 56  45 50 54
324  55 46 57  45 49 54
325  55 45 56  45 50 54
326  55 46 57  45 51 54
327  55 46 57  45 50 54
328  55 45 57  45 50 54
329  55 46 57  45 51 54
330  55 45 57  45 50 54
331  55 45 57  45 50 54
332  55 45 57  45 50 54
333  55 45 57  44 50 54
334  55 46 57  45 50 53
335  55 45 57  45 49 54
336  55 46 57  45 50 54
337  55 46 56  44 50 55
338  55 46 57  45 50 54
339  55 46 56  44 50 54
340  55 45 57  45 50 54
341  55 45 57  44 50 54
342  55 45 57  44 50 54
343  55 45 56  45 50 54
344  55 45 58  45 50 54
345  55 45 56  45 50 54
346  55 46 57  45 50 54
347  55 45 56  45 49 54
348  55 46 57  45 50 54
349  55 45 56  44 50 54
350  55 46 57  45 50 54
351  55 45 57  45 50 54
352  56 45 57  45 50 54
353  55 45 57  45 50 55
354  55 45 57  44 49 53
355  55 46 57  44 50 54
356  55 45 57  45 50 54
357  55 45 57  45 50 54
358  54 45 58  45 50 54
359  55 46 57  45 50 54
360  55 45 57  45 49 54
361  55 45 57  45 50 54
362  55 45 57  45 50 54
363  54 45 57  45 50 54
364  55 46 57  45 50 54
365  55 45 57  45 50 54
366  55 45 57  45 50 53
367  55 45 58  45 50 54
368  55 45 57  45 50 54
369  55 45 57  45 50 53
370  55 45 57  45 50 54
371  55 46 57  45 50 54
372  55 45 57  45 50 54
373  56 45 57  45 49 54
374  56 46 57  45 49 54
375  56 45 57  44 50 54
376  56 46 57  45 50 54
377  56 45 57  44 50 54
378  55 45 57  45 50 54
379  54 45 57  44 50 54
380  55 45 57  45 50 53
381  56 45 57  44 50 54
382  55 45 56  45 50 54
383  55 46 56  45 50 54
384  56 46 57  45 50 54
385  56 46 57  44 50 54
386  56 46 57  45 50 54
387  55 46 57  45 50 54
388  55 46 57  45 50 53
389  56 45 57  45 50 54
390  54 46 57  45 50 54
391  55 45 57  45 50 54
392  55 46 57  45 50 54
393  55 45 57  45 50 54
394  55 45 57  45 50 54
395  55 45 57  45 50 54
396  55 45 57  45 50 54
397  56 45 57  45 50 54
398  56 45 57  44 50 53
399  55 45 57  45 50 54
400  55 46 57  44 50 54
401  56 45 57  44 50 55
402  55 45 57  45 50 54
403  54 46 58  45 50 54
404  55 45 57  45 50 53
405  55 45 57  44 50 54
406  56 45 57  44 51 54
407  54 46 57  45 50 54
408  55 46 56  45 50 54
409  55 46 57  45 50 54
410  55 46 57  45 49 54
411  56 46 57  45 50 54
412  55 45 57  45 50 54
413  55 45 57  44 50 54
414  56 45 57  45 50 54
415  55 46 57  45 50 54
416  55 46 57  45 49 54
417  55 45 57  45 51 54
418  55 45 57  45 50 54
419  55 46 57  45 50 54
420  54 45 57  45 50 54
421  55 45 57  45 51 54
422  55 46 57  44 50 54
423  54 46 57  45 50 54
424  55 46 57  45 50 54
425  55 45 57  45 50 54
426  56 45 57  45 50 54
427  55 46 56  45 49 54
428  56 45 56  44 50 54
429  55 45 57  45 50 54
430  55 45 57  44 50 54
431  55 45 57  45 50 53
432  54 46 57  45 49 53
433  55 45 57  45 50 54
434  54 46 57  45 50 54
435  55 45 57  45 50 54
436  55 45 57  45 50 54
437  56 46 57  45 51 54
438  55 45 57  44 50 54
439  55 45 57  44 50 54
440  55 45 57  45 50 54
441  56 45 57  45 50 53
442  55 46 57  44 50 54
443  55 46 58  45 50 54
444  55 46 58  45 50 54
445  56 46 57  45 50 54
446  56 45 57  44 50 54
447  54 45 56  45 50 53
448  55 46 57  45 50 54
449  55 45 57  45 50 54
450  55 46 57  45 50 54
451  54 46 57  45 51 54
452  55 45 57  44 50 54
453  55 45 57  45 50 54
454  56 46 57  45 50 54
455  55 46 56  45 50 54
456  56 45 57  45 50 54
457  55 45 57  44 50 54
458  56 46 57  45 50 54
459  55 45 57  45 50 54
460  55 45 57  45 50 54
461  55 46 57  45 50 54
462  55 46 57  45 51 54
463  55 46 56  45 50 54
464  54 46 57  45 50 54
465  55 45 57  44 50 54
466  56 46 57  45 50 54
467  55 45 57  45 50 54
468  55 45 57  45 50 54
469  55 46 57  45 50 54
470  55 45 57  45 50 54
471  55 45 57  45 50 54
472  54 45 57  45 50 54
473  56 46 58  44 50 54
474  55 46 57  45 50 54
475  55 45 57  45 50 54
476  55 45 57  45 50 53
477  55 46 57  44 50 54
478  55 45 57  45 49 55
479  55 46 57  44 51 54
480  55 46 57  45 50 54
481  55 45 57  45 50 54
482  55 46 57  44 50 54
483  55 45 57  44 50 54
484  55 45 57  45 50 54
485  56 45 57  45 50 53
486  55 44 57  45 50 54
487  55 45 57  45 50 54
488  55 46 57  45 50 54
489  55 44 57  45 51 54
490  56 45 57  45 50 54
491  54 45 57  45 50 54
492  55 46 57  45 50 54
493  55 46 56  45 50 54
494  55 46 57  45 50 54
495  55 45 57  45 50 54
496  55 46 57  45 50 54
497  55 45 57  45 50 54
498  55 45 57  45 51 54
499  55 46 56  45 50 54
500  55 45 57  45 50 54
501  55 45 57  45 50 54
502  55 45 57  45 50 54
503  56 45 57  44 50 54
504  56 46 57  45 50 54
505  55 45 56  45 50 54
506  55 45 57  45 50 54
507  55 45 57  45 50 55
508  55 46 57  45 51 54
509  54 46 58  45 50 54
510  55 46 57  45 51 54
511  55 46 57  45 50 54
512  55 46 57  45 50 54
513  56 46 57  45 49 53
514  55 45 57  45 50 54
515  54 45 57  45 50 54
516  55 45 57  45 50 54
517  55 45 57  45 50 54
518  56 45 57  45 50 54
519  54 46 58  45 49 54
520  56 46 57  45 50 54
521  55 46 57  44 50 54
522  55 45 57  45 50 54
523  55 46 57  45 50 53
524  55 46 57  46 51 54
525  56 45 57  45 49 54
526  55 45 56  45 50 54
527  55 46 58  45 50 54
528  55 45 57  45 50 54
529  55 45 57  45 50 54
530  55 45 57  44 50 53
531  54 46 57  44 50 54
532  55 45 57  45 50 54
533  56 45 57  44 51 54
534  55 45 57  45 50 54
535  56 46 57  44 50 54
536  55 45 57  45 50 54
537  55 46 57  45 50 54
538  55 45 57  45 50 55
539  55 46 57  45 50 53
540  55 45 57  45 50 54
541  55 45 57  45 50 54
542  55 45 57  45 51 54
543  55 45 57  45 50 54
544  55 45 57  45 50 54
545  55 45 57  45 50 54
546  55 45 57  45 50 53
547  55 46 57  45 50 54
548  55 46 57  45 50 54
549  55 46 57  45 50 53
550  56 46 57  45 50 54
551  55 45 57  44 50 54
552  56 46 57  45 50 54
553  55 46 57  45 50 54
554  55 45 57  45 50 54
555  55 45 57  45 50 54
556  54 45 57  45 50 53
557  55 45 57  45 50 54
558  54 45 57  45 50 54
559  55 47 57  45 51 54
560  55 46 57  45 50 54
561  56 45 56  45 50 53
562  55 45 57  45 50 53
563  56 45 57  44 50 53
564  55 46 58  44 50 54
565  56 46 57  45 50 54
566  55 45 57  44 50 54
567  55 46 57  45 50 54
568  55 46 57  44 50 54
569  54 45 57  45 50 54
570  56 45 57  45 50 54
571  54 46 57  45 50 54
572  55 45 57  45 50 53
573  55 45 57  45 50 54
574  55 45 57  45 50 54
575  55 45 57  45 51 54
576  55 46 58  45 50 54
577  55 45 57  45 51 54
578  55 45 57  45 50 53
579  55 45 57  45 50 54
580  55 46 57  45 50 54
581  56 45 57  45 49 53
582  55 45 57  45 49 54
583  55 46 56  45 50 54
584  55 45 56  44 49 54
585  56 46 57  45 50 54
586  56 45 57  45 50 54
587  54 45 57  45 49 54
588  55 46 57  45 50 54
589  56 46 57  45 50 54
590  55 45 57  45 49 54
591  54 46 57  45 50 54
592  55 45 57  45 50 53
593  56 46 57  45 50 54
594  55 45 57  44 50 54
595  54 46 57  45 50 54
596  55 46 57  45 50 54
597  55 46 57  45 50 54
598  55 46 57  45 50 54
599  54 45 57  45 50 54
600  55 46 57  45 50 54
601  55 45 57  45 50 54
602  55 45 57  45 50 54
603  55 45 57  45 50 54
604  55 45 56  45 50 54
605  55 45 57  45 50 54
606  55 45 57  45 50 54
607  55 45 57  45 50 54
608  55 45 57  45 50 54
609  56 45 57  45 50 54
610  55 46 57  45 50 54
611  55 45 57  45 50 54
612  56 45 57  45 49 53
613  56 46 57  45 50 54
614  55 45 57  45 50 54
615  55 45 57  45 50 54
616  55 45 57  45 50 54
617  55 45 57  45 51 53
618  54 45 57  45 50 53
619  55 46 57  45 50 54
620  55 45 57  45 50 54
621  56 45 57  45 51 54
622  55 45 57  45 50 54
623  55 45 56  44 50 54
624  55 45 57  45 50 54
625  55 45 57  45 49 54
626  55 45 57  45 49 54
627  54 46 57  45 50 54
628  55 45 57  45 50 54
629  55 45 57  44 50 54
630  55 46 57  45 50 54
631  55 46 57  45 50 54
632  55 45 57  45 50 54
633  56 45 57  45 50 54
634  56 46 57  45 50 54
635  55 45 57  44 50 54
636  56 45 57  44 50 54
637  56 45 58  45 50 54
638  55 45 57  45 50 54
639  55 46 58  44 50 54
640  56 46 57  45 50 53
641  55 45 57  45 50 54
642  54 46 57  45 50 54
643  55 45 57  45 51 54
644  55 46 57  44 50 54
645  55 46 56  45 50 54
646  55 46 56  45 50 54
647  55 46 57  45 50 54
648  55 45 57  44 50 54
649  55 45 58  45 51 54
650  55 45 57  44 50 54
651  55 45 57  45 51 54
652  56 46 58  45 50 54
653  55 46 57  45 50 54
654  55 45 57  45 50 54
655  55 46 57  45 51 54
656  55 45 57  44 50 54
657  56 46 56  45 50 54
658  55 46 57  45 50 54
659  55 45 57  44 50 53
660  55 45 57  44 50 54
661  55 45 57  45 50 54
662  54 45 57  44 50 53
663  54 45 57  45 50 54
664  55 45 57  45 50 54
665  55 46 57  45 50 53
666  55 45 57  45 50 54
667  55 45 57  44 49 54
668  55 45 57  45 50 53
669  56 46 56  45 50 53
670  56 46 57  44 50 54
671  55 46 56  45 50 54
672  55 45 57  45 49 54
673  55 46 57  45 50 54
674  56 46 57  44 50 53
675  54 45 57  45 51 54
676  55 46 57  45 50 54
677  56 47 56  45 50 54
678  56 46 57  45 50 54
679  55 46 57  45 49 54
680  55 46 57  45 50 53
681  56 46 57  45 50 54
682  56 46 57  45 50 53
683  54 46 57  45 50 54
684  55 46 57  45 50 54
685  55 46 57  44 50 54
686  55 45 57  44 49 53
687  55 45 57  45 50 54
688  55 45 57  45 50 54
689  56 46 57  45 50 54
690  56 46 56  45 50 54
691  55 45 57  45 50 54
692  56 45 57  45 49 54
693  55 45 57  45 50 54
694  55 45 57  44 50 53
695  55 46 57  45 50 54
696  56 46 57  45 50 54
697  56 45 57  45 50 54
698  54 46 57  45 50 54
699  55 45 57  45 50 54
700  56 45 57  45 50 53
701  55 45 56  45 50 54
702  55 46 57  46 50 54
703  55 45 57  45 50 54
704  54 45 57  44 50 54
705  55 45 57  45 50 54
706  54 45 57  45 50 54
707  55 45 57  45 50 54
708  55 45 57  45 50 54
709  56 45 57  44 50 54
710  55 45 56  44 51 54
711  55 45 57  44 50 54
712  55 46 57  45 50 54
713  55 45 57  45 50 54
714  55 46 57  44 50 54
715  54 46 58  45 50 54
716  56 46 57  45 50 54
717  56 46 57  45 50 54
718  55 45 57  45 50 54
719  55 45 57  45 51 53
720  55 45 56  45 50 54
721  55 46 57  45 51 54
722  55 46 57  44 51 54
723  55 46 57  45 50 54
724  55 45 57  44 50 54
725  56 46 57  44 50 54
726  55 45 57  44 50 54
727  55 45 57  45 50 54
728  55 46 57  45 50 54
729  56 45 57  44 50 54
730  56 46 57  45 50 54
731  54 45 57  45 50 54
732  55 45 57  44 50 53
733  56 46 57  45 50 54
734  55 45 57  45 50 53
735  54 46 57  44 50 54
736  55 45 56  45 50 54
737  55 46 57  45 50 54
738  55 46 57  45 50 53
739  54 46 57  45 51 53
740  55 46 57  45 50 54
741  56 45 57  45 50 54
742  55 45 56  45 50 54
743  55 45 57  45 50 54
744  55 46 57  44 50 54
745  55 45 57  45 50 54
746  56 46 57  45 50 53
747  54 45 57  45 50 54
748  55 46 57  45 50 54
749  55 45 57  45 50 54
750  55 46 57  45 51 54
751  55 46 57  45 51 54
752  55 46 58  45 50 54
753  55 46 58  45 50 53
754  54 45 57  45 50 54
755  55 46 57  45 50 54
756  55 45 57  45 50 54
757  55 45 57  45 50 54
758  56 45 57  44 50 55
759  55 45 57  44 50 54
760  55 45 57  45 50 53
761  55 45 56  45 50 55
762  56 45 57  45 49 54
763  55 45 57  45 50 54
764  54 45 57  44 50 54
765  56 46 57  45 50 54
766  55 45 57  45 50 54
767  55 45 57  44 50 54
