55 0 45 0 57 0
56 0 46 0 58 0
57 0 47 0 59 0
58 0 48 0 60 0
59 1061 49 902 61 1406
60 1509 50 1381 62 2054
61 2083 51 1847 63 2740
62 2508 52 2104 64 3067
63 2791 53 2679 65 3406
64 2904 54 2799 66 3460
65 3153 55 3256 67 3488
66 3072 56 3044 68 3401
67 3033 57 3041 69 3427
68 2905 58 2965 70 3354
69 2900 59 3012 71 3227
70 3021 60 2868 72 3286
71 2630 61 2785 73 3102
72 2584 62 2745 74 2903
73 2499 63 2717 75 2982
74 2417 64 2539 76 2846
75 2276 65 2647 77 2559
76 2328 66 2527 78 2298
77 2351 67 2576 79 2732
78 1895 68 2385 80 2690
79 2294 69 2472 81 2681
80 2401 70 2740 82 2739
81 2447 71 2429 83 2795
82 2416 72 2461 84 2849
83 2420 73 2538 85 2856
84 2439 74 2437 86 2842
85 2441 75 2489 87 2936
86 2392 76 2550 88 2884
87 2516 77 2141 89 3030
88 2370 78 2226 90 2853
89 2667 79 2492 91 2815
90 2543 80 2388 92 2738
91 2454 81 2515 93 2854
92 2428 82 2505 94 2748
93 2488 83 2466 95 2749
94 2507 84 2397 96 2734
95 2515 85 2504 97 2630
96 2519 86 2482 98 2529
97 2276 87 2622 99 2461
98 2361 88 2390 100 2333
99 2304 89 2333 101 2368
100 2196 90 2254 102 2313
101 2249 91 2228 103 2208
102 2348 92 2225 104 2246
103 2181 93 2147 105 2076
104 2125 94 2133 106 1943
105 2144 95 2003 107 1943
106 2074 96 1962 108 1892
107 2036 97 1983 109 1827
108 1887 98 1884 110 1659
109 1815 99 1834 111 1614
110 1762 100 1874 112 1531
111 1790 101 1692 113 1405
112 1679 102 1748 114 1449
113 1652 103 1667 115 1361
114 1538 104 1676 116 1150
115 1210 105 1531 117 1223
116 1416 106 1435 118 1242
117 1431 107 1354 119 1234
118 1346 108 1157 120 1088
119 1329 109 1131 121 1148
120 1233 110 1231 122 963
121 1345 111 1244 123 920
122 1189 112 1103 124 922
123 1060 113 1109 125 837
124 1065 114 1047 126 841
125 1018 115 1036 127 880
126 1076 116 1016 128 759
127 962 117 963 129 784
128 986 118 915 130 716
129 935 119 925 131 645
130 881 120 871 132 672
131 852 121 845 133 614
132 776 122 777 134 586
133 751 123 769 135 604
134 768 124 740 136 561
135 765 125 707 137 541
136 646 126 676 138 460
137 683 127 680 139 479
138 655 128 629 140 509
139 604 129 640 141 462
140 557 130 582 142 379
141 561 131 570 143 377
142 466 132 542 144 369
143 548 133 556 145 387
144 527 134 537 146 356
145 447 135 487 147 349
146 484 136 433 148 337
147 460 137 468 149 323
148 452 138 504 150 314
149 420 139 380 151 317
150 432 140 386 152 318
151 401 141 336 153 309
152 389 142 335 154 284
153 423 143 358 155 259
154 386 144 349 156 256
155 1015 145 1007 157 722
156 945 146 938 158 548
157 853 147 767 159 554
158 780 148 780 160 525
159 673 149 645 161 497
160 617 150 629 162 369
161 564 151 524 163 379
162 508 152 503 164 309
163 384 153 508 165 293
164 437 154 413 166 287
165 434 155 345 167 253
166 375 156 365 168 224
167 339 157 306 169 209
168 324 158 298 170 201
169 275 159 269 171 175
170 259 160 268 172 160
171 219 161 235 173 143
172 219 162 198 174 175
173 209 163 182 175 155
174 215 164 204 176 122
175 188 165 152 177 125
176 169 166 153 178 105
177 177 167 132 179 108
178 146 168 147 180 93
179 148 169 129 181 81
180 129 170 135 182 73
181 121 171 133 183 79
182 115 172 106 184 89
183 99 173 100 185 74
184 79 174 96 186 73
185 99 175 67 187 70
186 85 176 107 188 42
187 82 177 85 189 50
188 75 178 75 190 56
189 73 179 77 191 57
190 66 180 77 192 50
191 68 181 69 193 46
192 60 182 53 194 48
193 48 183 62 195 42
194 57 184 54 196 38
195 52 185 52 197 39
196 59 186 39 198 45
197 57 187 53 199 26
198 41 188 36 200 36
199 45 189 43 201 18
200 46 190 36 202 31
201 37 191 35 203 23
202 39 192 37 204 27
203 34 193 47 205 20
204 1078 194 914 206 688
