0 1359123 1119455 1403009
25 1361762 1120356 1403872
50 1716543 1258863 1496540
75 2276392 2031335 2245373
100 2012081 1846599 2069620
125 1776093 1596746 1838551
150 1626839 1432046 1683850
175 1527235 1316617 1580217
200 1460141 1246138 1514796
225 1421422 1197102 1467766
250 1398859 1167129 1443508
275 1384070 1149028 1428119
300 1375081 1137622 1419207
325 1369651 1131867 1412408
350 1366445 1127589 1408257
375 1364722 1124698 1406521
400 1364153 1123436 1405992
425 1362615 1122660 1405283
450 1362048 1121929 1405194
475 1361281 1121697 1404931
