1104 3 910 15 1140 3 3155 0
1105 10 911 38 1141 6 3156 0
1106 20 912 49 1142 15 3157 0
1107 56 913 113 1143 44 3158 11
1108 106 914 152 1144 79 3159 12
1109 159 915 185 1145 173 3160 27
1110 223 916 261 1146 256 3161 53
1111 293 917 354 1147 323 3162 111
1112 385 918 456 1148 449 3163 163
1113 439 919 524 1149 537 3164 212
1114 520 920 544 1150 636 3165 274
1115 581 921 622 1151 668 3166 358
1116 624 922 631 1152 816 3167 425
1117 681 923 699 1153 814 3168 511
1118 821 924 806 1154 970 3169 588
1119 830 925 786 1155 1027 3170 681
1120 926 926 819 1156 1058 3171 820
1121 962 927 868 1157 1067 3172 841
1122 996 928 913 1158 1128 3173 941
1123 1014 929 964 1159 1198 3174 968
1124 1069 930 945 1160 1200 3175 1050
1125 1037 931 982 1161 1204 3176 1123
1126 1082 932 982 1162 1212 3177 1180
1127 1078 933 1027 1163 1254 3178 1161
1128 1087 934 1085 1164 1245 3179 1159
1129 1115 935 1044 1165 1177 3180 1252
1130 1128 936 1075 1166 1257 3181 1233
1131 1073 937 1053 1167 1245 3182 1226
1132 1131 938 1113 1168 1256 3183 1237
1133 1123 939 1063 1169 1175 3184 1307
1134 1065 940 1036 1170 1244 3185 1180
1135 1123 941 1008 1171 1183 3186 1198
1136 1082 942 1050 1172 1110 3187 1240
1137 1063 943 1037 1173 1177 3188 1191
1138 989 944 1088 1174 1198 3189 1257
1139 1032 945 1052 1175 1113 3190 1140
1140 1014 946 1025 1176 1105 3191 1176
1141 990 947 1013 1177 1023 3192 1100
1142 1032 948 1005 1178 1056 3193 1081
1143 974 949 1040 1179 1022 3194 1077
1144 1001 950 931 1180 1017 3195 1052
1145 904 951 1000 1181 1059 3196 1014
1146 927 952 932 1182 960 3197 1064
1147 891 953 929 1183 1031 3198 955
1148 908 954 944 1184 975 3199 991
1149 867 955 905 1185 867 3200 927
1150 912 956 916 1186 950 3201 978
1151 856 957 857 1187 927 3202 956
1152 867 958 837 1188 905 3203 869
1153 847 959 889 1189 868 3204 890
1154 860 960 865 1190 913 3205 856
1155 840 961 853 1191 905 3206 884
1156 824 962 784 1192 897 3207 821
1157 812 963 843 1193 904 3208 868
1158 775 964 874 1194 823 3209 810
1159 799 965 826 1195 810 3210 807
1160 837 966 818 1196 858 3211 789
1161 790 967 842 1197 849 3212 791
1162 762 968 791 1198 821 3213 806
1163 775 969 774 1199 916 3214 733
1164 760 970 750 1200 765 3215 789
1165 775 971 770 1201 825 3216 756
1166 725 972 702 1202 805 3217 731
1167 756 973 679 1203 837 3218 754
1168 707 974 778 1204 811 3219 711
1169 740 975 732 1205 775 3220 663
1170 723 976 748 1206 812 3221 716
1171 742 977 702 1207 790 3222 680
1172 747 978 732 1208 764 3223 680
1173 723 979 718 1209 762 3224 658
1174 721 980 709 1210 826 3225 690
1175 728 981 679 1211 781 3226 661
1176 676 982 697 1212 769 3227 617
1177 739 983 694 1213 799 3228 580
1178 683 984 684 1214 812 3229 655
1179 733 985 737 1215 805 3230 650
1180 686 986 697 1216 847 3231 577
1181 768 987 735 1217 766 3232 602
1182 749 988 708 1218 819 3233 632
1183 708 989 705 1219 833 3234 600
1184 734 990 754 1220 864 3235 604
1185 690 991 725 1221 833 3236 556
1186 688 992 718 1222 915 3237 580
1187 716 993 725 1223 845 3238 575
1188 758 994 647 1224 868 3239 578
1189 717 995 688 1225 862 3240 610
1190 714 996 722 1226 897 3241 576
1191 722 997 739 1227 868 3242 571
1192 710 998 767 1228 947 3243 653
1193 730 999 729 1229 893 3244 604
1194 750 1000 754 1230 903 3245 613
1195 685 1001 721 1231 916 3246 605
1196 759 1002 752 1232 882 3247 584
1197 808 1003 731 1233 1003 3248 587
1198 793 1004 724 1234 932 3249 607
1199 784 1005 786 1235 936 3250 609
1200 796 1006 775 1236 1006 3251 642
1201 779 1007 813 1237 985 3252 610
1202 767 1008 767 1238 943 3253 640
1203 821 1009 795 1239 1018 3254 692
1204 783 1010 823 1240 969 3255 658
1205 786 1011 800 1241 999 3256 678
1206 818 1012 790 1242 974 3257 671
1207 793 1013 788 1243 968 3258 700
1208 853 1014 855 1244 942 3259 750
1209 850 1015 852 1245 978 3260 769
1210 847 1016 799 1246 965 3261 746
1211 832 1017 793 1247 988 3262 782
1212 828 1018 840 1248 943 3263 779
1213 840 1019 803 1249 963 3264 799
1214 900 1020 857 1250 1013 3265 855
1215 864 1021 870 1251 944 3266 818
1216 846 1022 842 1252 972 3267 847
1217 849 1023 865 1253 963 3268 882
1218 862 1024 819 1254 1021 3269 935
1219 922 1025 887 1255 963 3270 935
1220 900 1026 874 1256 988 3271 942
1221 871 1027 897 1257 978 3272 1023
1222 906 1028 834 1258 1004 3273 1034
1223 859 1029 886 1259 956 3274 1046
1224 877 1030 871 1260 1007 3275 1028
1225 835 1031 840 1261 952 3276 1050
1226 921 1032 843 1262 890 3277 1111
1227 887 1033 893 1263 959 3278 1049
1228 900 1034 922 1264 984 3279 1082
1229 855 1035 862 1265 959 3280 1100
1230 902 1036 871 1266 923 3281 1194
1231 848 1037 892 1267 951 3282 1088
1232 838 1038 869 1268 918 3283 1140
1233 862 1039 896 1269 919 3284 1220
1234 884 1040 846 1270 938 3285 1181
1235 892 1041 862 1271 880 3286 1201
1236 858 1042 876 1272 824 3287 1182
1237 879 1043 880 1273 878 3288 1206
1238 804 1044 853 1274 860 3289 1166
1239 916 1045 845 1275 867 3290 1116
1240 873 1046 801 1276 856 3291 1211
1241 790 1047 887 1277 806 3292 1107
1242 887 1048 822 1278 827 3293 1201
1243 818 1049 829 1279 771 3294 1147
1244 784 1050 820 1280 841 3295 1187
1245 903 1051 818 1281 841 3296 1106
1246 775 1052 820 1282 778 3297 1127
1247 865 1053 845 1283 767 3298 1160
1248 865 1054 805 1284 738 3299 1140
1249 845 1055 768 1285 789 3300 1042
1250 802 1056 788 1286 761 3301 1066
1251 767 1057 754 1287 761 3302 1084
1252 795 1058 767 1288 737 3303 1020
1253 728 1059 798 1289 680 3304 1087
1254 808 1060 769 1290 724 3305 988
1255 767 1061 749 1291 712 3306 1012
1256 780 1062 760 1292 697 3307 1014
1257 741 1063 786 1293 742 3308 964
1258 737 1064 693 1294 674 3309 976
1259 735 1065 718 1295 681 3310 916
1260 718 1066 695 1296 643 3311 920
1261 710 1067 717 1297 684 3312 911
1262 668 1068 681 1298 635 3313 871
1263 701 1069 666 1299 614 3314 827
1264 680 1070 734 1300 659 3315 860
1265 697 1071 702 1301 611 3316 844
1266 679 1072 704 1302 573 3317 793
1267 675 1073 661 1303 601 3318 778
1268 641 1074 677 1304 591 3319 772
1269 652 1075 665 1305 490 3320 769
1270 631 1076 677 1306 553 3321 733
1271 631 1077 610 1307 536 3322 703
1272 667 1078 613 1308 549 3323 705
1273 630 1079 668 1309 580 3324 686
1274 639 1080 628 1310 552 3325 664
1275 639 1081 609 1311 518 3326 626
1276 577 1082 606 1312 546 3327 618
1277 597 1083 596 1313 520 3328 635
1278 589 1084 573 1314 496 3329 607
1279 569 1085 606 1315 476 3330 593
1280 544 1086 585 1316 464 3331 569
1281 550 1087 587 1317 519 3332 589
1282 593 1088 561 1318 416 3333 526
1283 561 1089 528 1319 452 3334 541
1284 558 1090 556 1320 449 3335 522
1285 528 1091 527 1321 450 3336 495
1286 538 1092 512 1322 436 3337 499
1287 494 1093 475 1323 396 3338 475
1288 516 1094 499 1324 385 3339 500
1289 512 1095 529 1325 418 3340 472
1290 488 1096 528 1326 385 3341 417
1291 532 1097 519 1327 375 3342 474
1292 469 1098 462 1328 390 3343 413
1293 459 1099 447 1329 374 3344 395
1294 433 1100 421 1330 372 3345 406
1295 494 1101 475 1331 362 3346 403
1296 441 1102 461 1332 331 3347 350
1297 455 1103 446 1333 348 3348 363
1298 425 1104 461 1334 308 3349 395
1299 404 1105 446 1335 331 3350 385
1300 441 1106 405 1336 336 3351 345
1301 412 1107 414 1337 306 3352 339
1302 422 1108 445 1338 297 3353 343
1303 393 1109 384 1339 283 3354 375
1304 408 1110 428 1340 272 3355 325
1305 385 1111 384 1341 276 3356 338
1306 390 1112 399 1342 283 3357 291
1307 373 1113 355 1343 262 3358 322
1308 361 1114 357 1344 284 3359 286
1309 357 1115 367 1345 269 3360 293
1310 383 1116 384 1346 259 3361 298
1311 384 1117 337 1347 223 3362 262
1312 378 1118 338 1348 243 3363 241
1313 340 1119 317 1349 226 3364 254
1314 309 1120 360 1350 252 3365 250
1315 366 1121 316 1351 223 3366 282
1316 358 1122 314 1352 223 3367 253
1317 288 1123 360 1353 220 3368 248
1318 295 1124 340 1354 222 3369 209
1319 332 1125 311 1355 223 3370 221
1320 291 1126 313 1356 223 3371 231
1321 289 1127 308 1357 196 3372 222
1322 284 1128 280 1358 197 3373 231
1323 294 1129 306 1359 216 3374 205
1324 261 1130 267 1360 196 3375 207
1325 268 1131 261 1361 190 3376 193
1326 311 1132 274 1362 184 3377 205
1327 271 1133 276 1363 195 3378 183
1328 241 1134 287 1364 187 3379 201
1329 248 1135 248 1365 178 3380 194
1330 249 1136 245 1366 179 3381 172
1331 247 1137 261 1367 194 3382 187
1332 237 1138 278 1368 157 3383 174
1333 259 1139 252 1369 170 3384 196
1334 233 1140 257 1370 165 3385 167
1335 221 1141 250 1371 164 3386 156
1336 223 1142 216 1372 136 3387 166
1337 243 1143 241 1373 151 3388 168
1338 228 1144 240 1374 144 3389 156
1339 205 1145 248 1375 151 3390 151
1340 174 1146 249 1376 164 3391 150
1341 202 1147 222 1377 117 3392 164
1342 204 1148 207 1378 134 3393 124
1343 198 1149 184 1379 143 3394 152
1344 190 1150 211 1380 132 3395 131
1345 209 1151 198 1381 134 3396 135
1346 168 1152 185 1382 116 3397 136
1347 193 1153 216 1383 129 3398 155
1348 188 1154 193 1384 124 3399 124
1349 149 1155 203 1385 111 3400 143
1350 171 1156 193 1386 88 3401 130
1351 195 1157 195 1387 108 3402 146
1352 161 1158 199 1388 113 3403 128
1353 152 1159 164 1389 101 3404 111
1354 156 1160 169 1390 107 3405 124
1355 150 1161 161 1391 105 3406 139
1356 177 1162 159 1392 114 3407 136
1357 155 1163 138 1393 90 3408 109
1358 141 1164 170 1394 95 3409 104
1359 146 1165 140 1395 95 3410 107
1360 159 1166 161 1396 84 3411 111
1361 161 1167 157 1397 78 3412 124
1362 136 1168 144 1398 98 3413 122
1363 130 1169 169 1399 90 3414 117
1364 167 1170 118 1400 102 3415 102
1365 132 1171 131 1401 92 3416 108
1366 143 1172 134 1402 92 3417 96
1367 143 1173 145 1403 95 3418 103
1368 141 1174 155 1404 73 3419 109
1369 128 1175 122 1405 94 3420 102
1370 126 1176 122 1406 91 3421 78
1371 134 1177 135 1407 77 3422 87
1372 131 1178 153 1408 87 3423 83
1373 129 1179 115 1409 76 3424 100
1374 98 1180 129 1410 87 3425 89
1375 113 1181 107 1411 73 3426 91
1376 115 1182 121 1412 67 3427 91
1377 124 1183 126 1413 71 3428 83
1378 119 1184 111 1414 69 3429 83
1379 109 1185 128 1415 76 3430 95
1380 98 1186 112 1416 71 3431 100
1381 115 1187 101 1417 84 3432 92
1382 95 1188 107 1418 88 3433 77
1383 105 1189 98 1419 74 3434 85
1384 101 1190 120 1420 75 3435 77
1385 90 1191 112 1421 74 3436 58
1386 107 1192 84 1422 67 3437 62
1387 108 1193 89 1423 54 3438 76
1388 93 1194 96 1424 59 3439 75
1389 91 1195 107 1425 67 3440 76
1390 84 1196 87 1426 65 3441 67
1391 87 1197 94 1427 50 3442 78
1392 91 1198 94 1428 63 3443 61
1393 86 1199 100 1429 50 3444 59
1394 78 1200 71 1430 49 3445 60
1395 83 1201 100 1431 69 3446 60
1396 98 1202 94 1432 52 3447 71
1397 76 1203 82 1433 38 3448 54
1398 86 1204 70 1434 60 3449 62
1399 79 1205 69 1435 63 3450 58
1400 74 1206 68 1436 60 3451 72
1401 66 1207 81 1437 57 3452 78
1402 89 1208 88 1438 51 3453 51
1403 83 1209 86 1439 49 3454 67
1404 81 1210 84 1440 35 3455 46
1405 91 1211 53 1441 42 3456 54
1406 61 1212 68 1442 50 3457 46
1407 76 1213 97 1443 49 3458 55
1408 63 1214 64 1444 55 3459 54
1409 61 1215 84 1445 43 3460 70
1410 60 1216 74 1446 46 3461 68
1411 72 1217 67 1447 52 3462 59
1412 56 1218 72 1448 47 3463 50
1413 74 1219 65 1449 39 3464 50
1414 57 1220 79 1450 46 3465 46
1415 68 1221 62 1451 41 3466 38
1416 54 1222 65 1452 35 3467 50
1417 55 1223 60 1453 36 3468 48
1418 61 1224 60 1454 31 3469 40
1419 54 1225 54 1455 44 3470 58
1420 63 1226 69 1456 35 3471 51
1421 64 1227 64 1457 54 3472 41
1422 59 1228 57 1458 48 3473 57
1423 57 1229 50 1459 44 3474 51
1424 56 1230 51 1460 43 3475 43
1425 45 1231 55 1461 43 3476 52
1426 68 1232 45 1462 30 3477 39
1427 62 1233 57 1463 34 3478 46
1428 35 1234 61 1464 31 3479 37
1429 46 1235 59 1465 39 3480 51
1430 48 1236 57 1466 39 3481 38
1431 56 1237 59 1467 47 3482 39
1432 44 1238 59 1468 45 3483 31
1433 58 1239 38 1469 31 3484 39
1434 50 1240 50 1470 26 3485 32
1435 51 1241 45 1471 35 3486 38
1436 49 1242 48 1472 25 3487 34
1437 54 1243 55 1473 34 3488 46
1438 51 1244 50 1474 33 3489 28
1439 44 1245 65 1475 43 3490 36
1440 41 1246 50 1476 41 3491 32
1441 38 1247 51 1477 31 3492 48
1442 49 1248 65 1478 40 3493 39
1443 36 1249 50 1479 34 3494 41
1444 40 1250 50 1480 45 3495 31
1445 47 1251 38 1481 31 3496 29
1446 39 1252 44 1482 38 3497 27
1447 39 1253 34 1483 32 3498 38
1448 46 1254 44 1484 28 3499 31
1449 35 1255 46 1485 35 3500 39
1450 36 1256 49 1486 31 3501 25
1451 42 1257 40 1487 29 3502 33
1452 48 1258 39 1488 40 3503 31
1453 32 1259 40 1489 32 3504 34
1454 36 1260 52 1490 26 3505 25
1455 38 1261 44 1491 30 3506 28
1456 37 1262 32 1492 36 3507 28
1457 32 1263 29 1493 33 3508 31
1458 47 1264 39 1494 27 3509 35
1459 37 1265 38 1495 22 3510 31
1460 41 1266 30 1496 29 3511 31
1461 32 1267 38 1497 24 3512 32
1462 26 1268 31 1498 20 3513 32
1463 40 1269 31 1499 25 3514 27
1464 42 1270 35 1500 26 3515 32
1465 38 1271 31 1501 21 3516 29
1466 41 1272 36 1502 27 3517 33
1467 33 1273 33 1503 24 3518 22
1468 27 1274 30 1504 33 3519 26
1469 44 1275 43 1505 29 3520 26
1470 33 1276 32 1506 21 3521 24
1471 27 1277 33 1507 25 3522 31
1472 34 1278 30 1508 26 3523 24
1473 28 1279 46 1509 18 3524 27
1474 29 1280 41 1510 19 3525 22
1475 29 1281 35 1511 20 3526 27
1476 41 1282 25 1512 23 3527 22
1477 43 1283 34 1513 30 3528 14
1478 25 1284 33 1514 24 3529 21
1479 35 1285 28 1515 19 3530 28
1480 33 1286 32 1516 18 3531 24
1481 37 1287 26 1517 22 3532 17
1482 29 1288 31 1518 22 3533 18
1483 30 1289 29 1519 27 3534 23
1484 29 1290 22 1520 28 3535 19
1485 20 1291 37 1521 28 3536 24
1486 33 1292 26 1522 19 3537 21
1487 32 1293 21 1523 17 3538 29
1488 27 1294 24 1524 16 3539 19
1489 23 1295 34 1525 19 3540 21
1490 48 1296 29 1526 23 3541 25
1491 24 1297 32 1527 23 3542 17
1492 19 1298 18 1528 25 3543 16
1493 32 1299 32 1529 18 3544 22
1494 33 1300 32 1530 23 3545 16
1495 21 1301 23 1531 19 3546 25
1496 26 1302 30 1532 28 3547 19
1497 20 1303 31 1533 18 3548 16
1498 26 1304 21 1534 17 3549 24
1499 24 1305 29 1535 25 3550 15
1500 22 1306 15 1536 20 3551 12
1501 18 1307 27 1537 23 3552 15
1502 32 1308 20 1538 18 3553 19
1503 34 1309 28 1539 15 3554 17
1504 74 1310 78 1540 66 3555 52
1505 61 1311 71 1541 48 3556 54
1506 64 1312 61 1542 47 3557 36
1507 68 1313 52 1543 47 3558 44
1508 58 1314 85 1544 36 3559 40
1509 65 1315 60 1545 44 3560 49
1510 57 1316 58 1546 43 3561 30
1511 57 1317 73 1547 45 3562 33
1512 64 1318 64 1548 34 3563 34
1513 60 1319 53 1549 44 3564 32
1514 48 1320 47 1550 39 3565 46
1515 60 1321 59 1551 35 3566 36
1516 48 1322 50 1552 27 3567 39
1517 49 1323 53 1553 30 3568 36
1518 52 1324 59 1554 39 3569 26
1519 46 1325 54 1555 26 3570 29
1520 50 1326 55 1556 34 3571 28
1521 43 1327 49 1557 31 3572 27
1522 39 1328 37 1558 35 3573 26
1523 45 1329 36 1559 39 3574 21
1524 46 1330 42 1560 30 3575 29
1525 48 1331 43 1561 35 3576 26
1526 33 1332 41 1562 28 3577 29
1527 27 1333 42 1563 33 3578 29
1528 39 1334 41 1564 28 3579 21
1529 26 1335 37 1565 25 3580 21
1530 35 1336 25 1566 22 3581 28
1531 28 1337 29 1567 34 3582 18
1532 31 1338 45 1568 34 3583 24
1533 28 1339 27 1569 19 3584 29
1534 30 1340 32 1570 29 3585 12
1535 25 1341 36 1571 24 3586 22
1536 31 1342 35 1572 16 3587 22
1537 37 1343 32 1573 22 3588 14
1538 25 1344 32 1574 22 3589 26
1539 38 1345 27 1575 21 3590 25
1540 22 1346 28 1576 22 3591 16
1541 24 1347 22 1577 20 3592 18
1542 22 1348 23 1578 25 3593 19
1543 31 1349 36 1579 17 3594 28
1544 27 1350 21 1580 26 3595 21
1545 26 1351 38 1581 12 3596 14
1546 26 1352 25 1582 21 3597 21
1547 19 1353 22 1583 11 3598 12
1548 22 1354 18 1584 11 3599 15
1549 19 1355 23 1585 7 3600 14
1550 22 1356 19 1586 15 3601 14
1551 19 1357 27 1587 17 3602 14
1552 16 1358 22 1588 16 3603 11
1553 19 1359 22 1589 19 3604 8
1554 24 1360 11 1590 19 3605 18
1555 18 1361 20 1591 12 3606 13
1556 21 1362 14 1592 12 3607 11
1557 22 1363 26 1593 16 3608 9
1558 7 1364 18 1594 11 3609 13
1559 13 1365 21 1595 13 3610 9
1560 25 1366 18 1596 8 3611 12
1561 15 1367 20 1597 10 3612 15
1562 20 1368 14 1598 14 3613 12
1563 16 1369 13 1599 8 3614 10
1564 14 1370 12 1600 11 3615 11
1565 11 1371 16 1601 15 3616 4
1566 15 1372 13 1602 9 3617 12
1567 18 1373 16 1603 9 3618 9
1568 14 1374 10 1604 13 3619 13
1569 13 1375 8 1605 7 3620 9
1570 18 1376 15 1606 14 3621 5
1571 10 1377 11 1607 4 3622 9
1572 21 1378 14 1608 9 3623 9
1573 16 1379 13 1609 13 3624 5
1574 15 1380 12 1610 6 3625 13
1575 10 1381 10 1611 9 3626 7
1576 10 1382 15 1612 5 3627 9
1577 9 1383 10 1613 8 3628 13
1578 12 1384 12 1614 8 3629 7
1579 16 1385 11 1615 7 3630 3
1580 8 1386 9 1616 7 3631 8
1581 15 1387 15 1617 9 3632 5
1582 9 1388 4 1618 9 3633 14
1583 7 1389 15 1619 5 3634 11
1584 10 1390 9 1620 9 3635 4
1585 8 1391 8 1621 8 3636 9
1586 8 1392 8 1622 6 3637 6
1587 7 1393 8 1623 8 3638 3
1588 10 1394 11 1624 6 3639 10
1589 9 1395 9 1625 1 3640 11
1590 16 1396 10 1626 3 3641 2
1591 11 1397 7 1627 1 3642 4
1592 6 1398 15 1628 11 3643 5
1593 5 1399 11 1629 4 3644 5
1594 6 1400 4 1630 6 3645 5
1595 7 1401 6 1631 6 3646 5
1596 5 1402 11 1632 2 3647 4
1597 8 1403 8 1633 2 3648 4
1598 6 1404 8 1634 2 3649 7
1599 6 1405 10 1635 2 3650 6
1600 7 1406 10 1636 7 3651 4
1601 6 1407 11 1637 3 3652 7
1602 3 1408 9 1638 5 3653 3
1603 5 1409 5 1639 1 3654 5
1604 5 1410 6 1640 5 3655 4
1605 11 1411 6 1641 2 3656 4
1606 13 1412 14 1642 7 3657 5
1607 6 1413 7 1643 4 3658 4
1608 10 1414 5 1644 5 3659 3
1609 6 1415 5 1645 7 3660 2
1610 6 1416 6 1646 3 3661 4
1611 6 1417 5 1647 3 3662 6
1612 5 1418 5 1648 5 3663 4
1613 8 1419 9 1649 3 3664 5
1614 7 1420 5 1650 4 3665 6
1615 9 1421 1 1651 4 3666 6
1616 12 1422 6 1652 4 3667 4
1617 13 1423 5 1653 8 3668 3
1618 3 1424 3 1654 5 3669 2
1619 4 1425 5 1655 4 3670 1
1620 3 1426 7 1656 5 3671 3
1621 6 1427 3 1657 4 3672 1
1622 12 1428 6 1658 3 3673 10
1623 3 1429 3 1659 5 3674 1
1624 2 1430 3 1660 4 3675 2
1625 8 1431 4 1661 3 3676 4
1626 7 1432 6 1662 2 3677 5
1627 5 1433 7 1663 8 3678 2
1628 2 1434 3 1664 5 3679 5
1629 3 1435 6 1665 2 3680 5
1630 3 1436 3 1666 4 3681 2
1631 3 1437 2 1667 4 3682 4
1632 2 1438 6 1668 3 3683 5
1633 4 1439 6 1669 3 3684 5
1634 2 1440 7 1670 4 3685 3
1635 8 1441 3 1671 3 3686 1
1636 7 1442 5 1672 1 3687 0
1637 5 1443 4 1673 4 3688 4
1638 4 1444 7 1674 1 3689 5
1639 2 1445 3 1675 3 3690 4
1640 4 1446 6 1676 1 3691 4
1641 2 1447 0 1677 2 3692 4
1642 5 1448 4 1678 1 3693 4
1643 1 1449 5 1679 4 3694 5
1644 6 1450 1 1680 1 3695 2
1645 5 1451 4 1681 3 3696 0
1646 2 1452 6 1682 1 3697 3
1647 2 1453 8 1683 0 3698 1
1648 3 1454 5 1684 3 3699 4
1649 4 1455 4 1685 2 3700 4
1650 2 1456 2 1686 5 3701 4
1651 2 1457 5 1687 3 3702 2
1652 7 1458 2 1688 6 3703 2
1653 2 1459 3 1689 4 3704 1
1654 3 1460 5 1690 3 3705 2
1655 3 1461 3 1691 2 3706 3
1656 6 1462 3 1692 1 3707 1
1657 4 1463 3 1693 3 3708 1
1658 0 1464 2 1694 1 3709 1
1659 2 1465 2 1695 1 3710 0
1660 8 1466 3 1696 2 3711 5
1661 1 1467 3 1697 1 3712 2
1662 3 1468 1 1698 2 3713 0
1663 0 1469 4 1699 4 3714 1
1664 3 1470 3 1700 1 3715 1
1665 1 1471 4 1701 2 3716 1
1666 3 1472 1 1702 1 3717 3
1667 4 1473 2 1703 2 3718 1
1668 2 1474 2 1704 1 3719 2
1669 2 1475 4 1705 4 3720 3
1670 1 1476 6 1706 2 3721 1
1671 2 1477 1 1707 1 3722 2
1672 2 1478 1 1708 5 3723 1
1673 2 1479 3 1709 3 3724 4
1674 4 1480 4 1710 0 3725 1
1675 3 1481 4 1711 2 3726 2
1676 0 1482 2 1712 0 3727 1
1677 0 1483 7 1713 2 3728 2
1678 3 1484 3 1714 1 3729 2
1679 1 1485 0 1715 1 3730 5
1680 1 1486 1 1716 1 3731 0
1681 3 1487 2 1717 0 3732 2
1682 3 1488 4 1718 1 3733 3
1683 3 1489 3 1719 2 3734 3
1684 4 1490 6 1720 1 3735 3
1685 1 1491 3 1721 0 3736 1
1686 1 1492 3 1722 2 3737 0
1687 0 1493 5 1723 3 3738 3
1688 2 1494 1 1724 0 3739 2
1689 0 1495 2 1725 2 3740 1
1690 1 1496 5 1726 0 3741 1
1691 1 1497 2 1727 3 3742 0
1692 2 1498 1 1728 3 3743 4
1693 3 1499 2 1729 1 3744 7
1694 2 1500 4 1730 1 3745 2
1695 1 1501 3 1731 0 3746 2
1696 6 1502 1 1732 4 3747 0
1697 3 1503 1 1733 1 3748 4
1698 2 1504 3 1734 2 3749 1
1699 2 1505 5 1735 3 3750 1
1700 3 1506 1 1736 0 3751 3
1701 1 1507 0 1737 1 3752 2
1702 0 1508 4 1738 1 3753 0
1703 302 1509 289 1739 232 3754 0
