  0  56 46 57  46 51 55
  1  56 46 58  45 51 54
  2  56 46 57  45 50 54
  3  55 46 58  46 51 54
  4  56 46 57  45 51 54
  5  55 45 57  45 50 54
  6  56 45 57  45 50 54
  7  56 46 57  45 50 54
  8  56 46 57  45 50 55
  9  56 46 57  45 50 54
 10  56 46 58  45 51 55
 11  56 46 58  45 50 54
 12  55 46 58  46 51 55
 13  56 45 57  45 51 54
 14  56 46 57  45 51 54
 15  55 46 57  45 50 54
 16  56 46 57  45 50 54
 17  56 46 57  45 50 54
 18  56 46 57  45 50 54
 19  54 46 57  45 50 55
 20  55 46 57  46 50 54
 21  56 45 57  45 50 55
 22  55 46 57  46 50 54
 23  56 45 57  45 51 54
 24  56 46 58  45 51 54
 25  56 47 58  45 50 54
 26  56 46 57  45 51 54
 27  55 46 58  45 51 54
 28  55 46 57  45 50 54
 29  55 46 57  46 51 54
 30  56 46 57  45 50 55
 31  56 46 57  45 50 54
 32  55 46 57  45 50 54
 33  56 46 57  45 51 54
 34  55 45 57  45 50 54
 35  56 46 57  44 50 54
 36  55 46 58  45 50 54
 37  56 46 57  45 50 54
 38  56 46 58  45 50 54
 39  55 46 58  46 51 54
 40  56 46 57  46 50 55
 41  55 45 58  45 51 54
 42  56 46 57  45 51 54
 43  55 46 57  45 51 54
 44  55 46 57  45 51 54
 45  56 46 58  45 50 54
 46  55 46 57  45 50 55
 47  56 45 57  45 50 54
 48  55 45 57  45 50 54
 49  56 46 57  45 51 54
 50  55 46 57  45 51 54
 51  55 46 58  46 50 55
 52  56 45 57  46 51 54
 53  55 45 57  45 50 54
 54  56 46 58  46 51 54
 55  55 46 57  46 50 54
 56  56 46 57  45 50 54
 57  56 46 57  45 50 54
 58  55 46 57  45 50 54
 59  56 46 57  45 50 54
 60  55 46 57  46 50 54
 61  56 46 58  46 50 54
 62  56 45 57  45 50 54
 63  56 46 58  45 50 55
 64  56 46 57  45 50 55
 65  55 46 58  46 50 54
 66  56 46 58  45 51 55
 67  56 46 57  45 50 54
 68  55 45 57  45 50 54
 69  56 46 58  45 50 54
 70  56 45 57  45 50 54
 71  55 46 57  44 50 54
 72  55 46 57  45 50 54
 73  56 46 57  46 50 54
 74  56 46 57  45 50 54
 75  56 46 58  46 50 54
 76  56 46 57  45 50 54
 77  55 45 57  45 50 54
 78  55 46 57  46 50 54
 79  55 46 57  45 50 54
 80  56 45 57  45 50 54
 81  55 46 57  45 50 54
 82  56 45 57  45 50 54
 83  55 45 57  45 50 54
 84  55 45 58  45 51 54
 85  56 46 57  44 51 54
 86  55 46 57  45 51 54
 87  55 46 57  45 51 54
 88  55 46 57  46 51 54
 89  55 46 57  45 50 54
 90  56 46 57  45 50 54
 91  55 46 58  45 50 54
 92  55 46 57  45 50 54
 93  55 46 58  45 50 54
 94  56 46 57  45 50 54
 95  55 47 57  45 50 54
 96  55 46 57  45 50 55
 97  56 46 58  45 51 55
 98  56 45 57  45 50 54
 99  56 45 57  45 50 55
100  55 46 57  45 50 54
101  56 46 57  45 50 54
102  56 46 57  45 50 54
103  55 46 58  46 50 54
104  56 46 57  46 50 53
105  56 46 58  46 50 54
106  56 46 58  46 50 53
107  56 46 57  45 51 54
108  56 46 57  45 50 54
109  55 46 57  45 50 54
110  55 46 57  45 50 54
111  56 46 57  45 51 54
112  56 46 57  45 51 54
113  56 46 57  45 51 54
114  56 46 57  45 51 54
115  56 46 57  45 51 54
116  56 45 57  46 50 54
117  55 45 57  45 50 54
118  56 46 58  46 51 54
119  56 46 57  45 50 54
120  55 46 58  46 50 54
121  56 45 57  44 50 54
122  56 46 57  45 50 54
123  56 46 57  45 51 54
124  55 46 57  45 50 54
125  55 45 57  45 50 55
126  57 46 57  45 50 54
127  55 46 57  45 51 54
128  55 46 57  45 51 54
129  56 46 57  44 51 54
130  56 46 57  45 50 54
131  56 45 58  45 50 54
132  55 46 57  46 50 54
133  56 46 57  46 51 54
134  56 46 57  45 50 54
135  55 47 57  46 50 54
136  56 45 57  45 50 54
137  56 46 57  45 51 54
138  56 45 57  45 50 54
139  55 46 57  45 50 54
140  56 46 57  45 50 54
141  56 46 58  45 51 54
142  55 46 57  45 51 54
143  56 46 57  46 50 55
144  56 46 58  45 50 54
145  55 46 57  46 50 54
146  55 46 57  45 51 54
147  56 46 58  46 51 54
148  56 46 57  46 50 54
149  55 46 58  45 50 54
150  56 46 57  45 51 54
151  56 46 57  45 51 54
152  55 46 57  45 51 55
153  55 46 57  45 50 54
154  56 46 57  46 51 54
155  56 46 57  45 51 54
156  55 47 58  46 50 54
157  56 45 58  45 51 54
158  56 46 58  45 51 55
159  56 46 57  45 50 54
160  55 46 58  45 50 54
161  56 45 57  45 51 54
162  56 46 57  45 50 54
163  55 46 57  45 50 54
164  56 46 57  46 50 54
165  55 46 56  45 49 54
166  56 47 58  45 51 54
167  55 46 57  45 51 55
168  56 46 58  45 50 54
169  56 46 58  45 51 54
170  55 46 57  45 51 54
171  56 46 58  45 51 54
172  55 46 57  46 50 54
173  55 45 57  45 50 54
174  55 46 57  45 50 54
175  56 46 57  46 50 54
176  55 46 58  45 50 54
177  55 47 57  46 51 54
178  55 46 57  45 51 54
179  55 46 57  45 51 55
180  56 46 57  46 51 55
181  55 46 58  45 51 54
182  55 46 57  45 51 54
183  56 46 57  45 51 55
184  56 46 57  45 50 54
185  55 46 58  45 50 54
186  56 46 58  46 50 55
187  56 46 57  45 50 54
188  56 46 57  46 51 54
189  55 45 57  45 51 54
190  56 46 57  45 50 54
191  56 46 57  46 51 54
192  55 46 58  45 51 54
193  56 45 57  44 50 54
194  57 46 58  45 50 54
195  56 46 57  45 51 54
196  56 46 58  45 51 54
197  55 46 57  45 51 54
198  56 46 57  45 50 54
199  55 45 57  45 51 54
200  57 45 57  45 50 55
201  55 46 57  45 50 54
202  56 46 57  45 51 54
203  55 46 57  45 51 54
204  55 46 57  46 50 54
205  56 45 57  45 50 54
206  55 46 57  45 50 54
207  56 46 58  46 51 54
208  55 46 57  45 50 54
209  56 46 57  45 50 54
210  56 46 57  45 50 54
211  55 46 58  45 50 54
212  55 45 57  45 50 54
213  56 46 57  45 51 54
214  55 46 57  45 51 54
215  55 46 57  45 50 54
216  56 46 57  45 50 54
217  55 46 57  45 51 54
218  56 46 58  45 51 54
219  55 46 58  46 50 54
220  55 46 57  45 51 54
221  56 45 57  45 50 54
222  56 47 58  46 51 54
223  55 46 57  45 51 54
224  55 46 57  46 51 54
225  56 46 57  45 50 54
226  56 46 57  45 50 55
227  55 46 57  45 51 54
228  56 46 57  45 51 55
229  55 45 57  45 50 54
230  56 46 57  45 51 54
231  55 46 58  46 50 54
232  56 46 57  46 50 54
233  55 46 58  45 50 54
234  55 46 57  46 51 54
235  56 45 57  45 50 54
236  55 46 57  45 51 54
237  56 46 57  45 50 54
238  56 47 58  45 51 55
239  56 45 57  44 51 54
240  56 46 57  45 51 55
241  55 56 58  46 53 54
242  293 540 292  53 61 61
243  229 207 174  50 54 59
244  148 133 143  48 53 57
245  118 169 153  46 53 55
246  92 112 94  46 52 55
247  72 84 96  45 52 55
248  60 57 87  45 50 55
249  58 51 66  45 50 54
250  57 53 69  45 50 54
251  56 54 64  45 50 54
252  59 46 59  45 51 55
253  57 46 59  46 50 54
254  56 46 58  45 51 54
255  57 46 59  45 51 54
256  55 47 58  46 50 54
257  56 47 57  45 51 54
258  56 47 58  46 50 54
259  55 47 58  45 50 54
260  55 46 57  45 51 55
261  55 45 58  45 51 54
262  56 46 58  45 51 54
263  55 45 57  45 50 54
264  56 45 57  45 50 54
265  56 46 57  45 50 54
266  56 45 57  45 50 55
267  56 47 57  46 51 54
268  55 46 58  45 50 54
269  56 46 57  45 50 54
270  55 46 57  46 51 54
271  55 46 57  45 51 55
272  55 46 57  46 51 54
273  56 46 57  45 50 54
274  56 46 57  45 50 54
275  56 46 57  45 50 54
276  56 45 57  45 50 54
277  56 45 57  45 50 54
278  56 45 57  45 50 54
279  55 46 58  46 50 55
280  56 46 57  45 50 55
281  56 45 57  45 50 54
282  56 46 57  46 51 55
283  56 45 57  45 50 55
284  55 45 57  45 50 54
285  55 46 57  45 51 55
286  55 46 57  45 51 54
287  55 44 57  45 50 54
288  55 46 57  45 51 54
289  55 45 57  45 50 54
290  56 46 57  45 50 54
291  56 45 58  46 51 54
292  56 45 57  46 50 54
293  55 45 57  45 50 54
294  56 46 57  45 50 54
295  56 45 57  45 50 55
296  54 46 58  46 51 54
297  56 45 57  45 50 54
298  56 45 57  45 50 54
299  56 45 57  45 51 54
300  55 46 57  46 50 55
301  56 46 58  45 51 54
302  56 46 58  45 50 54
303  62 46 57  45 50 54
304  58 45 57  45 50 55
305  57 45 57  45 50 55
306  56 46 57  45 50 55
307  55 46 56  45 50 55
308  56 45 57  45 50 54
309  56 45 57  45 50 54
310  56 45 57  46 51 54
311  55 46 57  45 50 54
312  55 46 57  46 51 54
313  55 46 57  45 51 54
314  55 46 58  45 50 54
315  56 46 57  46 51 54
316  56 46 57  45 50 54
317  56 45 57  45 50 54
318  56 46 57  45 50 54
319  56 45 57  45 50 55
320  56 45 57  46 50 54
321  55 46 57  45 50 54
322  55 45 57  45 50 54
323  56 45 57  46 51 54
324  56 45 57  45 51 54
325  55 45 57  45 50 54
326  56 46 57  45 51 54
327  55 46 57  45 50 54
328  56 46 57  45 50 54
329  55 46 58  45 51 54
330  56 46 57  45 50 54
331  55 45 57  44 50 54
332  55 45 57  46 50 54
333  56 45 57  46 50 54
334  55 46 57  46 50 54
335  56 46 57  46 50 55
336  55 45 57  46 50 54
337  55 45 57  45 50 55
338  55 45 57  45 50 54
339  55 46 58  45 51 54
340  56 45 57  45 51 54
341  55 46 57  45 51 54
342  56 45 57  45 51 54
343  55 46 57  45 51 54
344  56 46 57  45 51 54
345  56 45 57  45 51 54
346  55 45 57  45 51 54
347  56 45 57  46 50 55
348  55 46 57  46 51 54
349  56 46 58  46 51 54
350  55 46 57  45 50 54
351  56 46 58  45 50 54
352  55 46 57  45 50 54
353  55 46 57  45 50 54
354  55 46 58  45 50 54
355  55 45 57  45 51 54
356  60 46 57  45 51 55
357  55 46 57  45 51 54
358  55 45 57  45 51 54
359  56 46 57  45 50 54
360  56 46 57  45 50 54
361  55 45 57  45 50 54
362  56 46 57  45 51 54
363  55 46 57  46 50 54
364  56 46 57  45 50 54
365  55 46 57  45 50 55
366  56 46 57  45 50 54
367  56 45 58  46 50 54
368  55 46 57  46 51 55
369  56 45 57  45 51 54
370  55 46 57  45 51 54
371  56 45 57  46 51 54
372  55 46 57  45 50 54
373  56 46 57  45 50 55
374  56 45 57  45 51 54
375  55 46 58  45 51 55
376  55 46 57  45 50 55
377  56 46 58  45 51 54
378  55 45 57  45 50 54
379  55 46 57  46 50 54
380  56 46 57  46 50 54
381  56 46 57  45 51 54
382  56 45 57  45 51 54
383  55 46 57  46 51 54
384  56 46 57  45 51 54
385  56 45 57  45 51 55
386  56 46 57  45 51 54
387  56 46 57  45 51 55
388  56 46 57  45 50 54
389  56 46 57  45 50 55
390  55 46 58  45 51 54
391  56 46 57  45 50 54
392  55 46 57  45 51 54
393  56 46 57  45 51 54
394  55 46 57  45 50 54
395  56 46 57  46 51 53
396  56 46 57  46 50 54
397  55 46 57  45 50 54
398  56 46 57  45 50 54
399  55 46 57  45 50 54
400  56 45 57  45 50 54
401  55 46 58  46 50 54
402  56 46 57  45 50 54
403  56 46 58  45 50 54
404  55 46 57  45 50 55
405  56 46 58  45 50 55
406  55 45 57  45 50 54
407  55 45 57  45 51 54
408  55 46 57  44 50 54
409  56 45 57  45 50 54
410  56 45 57  45 51 54
411  55 46 58  46 50 54
412  56 45 57  45 51 54
413  56 46 58  45 50 54
414  56 45 58  45 50 54
415  55 46 57  45 51 54
416  56 46 57  45 50 54
417  56 46 57  45 50 54
418  55 45 57  44 50 54
419  55 45 57  45 50 54
420  56 45 57  45 50 54
421  56 46 56  45 50 54
422  55 46 57  45 50 54
423  56 46 57  45 51 54
424  56 46 57  45 51 54
425  55 45 58  45 51 54
426  55 46 57  45 51 54
427  56 45 57  45 51 54
428  56 46 57  45 50 54
429  55 46 58  46 50 54
430  56 46 57  45 50 54
431  56 46 57  45 51 55
432  56 46 57  45 50 55
433  55 46 57  45 50 54
434  55 46 57  45 50 54
435  56 46 57  45 51 55
436  55 46 57  45 51 54
437  56 46 57  45 51 54
438  55 46 58  45 50 54
439  56 46 57  45 50 54
440  56 45 57  46 51 54
441  55 45 58  46 50 54
442  56 45 57  45 50 54
443  55 46 57  46 50 55
444  55 46 57  45 50 55
445  55 46 57  45 51 54
446  56 45 57  44 50 54
447  56 46 57  45 50 54
448  55 46 57  45 50 54
449  55 46 58  44 50 53
450  56 45 58  44 50 54
451  56 46 58  45 50 54
452  55 46 58  46 50 54
453  56 45 57  46 50 55
454  56 45 57  45 50 54
455  56 46 57  45 50 54
456  54 45 57  45 51 54
457  56 45 57  45 50 54
458  55 46 57  45 50 54
459  55 46 57  45 50 54
460  56 45 57  44 50 54
461  56 46 58  45 50 54
462  56 46 57  45 51 54
463  56 46 57  45 50 54
464  56 46 57  45 50 54
465  56 46 57  45 50 54
466  55 46 57  45 51 54
467  56 45 57  45 51 54
468  56 46 57  45 50 54
469  55 46 57  45 50 54
470  55 45 57  45 50 54
471  55 46 57  45 50 54
472  55 45 57  45 51 54
473  55 46 58  46 51 54
474  55 45 57  45 51 54
475  55 46 56  45 51 54
476  55 46 56  45 51 55
477  56 46 57  45 51 55
478  55 46 57  45 50 54
479  56 45 57  45 51 55
480  56 45 58  45 50 54
481  55 46 57  45 50 54
482  56 45 57  45 50 54
483  55 46 58  45 50 54
484  56 46 57  46 50 54
485  55 46 58  45 50 54
486  56 46 57  45 51 54
487  55 45 57  45 51 54
488  55 46 57  45 51 54
489  56 46 57  45 50 54
490  55 45 57  44 51 55
491  56 46 58  45 51 55
492  55 46 57  45 50 54
493  55 45 57  45 50 55
494  56 45 57  45 51 54
495  55 46 58  45 50 54
496  55 45 58  45 51 54
497  55 46 57  46 51 54
498  55 45 57  45 50 54
499  56 46 57  45 50 54
500  55 46 57  45 50 54
501  56 46 57  45 50 54
502  56 46 57  45 50 54
503  56 46 57  45 50 54
504  55 46 57  45 50 54
505  55 46 57  45 50 54
506  56 46 57  45 51 54
507  55 46 57  45 50 54
508  56 45 57  45 50 54
509  56 46 58  46 51 54
510  56 45 57  45 50 54
511  55 45 57  46 50 54
512  55 46 57  45 51 55
513  56 46 57  46 51 54
514  55 46 57  45 51 53
515  56 45 58  45 50 54
516  55 46 57  45 50 54
517  55 46 58  45 50 54
518  55 46 57  45 50 54
519  55 46 57  45 50 55
520  56 46 57  45 50 54
521  55 45 57  46 50 54
522  56 45 57  45 51 54
523  56 46 57  45 51 54
524  56 46 57  45 51 54
525  56 46 57  45 51 54
526  55 46 58  45 51 53
527  56 46 58  45 51 54
528  56 46 57  45 50 55
529  56 45 58  45 51 54
530  56 46 57  45 50 54
531  56 46 57  45 51 55
532  56 46 57  45 50 54
533  55 46 57  45 50 54
534  56 45 57  45 50 54
535  55 45 57  45 50 54
536  55 46 57  45 51 54
537  56 46 57  45 51 54
538  56 46 57  45 50 54
539  56 47 58  45 51 54
540  55 46 58  45 51 55
541  56 45 57  45 50 54
542  56 46 58  45 50 55
543  55 45 58  45 50 54
544  56 46 57  45 51 54
545  56 46 57  46 50 55
546  56 45 57  45 50 54
547  55 46 57  45 50 54
548  56 46 57  45 50 54
549  56 46 57  45 51 54
550  54 46 57  45 51 54
551  56 46 58  45 50 54
552  56 45 57  45 50 54
553  55 46 58  45 50 54
554  55 46 58  45 50 54
555  55 46 58  45 50 55
556  56 46 57  45 51 54
557  55 45 57  45 50 54
558  55 46 57  45 50 54
559  56 46 57  45 51 54
560  55 45 57  45 51 54
561  56 45 57  45 50 55
562  55 46 57  45 50 54
563  56 45 58  45 51 54
564  56 46 58  45 51 54
565  55 46 58  45 51 54
566  56 45 57  45 50 54
567  55 46 58  46 51 55
568  56 45 57  46 50 54
569  55 46 57  45 50 54
570  55 45 58  44 51 54
571  56 46 57  45 50 54
572  55 46 57  45 51 54
573  56 46 57  45 50 54
574  55 46 57  45 50 53
575  56 45 57  45 51 54
576  56 45 57  45 50 54
577  56 45 57  45 50 53
578  56 46 57  45 50 54
579  55 46 57  45 50 55
580  56 46 57  45 51 54
581  55 46 58  45 51 54
582  55 46 57  45 51 54
583  56 46 57  45 50 54
584  56 46 58  45 49 54
585  56 46 57  45 50 54
586  55 45 57  45 51 53
587  56 46 57  46 50 55
588  56 46 57  45 50 54
589  55 46 57  45 50 54
590  56 46 57  45 50 54
591  55 45 57  45 50 54
592  56 45 57  45 51 54
593  55 46 57  45 50 54
594  56 45 57  45 50 54
595  55 46 57  45 50 54
596  55 46 58  45 50 54
597  56 46 58  45 50 54
598  55 46 58  45 51 54
599  55 46 57  45 50 54
600  55 46 58  45 50 54
601  56 46 57  45 50 53
602  56 45 57  45 50 54
603  55 46 57  45 50 54
604  56 45 57  45 50 54
605  55 45 57  45 50 54
606  56 45 57  46 50 54
607  55 46 57  46 51 54
608  56 45 57  45 51 54
609  56 45 57  46 50 54
610  55 46 57  46 51 54
611  56 46 57  45 51 55
612  54 46 57  45 51 55
613  56 46 57  45 50 54
614  56 46 58  45 51 54
615  55 45 57  44 50 55
616  55 45 57  45 50 54
617  55 47 57  45 51 53
618  56 45 58  45 51 55
619  55 46 57  45 51 53
620  56 46 57  45 50 54
621  55 46 57  45 51 54
622  56 46 57  45 50 54
623  56 46 57  46 50 54
624  54 46 57  45 51 54
625  55 46 57  45 50 54
626  55 46 57  45 50 54
627  55 46 58  45 51 54
628  55 46 57  45 50 54
629  55 45 57  45 50 54
630  56 46 57  45 50 54
631  56 46 57  45 50 54
632  56 46 57  45 50 54
633  56 46 57  46 50 54
634  55 46 57  45 51 54
635  56 46 57  45 51 55
636  55 46 58  45 51 55
637  55 46 58  45 50 54
638  55 46 58  45 51 54
639  56 45 58  45 51 54
640  56 46 57  44 51 54
641  55 45 58  45 51 54
642  56 46 57  45 50 54
643  56 45 57  45 50 54
644  56 46 57  45 50 54
645  55 46 57  45 51 55
646  56 45 57  45 51 54
647  56 46 57  46 50 54
648  55 46 57  45 51 55
649  56 46 57  45 51 55
650  56 45 57  45 51 54
651  55 46 58  46 50 54
652  55 45 57  45 50 54
653  56 45 57  45 50 54
654  55 45 57  44 50 54
655  55 46 57  45 50 54
656  56 46 58  45 50 54
657  56 46 58  46 51 54
658  56 45 56  45 50 54
659  55 46 57  46 51 54
660  56 46 57  45 50 55
661  56 46 57  46 50 54
662  55 46 57  45 51 54
663  56 46 57  45 50 54
664  55 45 57  45 50 54
665  56 46 57  45 50 54
666  55 46 57  44 50 54
667  56 46 57  45 50 54
668  56 46 58  44 50 54
669  55 46 58  46 50 54
670  56 46 57  45 50 54
671  55 45 57  45 51 55
672  55 45 58  45 51 54
673  55 45 58  45 51 54
674  55 46 57  45 51 55
675  56 46 57  45 51 54
676  54 46 57  45 50 55
677  56 46 58  45 50 54
678  56 46 56  45 51 54
679  55 45 57  45 50 55
680  55 46 57  46 50 54
681  55 46 57  45 50 54
682  55 46 57  45 50 54
683  55 46 58  46 51 54
684  56 45 57  45 50 55
685  56 45 58  45 50 55
686  56 45 58  45 51 54
687  56 46 57  44 50 54
688  55 46 57  45 50 54
689  56 46 58  45 50 54
690  55 46 57  45 50 54
691  56 45 57  45 51 54
692  56 46 58  45 50 54
693  56 46 57  45 50 55
694  55 46 57  45 50 54
695  55 46 58  45 51 55
696  56 46 57  45 50 54
697  55 46 58  45 50 54
698  56 45 57  45 50 54
699  56 46 58  45 50 54
700  56 46 57  45 50 54
701  55 46 57  45 51 54
702  55 46 57  45 50 54
703  56 46 57  46 50 54
704  55 46 57  46 50 54
705  55 46 57  45 50 54
706  55 46 57  45 51 54
707  55 46 57  45 50 55
708  56 46 57  45 50 54
709  55 46 58  45 51 54
710  56 46 58  45 50 54
711  56 46 57  46 51 54
712  56 46 57  45 50 54
713  56 45 58  45 50 54
714  55 45 57  45 50 54
715  56 45 56  45 50 54
716  55 47 57  45 51 54
717  56 46 57  45 50 54
718  56 46 57  45 51 54
719  56 46 57  45 51 54
720  56 46 58  45 51 54
721  55 46 57  45 50 55
722  56 46 57  45 50 54
723  55 45 58  46 51 55
724  56 46 57  45 50 54
725  56 46 57  45 50 54
726  56 45 56  45 51 54
727  56 46 57  45 50 54
728  56 46 57  46 51 54
729  56 46 57  45 50 54
730  55 46 57  45 50 54
731  55 46 57  45 51 54
732  55 46 57  45 51 54
733  55 45 57  45 50 54
734  56 46 58  45 51 54
735  55 46 58  45 50 54
736  56 46 57  45 50 54
737  55 45 58  45 50 54
738  56 46 57  46 51 54
739  56 45 58  45 50 54
740  55 46 58  45 50 55
741  55 46 57  45 49 54
742  55 45 57  45 51 54
743  56 45 57  45 50 54
744  55 46 57  45 50 54
745  56 45 57  45 50 54
746  56 45 57  45 50 54
747  56 46 58  45 50 54
748  56 46 57  45 50 54
749  55 45 58  45 50 55
750  55 45 57  45 51 55
751  55 45 57  46 50 54
752  56 46 57  45 50 54
753  56 46 57  46 50 54
754  56 45 57  45 50 54
755  55 46 57  45 50 54
756  56 46 57  45 51 54
757  56 46 57  44 50 54
758  55 46 57  45 51 54
759  56 46 58  45 50 54
760  55 45 58  45 50 54
761  56 46 58  45 51 54
762  55 47 57  45 50 55
763  55 46 57  45 50 54
764  56 46 57  46 50 54
765  56 46 57  45 50 55
766  56 45 57  45 50 54
767  56 45 57  46 50 55
