1112 16 916 20 1144 2 3172 0
1113 42 917 46 1145 10 3173 0
1114 81 918 84 1146 27 3174 3
1115 151 919 120 1147 65 3175 7
1116 227 920 196 1148 138 3176 18
1117 299 921 249 1149 197 3177 49
1118 395 922 330 1150 302 3178 95
1119 504 923 431 1151 349 3179 138
1120 591 924 469 1152 424 3180 216
1121 736 925 585 1153 535 3181 261
1122 806 926 649 1154 612 3182 347
1123 885 927 679 1155 716 3183 488
1124 932 928 740 1156 725 3184 582
1125 1045 929 807 1157 858 3185 627
1126 1198 930 789 1158 865 3186 736
1127 1236 931 854 1159 942 3187 793
1128 1262 932 915 1160 1020 3188 934
1129 1307 933 939 1161 1052 3189 972
1130 1326 934 935 1162 1045 3190 1027
1131 1355 935 972 1163 1080 3191 1131
1132 1398 936 1019 1164 1101 3192 1248
1133 1481 937 1035 1165 1145 3193 1243
1134 1376 938 1005 1166 1241 3194 1271
1135 1342 939 1031 1167 1231 3195 1288
1136 1332 940 1066 1168 1140 3196 1292
1137 1377 941 1065 1169 1191 3197 1315
1138 1318 942 997 1170 1153 3198 1274
1139 1359 943 1014 1171 1159 3199 1286
1140 1280 944 1088 1172 1190 3200 1273
1141 1280 945 1058 1173 1208 3201 1247
1142 1251 946 1028 1174 1195 3202 1295
1143 1251 947 1075 1175 1160 3203 1307
1144 1209 948 1040 1176 1177 3204 1262
1145 1155 949 994 1177 1115 3205 1179
1146 1190 950 1002 1178 1147 3206 1227
1147 1137 951 1014 1179 1044 3207 1157
1148 1098 952 1012 1180 1063 3208 1167
1149 1112 953 1025 1181 1041 3209 1115
1150 1068 954 940 1182 1009 3210 1158
1151 1075 955 972 1183 967 3211 1098
1152 1067 956 971 1184 1013 3212 1081
1153 984 957 987 1185 974 3213 1064
1154 1025 958 956 1186 997 3214 1046
1155 1044 959 939 1187 945 3215 996
1156 1004 960 862 1188 938 3216 991
1157 880 961 899 1189 890 3217 932
1158 926 962 895 1190 983 3218 905
1159 964 963 850 1191 887 3219 923
1160 982 964 812 1192 890 3220 893
1161 853 965 842 1193 871 3221 852
1162 920 966 804 1194 898 3222 875
1163 948 967 798 1195 837 3223 869
1164 889 968 846 1196 853 3224 888
1165 914 969 836 1197 885 3225 828
1166 875 970 897 1198 819 3226 843
1167 867 971 783 1199 847 3227 813
1168 860 972 748 1200 807 3228 791
1169 928 973 798 1201 852 3229 779
1170 902 974 785 1202 808 3230 751
1171 871 975 761 1203 833 3231 738
1172 878 976 826 1204 808 3232 755
1173 848 977 729 1205 793 3233 760
1174 892 978 761 1206 813 3234 736
1175 893 979 772 1207 776 3235 698
1176 895 980 771 1208 830 3236 725
1177 887 981 755 1209 789 3237 711
1178 870 982 727 1210 774 3238 646
1179 914 983 752 1211 801 3239 663
1180 922 984 707 1212 758 3240 627
1181 949 985 704 1213 781 3241 693
1182 969 986 755 1214 760 3242 685
1183 895 987 743 1215 780 3243 608
1184 962 988 716 1216 785 3244 643
1185 977 989 757 1217 793 3245 646
1186 923 990 689 1218 809 3246 599
1187 930 991 759 1219 811 3247 663
1188 922 992 747 1220 802 3248 637
1189 1014 993 762 1221 822 3249 648
1190 992 994 742 1222 785 3250 667
1191 997 995 753 1223 857 3251 627
1192 931 996 718 1224 845 3252 702
1193 972 997 727 1225 818 3253 645
1194 1072 998 782 1226 855 3254 651
1195 1033 999 808 1227 852 3255 615
1196 1007 1000 771 1228 850 3256 643
1197 1051 1001 781 1229 805 3257 664
1198 1075 1002 740 1230 839 3258 649
1199 1011 1003 773 1231 875 3259 642
1200 1063 1004 776 1232 882 3260 703
1201 1044 1005 852 1233 915 3261 688
1202 1042 1006 754 1234 882 3262 738
1203 1065 1007 775 1235 879 3263 713
1204 1076 1008 839 1236 883 3264 729
1205 1098 1009 770 1237 894 3265 732
1206 1002 1010 785 1238 953 3266 720
1207 1112 1011 801 1239 936 3267 782
1208 1092 1012 830 1240 907 3268 781
1209 1069 1013 824 1241 941 3269 832
1210 1044 1014 847 1242 910 3270 862
1211 1071 1015 840 1243 999 3271 904
1212 1033 1016 854 1244 933 3272 869
1213 1057 1017 780 1245 967 3273 913
1214 1030 1018 810 1246 946 3274 917
1215 1116 1019 826 1247 938 3275 920
1216 1076 1020 829 1248 974 3276 1007
1217 1043 1021 835 1249 978 3277 1002
1218 1073 1022 911 1250 981 3278 1026
1219 1108 1023 874 1251 984 3279 1052
1220 1071 1024 807 1252 952 3280 1075
1221 1093 1025 846 1253 1005 3281 1051
1222 1022 1026 855 1254 946 3282 1111
1223 1051 1027 861 1255 1001 3283 1147
1224 1004 1028 876 1256 961 3284 1150
1225 1044 1029 877 1257 1006 3285 1139
1226 991 1030 912 1258 988 3286 1172
1227 951 1031 867 1259 969 3287 1226
1228 972 1032 797 1260 1015 3288 1191
1229 1063 1033 849 1261 998 3289 1182
1230 997 1034 839 1262 977 3290 1234
1231 998 1035 875 1263 1007 3291 1173
1232 911 1036 850 1264 919 3292 1221
1233 885 1037 875 1265 947 3293 1215
1234 925 1038 882 1266 988 3294 1238
1235 891 1039 866 1267 1073 3295 1194
1236 852 1040 879 1268 967 3296 1233
1237 957 1041 889 1269 951 3297 1260
1238 887 1042 799 1270 879 3298 1237
1239 847 1043 839 1271 912 3299 1203
1240 868 1044 849 1272 890 3300 1238
1241 844 1045 854 1273 890 3301 1209
1242 782 1046 868 1274 902 3302 1257
1243 847 1047 835 1275 835 3303 1220
1244 781 1048 831 1276 896 3304 1163
1245 793 1049 849 1277 849 3305 1178
1246 787 1050 827 1278 860 3306 1118
1247 770 1051 832 1279 832 3307 1159
1248 800 1052 852 1280 807 3308 1142
1249 735 1053 808 1281 833 3309 1052
1250 705 1054 817 1282 813 3310 1095
1251 722 1055 812 1283 798 3311 1089
1252 698 1056 813 1284 763 3312 1054
1253 692 1057 791 1285 838 3313 981
1254 687 1058 800 1286 838 3314 988
1255 682 1059 787 1287 756 3315 1006
1256 631 1060 734 1288 783 3316 974
1257 576 1061 764 1289 801 3317 977
1258 622 1062 690 1290 750 3318 925
1259 578 1063 749 1291 733 3319 899
1260 639 1064 715 1292 742 3320 896
1261 615 1065 711 1293 698 3321 793
1262 528 1066 765 1294 736 3322 807
1263 575 1067 667 1295 688 3323 904
1264 566 1068 734 1296 699 3324 794
1265 540 1069 672 1297 645 3325 775
1266 514 1070 758 1298 657 3326 809
1267 505 1071 694 1299 656 3327 782
1268 510 1072 694 1300 675 3328 723
1269 504 1073 679 1301 674 3329 719
1270 468 1074 693 1302 601 3330 680
1271 450 1075 653 1303 601 3331 634
1272 473 1076 621 1304 609 3332 666
1273 480 1077 641 1305 541 3333 627
1274 450 1078 666 1306 596 3334 600
1275 435 1079 606 1307 569 3335 623
1276 443 1080 663 1308 561 3336 618
1277 425 1081 658 1309 539 3337 568
1278 424 1082 627 1310 536 3338 468
1279 379 1083 599 1311 505 3339 517
1280 414 1084 575 1312 539 3340 503
1281 379 1085 550 1313 521 3341 549
1282 373 1086 584 1314 488 3342 477
1283 347 1087 585 1315 498 3343 443
1284 358 1088 549 1316 491 3344 416
1285 401 1089 540 1317 445 3345 482
1286 348 1090 574 1318 473 3346 417
1287 347 1091 543 1319 506 3347 430
1288 344 1092 526 1320 466 3348 416
1289 290 1093 504 1321 469 3349 397
1290 321 1094 503 1322 405 3350 423
1291 322 1095 494 1323 452 3351 389
1292 304 1096 504 1324 404 3352 363
1293 298 1097 486 1325 440 3353 363
1294 308 1098 489 1326 417 3354 362
1295 293 1099 423 1327 379 3355 324
1296 302 1100 455 1328 364 3356 363
1297 267 1101 472 1329 402 3357 318
1298 283 1102 455 1330 413 3358 334
1299 262 1103 463 1331 367 3359 304
1300 236 1104 451 1332 355 3360 311
1301 234 1105 385 1333 373 3361 316
1302 266 1106 412 1334 368 3362 336
1303 253 1107 423 1335 372 3363 280
1304 211 1108 398 1336 342 3364 302
1305 239 1109 434 1337 329 3365 250
1306 251 1110 417 1338 349 3366 275
1307 215 1111 399 1339 310 3367 276
1308 214 1112 422 1340 287 3368 240
1309 239 1113 397 1341 272 3369 230
1310 204 1114 370 1342 293 3370 242
1311 212 1115 332 1343 304 3371 242
1312 185 1116 363 1344 281 3372 256
1313 198 1117 380 1345 273 3373 227
1314 188 1118 351 1346 258 3374 221
1315 170 1119 350 1347 271 3375 188
1316 186 1120 327 1348 263 3376 238
1317 188 1121 334 1349 237 3377 222
1318 187 1122 318 1350 252 3378 231
1319 202 1123 301 1351 236 3379 204
1320 185 1124 326 1352 243 3380 222
1321 158 1125 303 1353 258 3381 189
1322 175 1126 308 1354 255 3382 154
1323 164 1127 298 1355 262 3383 175
1324 142 1128 323 1356 237 3384 172
1325 159 1129 295 1357 240 3385 174
1326 144 1130 272 1358 227 3386 166
1327 147 1131 278 1359 219 3387 186
1328 131 1132 290 1360 214 3388 163
1329 139 1133 290 1361 218 3389 173
1330 133 1134 286 1362 190 3390 162
1331 147 1135 266 1363 190 3391 177
1332 126 1136 294 1364 167 3392 170
1333 130 1137 259 1365 193 3393 153
1334 121 1138 262 1366 182 3394 136
1335 101 1139 239 1367 180 3395 152
1336 123 1140 239 1368 164 3396 159
1337 117 1141 205 1369 144 3397 151
1338 123 1142 222 1370 173 3398 137
1339 111 1143 224 1371 168 3399 120
1340 123 1144 241 1372 170 3400 131
1341 109 1145 231 1373 176 3401 138
1342 117 1146 232 1374 155 3402 126
1343 104 1147 229 1375 138 3403 124
1344 109 1148 221 1376 145 3404 131
1345 108 1149 198 1377 149 3405 115
1346 98 1150 242 1378 138 3406 115
1347 90 1151 215 1379 133 3407 120
1348 98 1152 209 1380 125 3408 128
1349 92 1153 188 1381 149 3409 126
1350 101 1154 185 1382 140 3410 115
1351 94 1155 177 1383 154 3411 109
1352 101 1156 180 1384 135 3412 103
1353 102 1157 196 1385 126 3413 98
1354 95 1158 138 1386 121 3414 113
1355 85 1159 167 1387 129 3415 107
1356 81 1160 190 1388 121 3416 95
1357 78 1161 165 1389 110 3417 116
1358 80 1162 159 1390 121 3418 115
1359 75 1163 156 1391 105 3419 78
1360 82 1164 161 1392 127 3420 109
1361 82 1165 153 1393 98 3421 105
1362 77 1166 126 1394 114 3422 90
1363 70 1167 151 1395 107 3423 81
1364 83 1168 142 1396 104 3424 89
1365 75 1169 144 1397 94 3425 78
1366 77 1170 124 1398 96 3426 86
1367 72 1171 139 1399 113 3427 80
1368 76 1172 146 1400 105 3428 79
1369 59 1173 124 1401 98 3429 97
1370 61 1174 143 1402 110 3430 98
1371 76 1175 128 1403 101 3431 76
1372 63 1176 148 1404 97 3432 76
1373 67 1177 140 1405 71 3433 75
1374 50 1178 135 1406 77 3434 80
1375 68 1179 115 1407 79 3435 68
1376 57 1180 106 1408 80 3436 68
1377 68 1181 142 1409 86 3437 69
1378 66 1182 151 1410 74 3438 80
1379 58 1183 97 1411 79 3439 76
1380 65 1184 107 1412 86 3440 66
1381 54 1185 100 1413 75 3441 61
1382 47 1186 121 1414 86 3442 71
1383 58 1187 110 1415 66 3443 73
1384 49 1188 128 1416 68 3444 65
1385 63 1189 116 1417 75 3445 77
1386 51 1190 101 1418 62 3446 50
1387 55 1191 102 1419 67 3447 62
1388 43 1192 101 1420 78 3448 72
1389 49 1193 93 1421 67 3449 62
1390 44 1194 98 1422 64 3450 68
1391 39 1195 89 1423 67 3451 65
1392 51 1196 98 1424 70 3452 59
1393 47 1197 91 1425 70 3453 50
1394 56 1198 90 1426 60 3454 63
1395 36 1199 93 1427 68 3455 44
1396 48 1200 81 1428 56 3456 66
1397 51 1201 84 1429 53 3457 46
1398 55 1202 99 1430 68 3458 54
1399 42 1203 81 1431 60 3459 47
1400 45 1204 95 1432 58 3460 72
1401 49 1205 69 1433 64 3461 48
1402 42 1206 72 1434 58 3462 65
1403 43 1207 74 1435 66 3463 58
1404 42 1208 68 1436 63 3464 41
1405 35 1209 89 1437 57 3465 54
1406 41 1210 70 1438 43 3466 51
1407 29 1211 63 1439 45 3467 46
1408 28 1212 61 1440 57 3468 41
1409 34 1213 75 1441 52 3469 46
1410 42 1214 69 1442 50 3470 40
1411 36 1215 97 1443 66 3471 39
1412 35 1216 61 1444 48 3472 42
1413 45 1217 58 1445 53 3473 41
1414 39 1218 64 1446 59 3474 45
1415 33 1219 73 1447 45 3475 40
1416 25 1220 61 1448 45 3476 47
1417 39 1221 56 1449 39 3477 45
1418 45 1222 82 1450 61 3478 47
1419 40 1223 70 1451 52 3479 43
1420 34 1224 56 1452 50 3480 41
1421 36 1225 55 1453 38 3481 34
1422 35 1226 63 1454 48 3482 34
1423 34 1227 57 1455 49 3483 50
1424 31 1228 47 1456 42 3484 37
1425 35 1229 56 1457 39 3485 39
1426 29 1230 45 1458 44 3486 35
1427 43 1231 54 1459 44 3487 34
1428 28 1232 37 1460 42 3488 34
1429 34 1233 55 1461 52 3489 39
1430 37 1234 47 1462 36 3490 29
1431 20 1235 56 1463 41 3491 38
1432 31 1236 69 1464 36 3492 34
1433 37 1237 57 1465 27 3493 33
1434 21 1238 53 1466 38 3494 24
1435 37 1239 45 1467 35 3495 31
1436 30 1240 47 1468 40 3496 29
1437 30 1241 46 1469 23 3497 36
1438 31 1242 58 1470 28 3498 31
1439 26 1243 51 1471 38 3499 31
1440 25 1244 51 1472 23 3500 35
1441 26 1245 40 1473 38 3501 23
1442 29 1246 47 1474 37 3502 29
1443 31 1247 39 1475 33 3503 30
1444 31 1248 26 1476 28 3504 33
1445 19 1249 30 1477 49 3505 24
1446 24 1250 49 1478 48 3506 24
1447 31 1251 39 1479 31 3507 23
1448 27 1252 48 1480 46 3508 26
1449 25 1253 47 1481 36 3509 19
1450 27 1254 42 1482 33 3510 28
1451 25 1255 54 1483 26 3511 33
1452 28 1256 31 1484 27 3512 30
1453 21 1257 52 1485 28 3513 23
1454 30 1258 50 1486 34 3514 21
1455 18 1259 41 1487 26 3515 22
1456 25 1260 37 1488 32 3516 16
1457 13 1261 33 1489 25 3517 25
1458 19 1262 40 1490 26 3518 23
1459 25 1263 25 1491 22 3519 22
1460 20 1264 33 1492 30 3520 24
1461 22 1265 32 1493 28 3521 28
1462 31 1266 55 1494 31 3522 22
1463 22 1267 31 1495 17 3523 24
1464 27 1268 43 1496 26 3524 17
1465 27 1269 33 1497 35 3525 23
1466 19 1270 33 1498 27 3526 27
1467 21 1271 32 1499 26 3527 18
1468 17 1272 32 1500 24 3528 18
1469 16 1273 37 1501 28 3529 17
1470 20 1274 27 1502 26 3530 24
1471 16 1275 26 1503 35 3531 18
1472 21 1276 26 1504 33 3532 15
1473 13 1277 41 1505 23 3533 22
1474 11 1278 32 1506 29 3534 21
1475 20 1279 33 1507 34 3535 18
1476 26 1280 31 1508 22 3536 17
1477 13 1281 30 1509 18 3537 13
1478 16 1282 25 1510 27 3538 14
1479 14 1283 39 1511 29 3539 19
1480 10 1284 28 1512 23 3540 14
1481 10 1285 29 1513 19 3541 26
1482 16 1286 32 1514 27 3542 14
1483 18 1287 36 1515 17 3543 27
1484 11 1288 25 1516 23 3544 12
1485 12 1289 36 1517 17 3545 22
1486 16 1290 33 1518 27 3546 22
1487 12 1291 26 1519 20 3547 12
1488 15 1292 32 1520 24 3548 14
1489 12 1293 21 1521 25 3549 21
1490 20 1294 30 1522 14 3550 18
1491 14 1295 30 1523 23 3551 19
1492 12 1296 26 1524 17 3552 18
1493 16 1297 25 1525 26 3553 11
1494 16 1298 28 1526 20 3554 19
1495 12 1299 31 1527 19 3555 21
1496 9 1300 29 1528 24 3556 11
1497 17 1301 32 1529 18 3557 9
1498 13 1302 24 1530 23 3558 17
1499 18 1303 39 1531 22 3559 12
1500 9 1304 20 1532 14 3560 12
1501 15 1305 22 1533 21 3561 14
1502 14 1306 25 1534 17 3562 17
1503 18 1307 13 1535 12 3563 14
1504 12 1308 20 1536 12 3564 18
1505 14 1309 19 1537 21 3565 22
1506 12 1310 22 1538 21 3566 12
1507 19 1311 25 1539 18 3567 20
1508 20 1312 26 1540 13 3568 18
1509 7 1313 25 1541 13 3569 18
1510 17 1314 14 1542 20 3570 13
1511 10 1315 23 1543 21 3571 17
1512 28 1316 59 1544 58 3572 33
1513 36 1317 69 1545 49 3573 46
1514 39 1318 63 1546 33 3574 35
1515 29 1319 44 1547 42 3575 28
1516 34 1320 58 1548 44 3576 33
1517 27 1321 51 1549 43 3577 30
1518 32 1322 58 1550 46 3578 27
1519 35 1323 53 1551 46 3579 30
1520 21 1324 37 1552 35 3580 28
1521 26 1325 44 1553 45 3581 37
1522 34 1326 65 1554 40 3582 27
1523 28 1327 44 1555 46 3583 30
1524 12 1328 53 1556 36 3584 27
1525 20 1329 57 1557 31 3585 25
1526 15 1330 48 1558 32 3586 32
1527 22 1331 39 1559 26 3587 29
1528 23 1332 43 1560 44 3588 30
1529 21 1333 35 1561 28 3589 25
1530 15 1334 44 1562 32 3590 28
1531 17 1335 45 1563 38 3591 22
1532 21 1336 42 1564 33 3592 24
1533 22 1337 53 1565 20 3593 17
1534 22 1338 36 1566 37 3594 17
1535 16 1339 43 1567 36 3595 27
1536 10 1340 25 1568 29 3596 14
1537 13 1341 35 1569 25 3597 21
1538 18 1342 35 1570 24 3598 23
1539 18 1343 32 1571 23 3599 19
1540 18 1344 30 1572 32 3600 17
1541 12 1345 33 1573 24 3601 12
1542 10 1346 22 1574 16 3602 14
1543 17 1347 20 1575 16 3603 6
1544 18 1348 28 1576 19 3604 18
1545 17 1349 23 1577 24 3605 6
1546 10 1350 29 1578 12 3606 12
1547 17 1351 32 1579 24 3607 19
1548 9 1352 26 1580 17 3608 20
1549 10 1353 25 1581 21 3609 13
1550 12 1354 30 1582 15 3610 8
1551 8 1355 24 1583 20 3611 16
1552 12 1356 21 1584 26 3612 15
1553 13 1357 18 1585 13 3613 12
1554 7 1358 18 1586 17 3614 11
1555 6 1359 21 1587 10 3615 14
1556 13 1360 17 1588 15 3616 7
1557 16 1361 33 1589 18 3617 13
1558 12 1362 21 1590 15 3618 9
1559 12 1363 14 1591 15 3619 7
1560 10 1364 15 1592 17 3620 11
1561 9 1365 24 1593 13 3621 17
1562 3 1366 23 1594 12 3622 8
1563 5 1367 11 1595 11 3623 7
1564 8 1368 14 1596 13 3624 9
1565 8 1369 17 1597 13 3625 12
1566 5 1370 26 1598 11 3626 15
1567 10 1371 18 1599 8 3627 5
1568 8 1372 14 1600 11 3628 8
1569 4 1373 15 1601 14 3629 3
1570 6 1374 12 1602 13 3630 11
1571 3 1375 11 1603 7 3631 10
1572 5 1376 10 1604 17 3632 6
1573 5 1377 18 1605 11 3633 6
1574 6 1378 13 1606 11 3634 5
1575 10 1379 12 1607 7 3635 10
1576 3 1380 18 1608 7 3636 4
1577 4 1381 12 1609 6 3637 10
1578 4 1382 14 1610 7 3638 5
1579 2 1383 13 1611 8 3639 5
1580 4 1384 10 1612 13 3640 4
1581 11 1385 17 1613 9 3641 5
1582 6 1386 9 1614 6 3642 9
1583 3 1387 8 1615 16 3643 4
1584 11 1388 10 1616 10 3644 7
1585 7 1389 8 1617 7 3645 5
1586 3 1390 13 1618 11 3646 11
1587 6 1391 11 1619 5 3647 5
1588 6 1392 7 1620 9 3648 2
1589 5 1393 7 1621 7 3649 6
1590 5 1394 11 1622 10 3650 7
1591 3 1395 13 1623 5 3651 6
1592 4 1396 10 1624 9 3652 6
1593 3 1397 12 1625 5 3653 7
1594 4 1398 10 1626 6 3654 1
1595 4 1399 9 1627 7 3655 4
1596 2 1400 9 1628 8 3656 4
1597 3 1401 8 1629 5 3657 7
1598 4 1402 9 1630 7 3658 3
1599 5 1403 2 1631 4 3659 5
1600 2 1404 6 1632 4 3660 2
1601 4 1405 7 1633 5 3661 3
1602 2 1406 14 1634 4 3662 4
1603 5 1407 6 1635 4 3663 3
1604 3 1408 10 1636 4 3664 7
1605 4 1409 8 1637 10 3665 8
1606 2 1410 11 1638 9 3666 5
1607 3 1411 5 1639 9 3667 1
1608 5 1412 5 1640 4 3668 3
1609 2 1413 4 1641 5 3669 3
1610 7 1414 4 1642 2 3670 4
1611 6 1415 5 1643 4 3671 1
1612 3 1416 6 1644 10 3672 3
1613 6 1417 8 1645 8 3673 1
1614 2 1418 7 1646 6 3674 4
1615 2 1419 7 1647 5 3675 5
1616 5 1420 7 1648 5 3676 3
1617 3 1421 5 1649 5 3677 1
1618 3 1422 6 1650 2 3678 8
1619 2 1423 7 1651 4 3679 2
1620 4 1424 9 1652 2 3680 5
1621 4 1425 3 1653 2 3681 3
1622 3 1426 1 1654 3 3682 1
1623 7 1427 7 1655 9 3683 3
1624 4 1428 11 1656 4 3684 6
1625 5 1429 6 1657 7 3685 2
1626 2 1430 3 1658 2 3686 2
1627 3 1431 1 1659 4 3687 6
1628 0 1432 7 1660 3 3688 4
1629 2 1433 2 1661 1 3689 4
1630 4 1434 9 1662 5 3690 10
1631 1 1435 3 1663 3 3691 3
1632 6 1436 6 1664 1 3692 5
1633 6 1437 6 1665 2 3693 3
1634 1 1438 5 1666 2 3694 2
1635 1 1439 7 1667 3 3695 1
1636 2 1440 3 1668 2 3696 1
1637 2 1441 6 1669 1 3697 6
1638 2 1442 5 1670 5 3698 0
1639 6 1443 6 1671 7 3699 0
1640 4 1444 6 1672 3 3700 2
1641 6 1445 4 1673 1 3701 2
1642 3 1446 5 1674 2 3702 2
1643 2 1447 1 1675 2 3703 0
1644 2 1448 7 1676 2 3704 1
1645 2 1449 4 1677 4 3705 2
1646 2 1450 3 1678 5 3706 2
1647 6 1451 5 1679 2 3707 5
1648 2 1452 4 1680 3 3708 2
1649 2 1453 4 1681 4 3709 3
1650 1 1454 4 1682 1 3710 2
1651 2 1455 2 1683 6 3711 2
1652 3 1456 2 1684 3 3712 1
1653 5 1457 4 1685 4 3713 3
1654 2 1458 8 1686 3 3714 1
1655 2 1459 6 1687 1 3715 3
1656 0 1460 2 1688 2 3716 2
1657 3 1461 5 1689 2 3717 2
1658 1 1462 2 1690 5 3718 3
1659 4 1463 1 1691 1 3719 3
1660 1 1464 2 1692 3 3720 5
1661 5 1465 0 1693 3 3721 3
1662 1 1466 3 1694 2 3722 5
1663 3 1467 1 1695 7 3723 1
1664 0 1468 5 1696 0 3724 1
1665 3 1469 5 1697 2 3725 3
1666 2 1470 1 1698 0 3726 3
1667 0 1471 3 1699 3 3727 4
1668 4 1472 3 1700 1 3728 2
1669 1 1473 2 1701 0 3729 4
1670 2 1474 1 1702 3 3730 2
1671 1 1475 2 1703 4 3731 0
1672 2 1476 2 1704 0 3732 2
1673 1 1477 1 1705 1 3733 2
1674 1 1478 4 1706 1 3734 2
1675 1 1479 3 1707 2 3735 2
1676 3 1480 2 1708 3 3736 2
1677 1 1481 3 1709 1 3737 1
1678 2 1482 3 1710 2 3738 0
1679 3 1483 6 1711 2 3739 4
1680 2 1484 2 1712 4 3740 2
1681 3 1485 2 1713 2 3741 3
1682 0 1486 2 1714 2 3742 3
1683 3 1487 4 1715 5 3743 0
1684 2 1488 5 1716 2 3744 0
1685 0 1489 3 1717 3 3745 1
1686 0 1490 4 1718 2 3746 6
1687 1 1491 1 1719 0 3747 3
1688 5 1492 4 1720 1 3748 1
1689 0 1493 3 1721 0 3749 0
1690 1 1494 5 1722 2 3750 2
1691 0 1495 2 1723 3 3751 1
1692 5 1496 0 1724 5 3752 1
1693 3 1497 1 1725 1 3753 1
1694 0 1498 3 1726 4 3754 2
1695 2 1499 4 1727 0 3755 0
1696 0 1500 1 1728 2 3756 0
1697 2 1501 1 1729 2 3757 1
1698 1 1502 0 1730 2 3758 1
1699 1 1503 1 1731 1 3759 0
1700 1 1504 1 1732 4 3760 1
1701 0 1505 1 1733 1 3761 1
1702 0 1506 1 1734 4 3762 1
1703 0 1507 0 1735 3 3763 0
1704 1 1508 1 1736 2 3764 2
1705 1 1509 1 1737 1 3765 2
1706 3 1510 2 1738 3 3766 2
1707 1 1511 1 1739 2 3767 1
1708 3 1512 2 1740 1 3768 2
1709 1 1513 2 1741 1 3769 1
1710 1 1514 1 1742 3 3770 0
1711 203 1515 281 1743 225 3771 1
