55 0 45 0 57 0
56 0 46 0 58 0
57 0 47 0 59 0
58 0 48 0 60 0
59 1579 49 791 61 1228
60 2304 50 1327 62 1891
61 3047 51 1743 63 2473
62 3415 52 1985 64 2895
63 3657 53 2552 65 3171
64 3732 54 2933 66 3397
65 3934 55 3103 67 3435
66 3640 56 2950 68 3356
67 3596 57 3031 69 3257
68 3422 58 2993 70 3242
69 3295 59 2918 71 3144
70 3486 60 2837 72 3152
71 3182 61 2807 73 2989
72 2965 62 2792 74 2866
73 2949 63 2663 75 2962
74 2839 64 2690 76 2861
75 2833 65 2670 77 2700
76 2667 66 2447 78 2216
77 2753 67 2487 79 2617
78 2229 68 2416 80 2656
79 3000 69 2618 81 2758
80 2993 70 2750 82 2707
81 3042 71 2449 83 2826
82 3050 72 2540 84 2719
83 3114 73 2621 85 2839
84 2955 74 2425 86 2745
85 3088 75 2485 87 2839
86 3153 76 2557 88 2831
87 3095 77 2300 89 2986
88 2967 78 2355 90 2889
89 3233 79 2522 91 2767
90 2881 80 2552 92 2771
91 2892 81 2554 93 2816
92 2664 82 2540 94 2842
93 2689 83 2512 95 2665
94 2645 84 2479 96 2658
95 2670 85 2419 97 2604
96 2461 86 2405 98 2537
97 2432 87 2496 99 2536
98 2235 88 2415 100 2323
99 2204 89 2328 101 2288
100 2037 90 2220 102 2266
101 2094 91 2273 103 2233
102 2042 92 2116 104 2141
103 1905 93 2086 105 2107
104 1887 94 2080 106 1907
105 1799 95 1953 107 1838
106 1722 96 2012 108 1865
107 1647 97 1944 109 1724
108 1407 98 1808 110 1641
109 1368 99 1744 111 1583
110 1349 100 1715 112 1526
111 1313 101 1588 113 1465
112 1231 102 1789 114 1474
113 1171 103 1528 115 1349
114 1136 104 1543 116 1108
115 859 105 1492 117 1169
116 970 106 1372 118 1213
117 1045 107 1319 119 1169
118 906 108 1073 120 1070
119 899 109 1082 121 1072
120 890 110 1152 122 952
121 895 111 1153 123 965
122 751 112 1080 124 919
123 740 113 1083 125 899
124 723 114 987 126 861
125 695 115 1026 127 814
126 672 116 1000 128 775
127 616 117 877 129 724
128 564 118 862 130 677
129 548 119 907 131 687
130 499 120 826 132 675
131 484 121 804 133 645
132 478 122 715 134 617
133 482 123 708 135 583
134 459 124 678 136 549
135 433 125 697 137 499
136 435 126 680 138 537
137 391 127 612 139 449
138 399 128 620 140 452
139 391 129 581 141 424
140 355 130 557 142 345
141 337 131 521 143 446
142 236 132 527 144 392
143 306 133 503 145 383
144 316 134 541 146 354
145 309 135 463 147 364
146 275 136 426 148 318
147 269 137 414 149 271
148 263 138 432 150 281
149 235 139 412 151 309
150 245 140 337 152 303
151 247 141 305 153 304
152 211 142 304 154 232
153 243 143 346 155 234
154 193 144 315 156 229
155 547 145 985 157 718
156 514 146 860 158 615
157 473 147 802 159 539
158 447 148 640 160 500
159 366 149 638 161 483
160 379 150 561 162 370
161 281 151 499 163 352
162 264 152 517 164 297
163 219 153 401 165 273
164 234 154 350 166 290
165 216 155 335 167 254
166 172 156 344 168 236
167 189 157 274 169 193
168 177 158 271 170 189
169 152 159 251 171 180
170 118 160 232 172 165
171 122 161 226 173 141
172 117 162 206 174 150
173 122 163 188 175 156
174 87 164 142 176 114
175 99 165 151 177 131
176 89 166 141 178 123
177 86 167 139 179 107
178 80 168 140 180 89
179 64 169 124 181 83
180 55 170 106 182 83
181 58 171 105 183 82
182 52 172 112 184 82
183 71 173 92 185 70
184 38 174 95 186 51
185 49 175 64 187 54
186 44 176 75 188 56
187 36 177 65 189 46
188 42 178 56 190 54
189 38 179 64 191 64
190 37 180 58 192 45
191 39 181 73 193 42
192 25 182 58 194 32
193 18 183 53 195 50
194 38 184 37 196 37
195 31 185 47 197 34
196 18 186 40 198 40
197 24 187 42 199 32
198 29 188 34 200 35
199 17 189 41 201 32
200 22 190 37 202 21
201 19 191 30 203 27
202 18 192 34 204 28
203 18 193 38 205 30
204 597 194 888 206 689
