0 1294601 1066734 1332019
25 1296626 1067076 1332197
50 1551739 1192826 1424371
75 2000694 1873569 2111599
100 1789825 1718168 1954518
125 1611100 1494641 1738535
150 1497262 1348022 1594953
175 1420499 1245203 1496838
200 1372417 1177246 1436418
225 1342702 1133782 1393976
250 1324756 1107048 1371337
275 1313884 1091353 1355955
300 1307098 1081490 1347420
325 1303414 1076019 1341359
350 1301228 1072158 1337610
375 1300537 1069386 1335390
400 1299704 1068477 1334980
425 1298389 1067517 1334201
450 1297685 1067357 1334105
475 1297228 1067364 1333673
