-0.06
0.26
2.46
1.52
0.90
0.28
0.28
-0.04
-0.04
-0.04
-0.04
-0.04
-0.04
0.28
-0.04
-0.04
0.28
-0.04
0.28
-0.04
-0.04
-0.04
-0.04
-0.04
-0.04
-0.04
-0.04
0.28
-0.04
-0.04
0.28
-0.04
0.28
-0.04
-0.04
-0.04
-0.04
-0.04
-0.04
0.28
-0.04
-0.04
0.28
-0.04
-0.04
-0.04
-0.04
-0.04
-0.04
-0.04
-0.04
0.28
0.28
-0.04
-0.04
-0.04
0.28
-0.04
-0.04
-0.04
0.28
-0.04
-0.04
-0.04
-0.04
-0.04
-0.04
-0.04
-0.04
-0.04
0.28
-0.04
0.28
-0.04
-0.04
0.28
-0.04
-0.04
-0.04
-0.04
0.28
-0.04
-0.04
0.28
-0.04
-0.04
-0.04
-0.04
-0.04
-0.04
-0.04
-0.35
0.28
0.28
0.28
0.28
0.28
-0.04
-0.04
-0.04
-0.04
-0.04
-0.04
-0.04
-0.04
-0.04
-0.04
0.28
0.28
0.28
-0.04
-0.04
-0.04
-0.04
-0.04
-0.04
-0.04
-0.04
-0.04
-0.04
-0.04
-0.04
-0.04
0.28
-0.04
-0.04
