0.00
-0.01
2.33
1.70
0.91
0.61
0.36
0.16
0.04
0.02
0.01
0.00
0.03
0.01
0.00
0.01
-0.01
0.00
0.00
-0.01
-0.01
-0.01
0.00
-0.01
0.00
0.00
0.00
0.00
-0.01
0.00
-0.01
-0.01
-0.01
0.00
0.00
0.00
0.00
0.00
0.00
-0.01
0.00
0.00
0.00
0.00
-0.01
-0.01
-0.01
-0.01
-0.01
-0.01
0.00
0.00
0.00
-0.01
0.00
0.00
-0.02
0.00
0.00
0.00
-0.01
0.00
0.00
0.06
0.02
0.01
0.00
-0.00
0.00
0.00
0.00
-0.00
-0.00
-0.00
-0.00
0.00
0.00
0.00
0.00
0.00
0.00
-0.00
-0.00
0.00
0.00
-0.00
0.00
-0.00
0.00
-0.00
0.00
-0.00
-0.00
0.00
-0.00
0.00
-0.00
-0.00
-0.00
-0.00
0.00
-0.00
0.00
-0.00
0.00
0.00
-0.00
0.00
-0.00
0.00
-0.00
0.00
-0.00
-0.00
-0.00
-0.00
0.04
-0.01
-0.01
0.00
0.00
-0.01
0.00
-0.01
0.00
-0.01
