  0  55 46 58  45 50 54
  1  55 45 57  45 50 54
  2  55 45 57  45 50 54
  3  56 46 57  45 50 54
  4  56 46 58  45 50 54
  5  55 46 58  45 50 54
  6  55 46 58  45 50 55
  7  56 46 57  46 51 54
  8  56 45 58  45 51 54
  9  55 46 57  46 50 54
 10  55 46 56  45 50 54
 11  56 46 57  46 50 54
 12  56 45 57  45 50 54
 13  56 46 57  45 50 54
 14  56 45 58  45 50 54
 15  55 45 57  45 50 54
 16  56 45 57  45 51 54
 17  55 46 57  45 51 54
 18  56 46 58  45 51 55
 19  55 45 58  45 50 55
 20  56 46 58  46 51 55
 21  56 46 57  45 50 54
 22  55 46 58  46 50 54
 23  55 46 57  45 51 54
 24  55 46 57  45 51 54
 25  56 46 57  45 50 55
 26  55 46 57  45 51 55
 27  56 45 57  44 50 55
 28  56 46 58  45 51 55
 29  56 46 57  45 51 55
 30  55 45 58  45 50 54
 31  55 46 58  46 51 54
 32  55 46 58  45 50 54
 33  55 45 58  44 50 54
 34  56 46 57  45 50 54
 35  55 46 58  45 50 54
 36  55 46 57  45 49 54
 37  56 45 57  45 50 55
 38  56 46 57  45 50 55
 39  56 45 57  45 50 55
 40  55 46 58  45 51 55
 41  56 46 57  45 51 54
 42  56 45 57  45 50 54
 43  55 45 58  46 50 54
 44  56 46 57  45 51 55
 45  56 46 58  46 50 54
 46  56 46 58  45 50 54
 47  55 46 57  46 51 54
 48  55 46 57  46 50 54
 49  56 45 57  45 50 55
 50  55 46 57  45 50 54
 51  56 46 57  45 50 54
 52  56 46 57  45 50 54
 53  56 46 57  45 50 54
 54  56 46 58  45 50 54
 55  55 46 57  45 50 54
 56  56 45 58  46 50 54
 57  55 46 58  45 50 55
 58  56 46 57  45 50 54
 59  55 46 57  45 50 54
 60  56 46 57  45 51 55
 61  55 45 57  45 51 54
 62  55 46 57  46 50 55
 63  56 46 57  45 51 54
 64  55 46 57  45 51 54
 65  56 46 57  45 50 54
 66  55 47 58  45 51 55
 67  56 46 57  46 50 54
 68  56 46 58  45 50 54
 69  55 46 57  45 50 54
 70  55 46 57  45 50 54
 71  55 47 58  45 51 55
 72  56 46 57  45 50 54
 73  55 45 57  45 50 54
 74  56 46 57  45 51 55
 75  56 45 57  45 51 54
 76  56 46 57  45 51 54
 77  56 46 57  45 51 55
 78  55 46 57  45 50 54
 79  56 46 57  45 50 54
 80  55 46 58  45 51 54
 81  56 46 57  46 50 54
 82  55 45 58  46 51 54
 83  56 46 58  45 50 54
 84  56 46 57  46 50 54
 85  55 46 58  45 50 54
 86  56 45 57  45 50 54
 87  55 46 57  45 50 54
 88  56 46 57  46 51 54
 89  55 45 57  45 50 54
 90  56 45 57  45 51 54
 91  55 46 57  45 50 54
 92  55 46 57  46 50 55
 93  55 46 57  46 50 55
 94  55 47 58  45 50 54
 95  55 45 57  45 50 54
 96  55 46 58  46 51 54
 97  56 46 58  45 51 54
 98  55 46 57  45 50 54
 99  56 46 58  45 51 55
100  56 45 57  45 51 54
101  56 46 57  45 51 54
102  56 46 57  45 50 54
103  55 46 57  45 50 54
104  56 46 57  45 51 55
105  55 46 57  46 51 55
106  56 45 57  45 50 54
107  56 46 58  45 51 55
108  56 45 58  45 50 55
109  55 45 57  45 51 54
110  55 46 57  46 51 55
111  56 46 58  45 51 54
112  54 45 57  44 50 54
113  56 46 57  45 51 54
114  56 45 57  46 50 54
115  55 46 57  45 50 54
116  56 46 57  45 50 54
117  55 46 57  46 50 54
118  55 46 57  45 49 55
119  55 46 58  46 50 55
120  55 46 57  45 50 55
121  55 46 58  45 50 54
122  55 46 57  45 51 54
123  56 46 58  45 51 54
124  55 46 57  45 50 54
125  55 46 57  45 50 54
126  56 46 57  45 51 55
127  55 45 57  45 50 54
128  56 46 57  45 51 54
129  55 46 58  46 51 54
130  55 46 57  45 50 54
131  56 46 57  45 51 55
132  54 46 58  46 50 54
133  55 44 58  45 50 54
134  55 46 58  45 50 54
135  56 46 58  45 51 54
136  56 45 57  44 50 54
137  55 47 58  46 51 54
138  56 46 57  46 51 54
139  55 45 57  44 50 54
140  56 46 58  45 51 54
141  55 46 58  45 51 54
142  55 45 57  45 50 54
143  56 46 57  46 51 55
144  55 46 57  46 51 55
145  56 46 57  45 50 54
146  55 46 57  46 50 55
147  56 46 58  46 51 54
148  55 45 57  45 51 54
149  55 46 58  46 51 54
150  55 46 57  45 51 54
151  55 46 58  45 50 54
152  56 46 58  45 50 54
153  55 46 58  46 51 54
154  56 45 57  45 50 54
155  56 46 57  46 50 54
156  56 46 57  45 50 54
157  55 45 57  45 50 54
158  55 46 58  45 51 54
159  56 46 57  45 51 54
160  55 45 57  45 51 54
161  56 46 58  45 51 55
162  56 46 57  45 51 54
163  55 45 57  44 50 54
164  56 46 57  45 50 54
165  56 46 57  46 50 54
166  56 46 57  45 51 54
167  55 46 57  45 51 54
168  56 46 57  45 50 54
169  55 45 58  45 50 54
170  55 46 57  46 51 54
171  56 46 58  45 50 54
172  56 46 58  44 50 54
173  56 46 58  45 50 54
174  55 46 58  45 51 54
175  55 46 58  45 51 54
176  56 46 57  45 52 54
177  55 46 57  45 50 54
178  55 45 57  45 50 54
179  56 46 58  45 51 54
180  56 46 57  45 50 54
181  56 46 58  46 50 54
182  55 46 58  46 50 54
183  56 46 57  45 50 54
184  56 45 58  45 50 54
185  55 46 58  46 50 54
186  56 46 58  45 50 55
187  56 46 57  45 50 55
188  56 45 57  45 50 55
189  55 46 57  45 50 55
190  55 45 57  45 51 54
191  56 46 57  46 50 54
192  56 47 58  45 51 54
193  55 45 57  45 51 54
194  57 46 57  45 51 54
195  56 45 57  46 51 54
196  56 46 57  46 50 54
197  56 46 58  45 50 54
198  56 45 57  45 50 55
199  56 45 57  45 50 54
200  55 46 57  46 50 55
201  56 46 58  45 50 54
202  55 46 57  46 50 54
203  56 46 57  45 50 55
204  55 46 57  45 50 54
205  56 46 57  45 51 54
206  55 46 58  45 51 54
207  55 46 57  45 51 54
208  56 46 57  45 50 54
209  54 46 58  45 51 54
210  55 46 57  45 50 54
211  55 46 58  45 50 54
212  55 46 57  45 50 54
213  56 46 57  45 50 55
214  55 45 58  45 50 54
215  56 46 57  45 50 54
216  55 45 57  45 50 54
217  55 46 57  44 51 54
218  56 46 57  45 51 54
219  55 46 57  46 51 54
220  55 46 57  45 50 54
221  56 45 58  45 51 54
222  56 45 57  45 51 55
223  55 46 57  45 50 54
224  55 46 57  46 51 55
225  56 46 57  45 51 54
226  56 46 57  45 50 54
227  55 45 57  46 50 54
228  56 45 57  45 50 54
229  55 46 58  45 50 54
230  56 47 57  45 50 54
231  55 46 57  45 50 54
232  55 46 57  45 50 54
233  55 46 58  45 51 54
234  55 46 58  45 51 54
235  55 45 58  45 50 54
236  55 46 57  46 51 54
237  55 46 58  46 50 54
238  56 45 57  45 50 54
239  56 46 57  45 50 54
240  56 46 57  45 50 54
241  65 46 58  46 51 54
242  168 319 163  49 58 58
243  177 179 200  49 54 58
244  118 127 168  47 52 57
245  108 115 114  46 52 56
246  103 109 109  46 52 55
247  89 71 84  46 52 55
248  60 75 69  45 51 54
249  57 51 74  45 51 54
250  58 53 69  46 51 55
251  58 47 61  45 51 54
252  57 47 58  46 50 54
253  59 46 58  46 51 54
254  56 46 58  45 50 54
255  56 45 58  46 50 54
256  56 46 58  45 50 54
257  56 46 58  46 51 54
258  55 46 57  45 50 54
259  55 46 57  45 50 54
260  57 46 58  45 50 55
261  56 46 57  45 50 54
262  55 46 57  45 50 54
263  55 46 58  45 50 55
264  55 46 57  45 50 55
265  56 46 57  46 50 54
266  55 46 58  45 51 54
267  56 45 58  45 50 54
268  55 45 57  45 51 54
269  56 46 57  46 50 54
270  56 46 57  45 50 54
271  55 46 58  45 50 54
272  55 46 57  45 50 54
273  55 46 58  46 50 54
274  56 45 58  45 51 54
275  59 46 58  45 50 55
276  57 46 69  45 51 55
277  55 53 63  45 51 54
278  56 53 63  46 51 55
279  56 46 58  45 50 54
280  56 46 57  45 50 54
281  57 45 58  45 50 54
282  55 46 58  46 50 54
283  55 45 57  45 50 54
284  55 46 57  45 50 54
285  55 45 56  45 50 54
286  56 45 57  45 50 54
287  55 46 57  45 51 54
288  56 46 57  46 50 54
289  56 45 57  45 51 54
290  56 46 57  45 51 54
291  56 45 57  45 50 55
292  55 46 58  45 50 55
293  56 46 57  46 51 54
294  55 45 57  45 50 54
295  55 46 57  44 50 54
296  56 46 57  45 51 54
297  55 46 57  46 50 54
298  55 46 58  45 51 54
299  56 46 57  46 50 54
300  55 45 57  45 50 55
301  56 46 58  45 50 54
302  55 46 58  45 50 54
303  55 46 58  45 50 54
304  56 46 58  45 51 55
305  55 46 57  44 51 54
306  55 46 58  45 51 54
307  55 45 57  45 51 54
308  55 45 57  45 50 54
309  56 45 57  45 51 54
310  55 46 57  45 50 54
311  56 46 57  45 50 54
312  56 46 57  45 51 54
313  56 45 58  45 50 54
314  56 46 57  45 50 54
315  55 45 57  45 50 54
316  56 46 57  45 50 54
317  55 46 57  45 51 54
318  56 45 57  45 51 54
319  56 45 57  45 50 54
320  56 46 57  45 50 54
321  55 46 57  45 50 54
322  55 46 57  46 51 54
323  55 45 57  45 50 54
324  55 46 57  46 50 54
325  56 46 58  45 50 54
326  55 45 57  45 50 54
327  56 46 57  46 50 54
328  56 45 58  45 50 54
329  56 46 57  45 50 55
330  56 46 57  45 50 54
331  55 46 57  45 51 54
332  55 46 57  45 51 54
333  55 46 57  45 51 54
334  56 46 57  45 51 54
335  55 45 57  45 50 54
336  55 46 57  45 50 54
337  55 45 57  46 50 54
338  56 46 58  46 50 54
339  55 45 57  45 50 53
340  55 45 58  46 51 54
341  56 45 57  45 50 54
342  56 46 57  45 51 54
343  56 46 58  45 50 54
344  55 46 58  46 51 54
345  55 45 57  45 50 55
346  56 46 57  44 50 54
347  55 46 57  45 50 54
348  55 46 57  45 50 54
349  55 45 57  44 50 54
350  55 46 58  45 50 54
351  56 45 57  45 50 54
352  55 45 57  44 51 54
353  56 46 58  45 51 54
354  56 45 57  45 51 54
355  56 45 57  45 50 54
356  56 46 57  45 50 55
357  55 46 57  45 51 54
358  56 45 57  44 50 54
359  55 46 58  46 51 54
360  56 45 57  45 50 54
361  56 46 58  45 50 54
362  55 45 57  45 51 53
363  55 46 58  46 50 54
364  55 45 57  45 50 54
365  56 45 57  45 51 54
366  55 46 57  46 50 54
367  56 46 57  45 50 54
368  56 46 57  45 50 54
369  56 45 57  45 50 55
370  55 45 57  45 50 54
371  55 46 58  46 50 55
372  55 45 58  45 50 54
373  55 46 58  45 50 55
374  55 46 58  45 50 55
375  56 45 57  45 51 54
376  56 46 58  45 50 54
377  56 45 57  45 51 55
378  56 44 57  45 50 54
379  56 46 57  45 51 54
380  55 46 57  46 51 54
381  55 46 57  45 50 54
382  55 46 57  45 50 55
383  56 45 57  46 51 55
384  56 46 57  45 50 55
385  56 46 57  45 50 55
386  56 46 57  45 50 54
387  56 45 57  45 50 54
388  56 45 57  45 50 54
389  55 46 58  45 50 54
390  55 46 57  45 50 54
391  56 45 57  45 51 55
392  56 45 57  45 51 54
393  56 45 57  45 50 54
394  56 46 57  45 51 54
395  56 46 57  45 50 54
396  56 45 57  45 50 54
397  55 45 57  45 51 54
398  55 45 58  45 50 54
399  56 46 57  45 50 55
400  55 46 57  45 51 54
401  56 45 57  45 50 54
402  56 46 58  45 51 54
403  55 45 57  45 50 54
404  55 46 57  45 50 54
405  55 45 57  45 51 54
406  56 46 57  45 50 54
407  55 46 57  45 50 55
408  56 45 57  45 51 55
409  56 45 57  45 51 54
410  56 46 57  45 51 54
411  55 45 57  45 51 54
412  56 45 57  45 51 54
413  56 46 57  45 50 54
414  54 46 57  45 51 55
415  55 45 57  46 50 54
416  55 45 57  45 50 54
417  56 46 58  46 50 54
418  55 46 57  45 51 55
419  55 46 57  45 50 54
420  55 46 57  45 51 54
421  55 45 57  45 50 54
422  56 46 57  45 51 54
423  55 46 57  45 51 54
424  55 46 57  45 51 54
425  56 45 57  45 50 54
426  56 45 58  45 51 54
427  56 46 57  45 50 55
428  55 46 57  46 51 54
429  55 46 57  45 50 54
430  56 46 57  45 50 54
431  54 46 57  45 50 54
432  56 45 58  46 50 55
433  55 45 56  45 50 54
434  55 46 58  45 50 54
435  56 45 57  45 50 54
436  55 46 58  45 51 54
437  55 45 58  45 51 55
438  55 45 57  45 51 55
439  56 46 57  44 50 55
440  55 46 57  45 51 54
441  55 46 57  45 51 54
442  56 46 57  45 50 54
443  56 46 57  45 50 54
444  56 46 57  45 50 54
445  55 46 57  45 50 55
446  56 46 58  45 50 54
447  56 46 57  45 50 54
448  55 45 57  45 50 54
449  56 46 58  45 50 55
450  56 46 57  45 50 55
451  55 46 57  45 50 54
452  55 46 58  46 50 54
453  56 45 57  45 50 54
454  55 46 57  45 50 54
455  55 46 58  45 51 55
456  56 45 56  45 51 55
457  56 46 57  46 51 53
458  56 46 57  45 51 54
459  55 46 57  46 51 54
460  55 46 57  46 50 54
461  55 46 57  45 50 55
462  55 46 57  45 51 55
463  56 45 57  44 50 54
464  56 46 57  44 51 54
465  55 46 57  45 50 54
466  56 46 58  45 51 54
467  56 46 57  45 50 54
468  56 45 57  45 50 54
469  55 46 57  44 50 54
470  56 45 57  45 50 54
471  55 45 57  45 50 54
472  55 46 58  45 50 54
473  56 46 57  45 50 55
474  56 46 57  45 50 54
475  55 46 58  45 50 54
476  55 46 58  45 50 54
477  55 47 57  45 50 55
478  55 45 57  45 50 54
479  55 46 57  45 51 54
480  55 46 58  45 50 53
481  55 46 57  45 51 54
482  56 45 57  45 50 55
483  56 45 57  45 50 54
484  55 45 57  45 50 54
485  56 44 57  46 50 54
486  56 46 57  46 50 54
487  55 45 57  45 50 54
488  55 46 58  45 50 55
489  57 46 57  45 50 54
490  56 46 57  45 50 55
491  55 46 58  45 50 54
492  56 46 57  45 51 55
493  55 45 57  44 51 55
494  56 46 57  45 51 54
495  56 45 57  46 50 54
496  55 45 57  45 50 54
497  56 46 57  46 51 54
498  55 46 57  45 50 54
499  55 45 57  45 50 54
500  55 46 57  46 50 54
501  56 46 57  45 50 54
502  56 46 57  45 51 54
503  55 47 58  45 51 55
504  56 45 57  45 51 54
505  56 45 57  45 50 54
506  57 45 58  45 51 55
507  55 46 57  46 51 55
508  55 45 57  45 51 54
509  56 46 57  45 51 54
510  55 46 57  45 50 54
511  55 45 57  44 50 54
512  56 46 57  46 50 54
513  55 46 57  45 50 54
514  56 46 57  44 50 54
515  55 45 58  45 51 55
516  55 46 57  45 50 54
517  56 45 57  45 50 55
518  55 46 57  45 50 54
519  56 46 57  45 50 54
520  55 46 57  45 50 54
521  56 45 58  46 50 54
522  55 45 57  45 50 54
523  56 46 58  47 50 55
524  55 45 57  45 50 54
525  55 46 57  45 51 54
526  56 46 57  45 50 55
527  56 46 57  45 50 55
528  56 46 57  45 51 54
529  55 46 57  46 50 54
530  56 46 57  45 51 54
531  56 46 58  45 51 54
532  55 46 57  45 50 54
533  56 46 58  45 51 54
534  55 46 57  45 50 54
535  56 46 57  44 50 54
536  55 46 57  45 51 54
537  56 46 57  45 51 54
538  55 46 57  45 50 54
539  55 46 57  45 51 55
540  56 46 57  45 50 54
541  55 46 57  45 51 55
542  55 46 57  45 50 54
543  55 46 57  45 50 54
544  56 46 57  45 51 54
545  56 45 57  45 50 54
546  55 46 57  45 50 54
547  56 46 57  45 51 54
548  55 45 57  45 50 54
549  55 46 57  45 50 54
550  55 46 57  45 50 54
551  56 45 57  45 50 54
552  55 45 57  46 51 54
553  55 46 57  46 51 54
554  55 46 57  45 50 54
555  56 45 58  46 51 54
556  56 46 57  45 50 54
557  55 45 58  46 50 54
558  56 46 58  45 50 54
559  56 46 57  45 50 54
560  55 46 57  45 50 54
561  55 46 57  45 50 54
562  56 45 57  45 51 55
563  55 45 57  45 51 55
564  55 46 58  45 51 55
565  55 45 57  45 50 54
566  56 46 58  46 50 54
567  56 45 57  46 50 54
568  55 46 58  45 50 54
569  56 46 58  45 50 54
570  56 45 57  45 50 54
571  56 46 57  46 50 54
572  55 45 57  44 50 54
573  55 45 57  45 50 54
574  56 46 57  45 51 55
575  55 45 57  45 50 54
576  55 46 57  45 50 55
577  56 45 58  45 50 54
578  56 46 57  45 51 54
579  55 46 57  45 50 54
580  55 46 57  46 50 54
581  56 46 58  45 50 54
582  56 46 58  45 51 54
583  55 46 57  46 50 54
584  56 45 57  45 51 54
585  56 46 57  45 50 54
586  57 45 57  45 51 54
587  55 46 57  45 51 54
588  56 46 57  45 50 54
589  56 46 57  45 50 54
590  55 46 58  45 50 54
591  55 45 57  44 50 54
592  56 46 57  45 50 54
593  55 45 58  45 50 54
594  55 46 57  45 50 54
595  56 46 57  45 50 54
596  56 46 57  45 50 54
597  55 46 57  45 50 55
598  55 46 58  46 51 55
599  56 45 57  45 50 55
600  56 45 57  45 51 54
601  55 46 57  45 50 55
602  55 45 57  44 51 54
603  56 46 57  45 51 54
604  55 46 57  45 50 54
605  55 46 57  45 50 55
606  56 46 57  45 50 54
607  56 45 58  46 50 54
608  55 46 57  45 50 54
609  55 46 58  46 51 54
610  55 45 57  45 50 54
611  56 45 57  45 50 54
612  55 46 57  46 51 54
613  56 46 57  45 50 55
614  55 45 57  45 51 55
615  56 46 57  45 51 55
616  56 46 57  45 51 55
617  55 46 58  46 50 55
618  56 45 58  45 50 54
619  54 46 57  45 50 54
620  56 46 57  45 51 54
621  55 46 57  46 50 54
622  56 46 57  45 50 54
623  56 45 57  45 50 54
624  55 45 57  45 50 54
625  56 45 56  45 51 54
626  56 46 57  45 51 55
627  56 45 57  45 51 55
628  55 46 58  45 51 54
629  56 45 57  45 50 55
630  55 46 58  46 51 54
631  55 46 57  45 50 54
632  56 46 57  45 50 54
633  56 46 57  45 51 54
634  55 46 57  45 50 54
635  55 46 57  45 50 54
636  56 46 57  45 50 54
637  56 45 57  45 50 54
638  55 46 57  45 50 54
639  56 45 58  45 51 54
640  56 45 57  45 51 55
641  56 45 57  44 50 55
642  55 46 58  45 51 54
643  56 46 57  45 50 54
644  55 46 57  45 50 54
645  55 46 57  45 51 54
646  56 46 57  45 50 54
647  56 46 57  45 50 54
648  56 46 57  45 51 54
649  55 46 57  45 50 54
650  56 46 57  44 50 54
651  56 45 57  46 51 55
652  55 46 57  46 50 55
653  56 45 57  46 51 55
654  56 45 57  45 50 54
655  55 46 57  45 50 54
656  55 46 58  45 50 54
657  56 45 57  45 50 54
658  55 45 57  45 51 54
659  55 46 57  46 51 54
660  56 46 57  45 50 54
661  56 46 58  45 50 54
662  55 45 57  44 50 54
663  55 45 57  46 51 54
664  56 46 58  45 51 54
665  56 45 57  45 51 54
666  55 45 57  45 51 54
667  56 45 57  45 50 54
668  55 45 57  45 51 54
669  55 46 57  46 51 54
670  55 46 57  45 50 54
671  56 46 57  46 51 55
672  55 46 57  45 50 55
673  55 46 58  45 50 55
674  56 46 57  45 50 54
675  56 45 57  45 51 54
676  56 46 57  45 51 54
677  55 45 58  45 51 54
678  56 46 57  45 50 54
679  56 46 57  46 51 54
680  55 46 57  45 50 54
681  56 46 57  45 50 54
682  55 46 57  46 50 54
683  56 46 57  46 51 54
684  55 46 57  45 50 54
685  55 46 57  45 51 54
686  55 46 57  45 50 55
687  55 46 58  46 51 54
688  55 45 57  45 51 54
689  55 45 58  46 51 55
690  55 46 57  45 50 54
691  55 45 57  45 50 54
692  56 46 57  46 51 54
693  56 46 58  45 50 54
694  56 46 57  45 51 54
695  56 46 57  45 50 54
696  55 45 57  45 49 54
697  56 46 57  45 50 54
698  55 46 57  46 51 55
699  55 45 57  45 50 54
700  56 46 57  46 51 55
701  56 45 57  45 50 54
702  55 46 57  45 50 55
703  55 46 58  46 51 54
704  56 45 58  45 50 54
705  56 46 57  45 50 54
706  56 46 58  45 51 54
707  56 46 57  44 50 54
708  56 46 57  45 50 54
709  56 46 57  45 50 54
710  55 46 57  45 50 54
711  56 46 57  45 51 55
712  56 46 58  45 51 55
713  55 46 57  45 50 54
714  55 46 57  45 51 55
715  55 46 58  45 51 54
716  55 46 57  46 51 54
717  55 46 58  46 50 54
718  56 46 57  45 51 54
719  56 46 57  46 50 54
720  55 45 57  45 50 53
721  56 46 57  45 50 54
722  56 45 57  45 50 54
723  56 46 56  45 50 54
724  54 46 57  45 50 54
725  56 46 57  44 51 54
726  55 46 58  45 50 54
727  55 46 58  46 50 54
728  55 45 57  45 51 54
729  56 46 57  45 50 54
730  56 45 57  45 51 54
731  55 45 57  45 51 54
732  55 45 57  45 51 54
733  55 45 57  45 51 54
734  56 45 57  45 51 54
735  55 45 58  46 50 54
736  55 45 58  45 51 54
737  56 45 57  45 50 54
738  56 45 57  46 50 54
739  56 46 57  45 50 54
740  54 45 57  45 50 54
741  56 46 57  45 51 54
742  55 46 57  45 50 54
743  55 46 57  45 50 54
744  56 45 57  44 50 54
745  56 46 57  45 50 54
746  56 46 57  45 50 54
747  56 46 57  46 51 54
748  56 46 58  45 50 54
749  55 45 57  45 50 55
750  55 46 58  46 51 55
751  56 46 57  45 51 55
752  56 45 57  45 50 54
753  56 46 57  45 50 54
754  55 46 57  45 50 55
755  55 46 57  45 50 54
756  56 45 57  45 50 54
757  55 46 57  45 50 55
758  55 45 57  45 50 53
759  56 45 57  45 51 54
760  55 46 57  46 51 54
761  56 45 58  46 50 54
762  55 45 58  46 50 54
763  55 45 58  46 51 54
764  56 45 57  46 51 54
765  55 47 57  45 51 54
766  56 45 57  44 51 54
767  55 46 57  45 50 54
