0 1318992 1087137 1357404
25 1319992 1087254 1357930
50 1579662 1213030 1458326
75 2046164 1918353 2134432
100 1825890 1760047 1973988
125 1643095 1528471 1761727
150 1525687 1376898 1617812
175 1449504 1271567 1521238
200 1399831 1201323 1460967
225 1367987 1156375 1417924
250 1349732 1129422 1395950
275 1339070 1112453 1381329
300 1331793 1102279 1372681
325 1327903 1096875 1366660
350 1325929 1092825 1362938
375 1324753 1089870 1360812
400 1324177 1089195 1360387
425 1322733 1088241 1359395
450 1321974 1088239 1359678
475 1321411 1088012 1359067
