55 0 45 0 57 0
56 0 46 0 58 0
57 0 47 0 59 0
58 0 48 0 60 0
59 1547 49 833 61 1313
60 2265 50 1234 62 1859
61 2919 51 1634 63 2568
62 3373 52 2015 64 2963
63 3693 53 2476 65 3308
64 3544 54 2707 66 3450
65 3784 55 3014 67 3408
66 3548 56 2990 68 3382
67 3512 57 2951 69 3367
68 3308 58 2862 70 3300
69 3429 59 2933 71 3238
70 3418 60 2722 72 3253
71 3103 61 2809 73 3019
72 2983 62 2811 74 2887
73 2854 63 2591 75 2764
74 2839 64 2615 76 2843
75 2722 65 2555 77 2764
76 2741 66 2509 78 2341
77 2716 67 2435 79 2829
78 2329 68 2528 80 2751
79 2992 69 2513 81 2804
80 3034 70 2653 82 2828
81 2958 71 2465 83 2832
82 3058 72 2438 84 2837
83 3093 73 2497 85 2888
84 3013 74 2467 86 2899
85 3075 75 2518 87 2895
86 3008 76 2518 88 2899
87 3011 77 2138 89 3117
88 2971 78 2379 90 2895
89 3234 79 2526 91 2714
90 2837 80 2506 92 2771
91 2833 81 2583 93 2819
92 2782 82 2608 94 2652
93 2648 83 2483 95 2698
94 2595 84 2526 96 2659
95 2661 85 2434 97 2580
96 2418 86 2465 98 2508
97 2410 87 2520 99 2385
98 2342 88 2462 100 2417
99 2219 89 2350 101 2306
100 2067 90 2280 102 2146
101 2019 91 2177 103 2119
102 2219 92 2049 104 2140
103 1890 93 2123 105 2106
104 1805 94 2077 106 1897
105 1780 95 2040 107 1830
106 1878 96 1966 108 1765
107 1606 97 1934 109 1676
108 1423 98 1829 110 1621
109 1424 99 1776 111 1550
110 1410 100 1780 112 1485
111 1379 101 1724 113 1409
112 1265 102 1747 114 1381
113 1149 103 1555 115 1284
114 1164 104 1578 116 1057
115 853 105 1443 117 1131
116 1013 106 1356 118 1099
117 1018 107 1351 119 1140
118 958 108 1146 120 1004
119 877 109 1185 121 1124
120 825 110 1195 122 941
121 934 111 1167 123 916
122 757 112 1122 124 861
123 790 113 1045 125 817
124 698 114 1050 126 790
125 655 115 955 127 789
126 655 116 977 128 780
127 601 117 928 129 730
128 608 118 927 130 652
129 557 119 927 131 700
130 552 120 822 132 616
131 517 121 761 133 592
132 465 122 734 134 579
133 471 123 691 135 576
134 505 124 675 136 520
135 441 125 647 137 481
136 409 126 632 138 452
137 389 127 648 139 470
138 373 128 570 140 443
139 362 129 569 141 400
140 322 130 533 142 341
141 333 131 534 143 382
142 270 132 539 144 350
143 309 133 496 145 338
144 301 134 518 146 328
145 309 135 489 147 292
146 268 136 430 148 324
147 272 137 420 149 306
148 257 138 381 150 308
149 259 139 431 151 277
150 242 140 382 152 271
151 244 141 297 153 268
152 208 142 322 154 233
153 226 143 338 155 258
154 217 144 337 156 244
155 571 145 936 157 621
156 496 146 876 158 584
157 498 147 790 159 524
158 429 148 685 160 471
159 411 149 590 161 428
160 313 150 591 162 397
161 300 151 525 163 316
162 262 152 489 164 285
163 210 153 402 165 307
164 220 154 347 166 264
165 210 155 315 167 211
166 188 156 348 168 222
167 182 157 324 169 172
168 172 158 252 170 214
169 146 159 260 171 163
170 147 160 236 172 167
171 114 161 206 173 114
172 102 162 201 174 144
173 122 163 192 175 132
174 92 164 166 176 133
175 101 165 141 177 99
176 85 166 162 178 93
177 109 167 126 179 91
178 83 168 140 180 75
179 73 169 121 181 78
180 82 170 99 182 76
181 75 171 114 183 92
182 55 172 93 184 59
183 69 173 82 185 79
184 48 174 67 186 56
185 47 175 75 187 61
186 47 176 77 188 55
187 43 177 85 189 61
188 40 178 70 190 51
189 29 179 64 191 40
190 37 180 69 192 44
191 38 181 56 193 42
192 34 182 64 194 45
193 26 183 48 195 40
194 21 184 52 196 38
195 28 185 53 197 33
196 32 186 43 198 34
197 22 187 49 199 29
198 25 188 37 200 29
199 13 189 42 201 32
200 22 190 50 202 30
201 17 191 33 203 20
202 19 192 29 204 21
203 14 193 34 205 21
204 531 194 883 206 675
