1112 17 916 23 1144 2 3173 0
1113 42 917 38 1145 12 3174 0
1114 87 918 56 1146 48 3175 5
1115 170 919 96 1147 65 3176 10
1116 218 920 154 1148 119 3177 38
1117 311 921 215 1149 171 3178 60
1118 426 922 327 1150 296 3179 99
1119 503 923 367 1151 367 3180 169
1120 582 924 423 1152 421 3181 211
1121 694 925 505 1153 474 3182 289
1122 793 926 556 1154 616 3183 407
1123 892 927 619 1155 744 3184 427
1124 1019 928 701 1156 769 3185 575
1125 1066 929 787 1157 874 3186 689
1126 1078 930 789 1158 905 3187 742
1127 1160 931 784 1159 1007 3188 858
1128 1230 932 862 1160 1006 3189 945
1129 1254 933 829 1161 1025 3190 992
1130 1283 934 929 1162 1147 3191 950
1131 1377 935 957 1163 1155 3192 1085
1132 1352 936 973 1164 1187 3193 1162
1133 1325 937 898 1165 1122 3194 1249
1134 1337 938 1019 1166 1155 3195 1234
1135 1357 939 1007 1167 1222 3196 1276
1136 1400 940 1022 1168 1160 3197 1315
1137 1344 941 1005 1169 1153 3198 1245
1138 1335 942 1036 1170 1137 3199 1307
1139 1258 943 1021 1171 1192 3200 1305
1140 1292 944 1037 1172 1201 3201 1271
1141 1230 945 985 1173 1190 3202 1270
1142 1279 946 1079 1174 1216 3203 1241
1143 1176 947 1091 1175 1184 3204 1249
1144 1152 948 1019 1176 1081 3205 1201
1145 1183 949 992 1177 1134 3206 1223
1146 1149 950 978 1178 1136 3207 1196
1147 1099 951 1049 1179 1013 3208 1165
1148 1064 952 989 1180 1039 3209 1100
1149 1041 953 1005 1181 1038 3210 1103
1150 1064 954 974 1182 1054 3211 1095
1151 1087 955 969 1183 1058 3212 1102
1152 1049 956 874 1184 996 3213 1012
1153 1051 957 969 1185 1038 3214 1042
1154 987 958 902 1186 1009 3215 1016
1155 965 959 906 1187 937 3216 1018
1156 989 960 869 1188 954 3217 991
1157 957 961 871 1189 944 3218 1009
1158 953 962 906 1190 933 3219 935
1159 897 963 877 1191 960 3220 862
1160 912 964 781 1192 895 3221 863
1161 940 965 879 1193 902 3222 917
1162 912 966 844 1194 861 3223 899
1163 895 967 842 1195 874 3224 880
1164 873 968 810 1196 895 3225 828
1165 893 969 824 1197 868 3226 833
1166 904 970 771 1198 829 3227 799
1167 863 971 829 1199 890 3228 808
1168 850 972 734 1200 892 3229 768
1169 935 973 791 1201 835 3230 751
1170 858 974 785 1202 834 3231 740
1171 920 975 765 1203 752 3232 793
1172 886 976 789 1204 864 3233 734
1173 856 977 770 1205 782 3234 732
1174 869 978 691 1206 844 3235 689
1175 908 979 735 1207 826 3236 701
1176 902 980 694 1208 834 3237 727
1177 870 981 751 1209 797 3238 670
1178 901 982 707 1210 760 3239 704
1179 883 983 711 1211 826 3240 689
1180 924 984 742 1212 817 3241 656
1181 938 985 722 1213 778 3242 670
1182 900 986 741 1214 842 3243 636
1183 965 987 701 1215 779 3244 670
1184 911 988 771 1216 786 3245 644
1185 950 989 708 1217 799 3246 650
1186 930 990 732 1218 856 3247 672
1187 903 991 706 1219 836 3248 617
1188 1000 992 759 1220 829 3249 672
1189 953 993 725 1221 866 3250 628
1190 1013 994 708 1222 891 3251 614
1191 968 995 740 1223 829 3252 620
1192 967 996 732 1224 921 3253 654
1193 1038 997 755 1225 889 3254 666
1194 945 998 731 1226 890 3255 610
1195 1006 999 729 1227 857 3256 629
1196 987 1000 784 1228 906 3257 692
1197 1076 1001 746 1229 904 3258 677
1198 1069 1002 741 1230 894 3259 679
1199 1058 1003 760 1231 935 3260 657
1200 1087 1004 762 1232 862 3261 729
1201 1027 1005 805 1233 932 3262 667
1202 975 1006 777 1234 949 3263 707
1203 1035 1007 774 1235 934 3264 685
1204 1119 1008 781 1236 938 3265 713
1205 1057 1009 778 1237 929 3266 766
1206 1081 1010 841 1238 925 3267 775
1207 1049 1011 790 1239 990 3268 842
1208 1011 1012 771 1240 964 3269 801
1209 1062 1013 785 1241 996 3270 838
1210 1079 1014 820 1242 976 3271 844
1211 1085 1015 849 1243 977 3272 860
1212 1058 1016 814 1244 984 3273 962
1213 1062 1017 871 1245 1057 3274 952
1214 1055 1018 822 1246 983 3275 957
1215 1076 1019 861 1247 965 3276 1039
1216 1102 1020 848 1248 1029 3277 1060
1217 1055 1021 862 1249 1027 3278 996
1218 1062 1022 839 1250 1007 3279 1048
1219 1041 1023 830 1251 992 3280 1099
1220 1035 1024 839 1252 996 3281 999
1221 1042 1025 854 1253 999 3282 1111
1222 1015 1026 871 1254 936 3283 1121
1223 1043 1027 898 1255 973 3284 1184
1224 1028 1028 841 1256 978 3285 1223
1225 956 1029 876 1257 1005 3286 1180
1226 1002 1030 890 1258 944 3287 1137
1227 968 1031 846 1259 929 3288 1192
1228 897 1032 846 1260 981 3289 1210
1229 1011 1033 851 1261 1019 3290 1219
1230 993 1034 860 1262 975 3291 1249
1231 950 1035 825 1263 971 3292 1238
1232 999 1036 832 1264 950 3293 1218
1233 895 1037 883 1265 913 3294 1245
1234 932 1038 872 1266 922 3295 1268
1235 930 1039 904 1267 920 3296 1263
1236 857 1040 839 1268 909 3297 1314
1237 917 1041 836 1269 905 3298 1277
1238 923 1042 911 1270 906 3299 1177
1239 856 1043 887 1271 913 3300 1235
1240 873 1044 895 1272 879 3301 1233
1241 824 1045 842 1273 960 3302 1277
1242 807 1046 854 1274 880 3303 1181
1243 832 1047 873 1275 921 3304 1160
1244 840 1048 839 1276 861 3305 1197
1245 768 1049 795 1277 878 3306 1184
1246 813 1050 815 1278 789 3307 1150
1247 764 1051 869 1279 842 3308 1127
1248 732 1052 866 1280 819 3309 1097
1249 794 1053 794 1281 783 3310 1049
1250 755 1054 841 1282 858 3311 1091
1251 679 1055 832 1283 810 3312 1015
1252 686 1056 854 1284 762 3313 988
1253 695 1057 757 1285 755 3314 1004
1254 693 1058 820 1286 772 3315 1032
1255 691 1059 777 1287 778 3316 960
1256 676 1060 759 1288 743 3317 975
1257 627 1061 834 1289 693 3318 883
1258 627 1062 763 1290 697 3319 875
1259 632 1063 723 1291 792 3320 883
1260 576 1064 756 1292 663 3321 868
1261 597 1065 823 1293 678 3322 811
1262 570 1066 742 1294 684 3323 807
1263 578 1067 687 1295 677 3324 781
1264 596 1068 729 1296 619 3325 766
1265 556 1069 761 1297 654 3326 725
1266 511 1070 734 1298 675 3327 688
1267 523 1071 682 1299 609 3328 695
1268 562 1072 694 1300 625 3329 767
1269 507 1073 674 1301 638 3330 659
1270 514 1074 682 1302 618 3331 667
1271 488 1075 687 1303 592 3332 625
1272 464 1076 644 1304 590 3333 644
1273 463 1077 679 1305 571 3334 633
1274 475 1078 616 1306 577 3335 592
1275 445 1079 629 1307 527 3336 554
1276 436 1080 641 1308 555 3337 557
1277 448 1081 589 1309 532 3338 550
1278 410 1082 601 1310 488 3339 539
1279 439 1083 625 1311 546 3340 519
1280 384 1084 627 1312 513 3341 492
1281 376 1085 602 1313 472 3342 512
1282 415 1086 568 1314 487 3343 502
1283 383 1087 535 1315 480 3344 441
1284 386 1088 590 1316 512 3345 423
1285 405 1089 547 1317 452 3346 430
1286 356 1090 541 1318 456 3347 449
1287 348 1091 505 1319 412 3348 415
1288 330 1092 534 1320 445 3349 402
1289 327 1093 519 1321 418 3350 380
1290 304 1094 486 1322 437 3351 438
1291 320 1095 533 1323 412 3352 406
1292 331 1096 527 1324 398 3353 340
1293 320 1097 493 1325 426 3354 377
1294 287 1098 495 1326 359 3355 318
1295 295 1099 486 1327 372 3356 349
1296 298 1100 490 1328 391 3357 353
1297 306 1101 456 1329 335 3358 344
1298 294 1102 503 1330 373 3359 334
1299 263 1103 482 1331 377 3360 326
1300 257 1104 423 1332 322 3361 313
1301 232 1105 449 1333 348 3362 296
1302 246 1106 431 1334 328 3363 277
1303 240 1107 399 1335 324 3364 280
1304 263 1108 406 1336 342 3365 287
1305 219 1109 398 1337 298 3366 278
1306 219 1110 369 1338 302 3367 296
1307 217 1111 392 1339 295 3368 281
1308 223 1112 384 1340 311 3369 262
1309 217 1113 374 1341 306 3370 252
1310 219 1114 389 1342 274 3371 233
1311 200 1115 383 1343 277 3372 240
1312 192 1116 375 1344 286 3373 248
1313 189 1117 337 1345 258 3374 221
1314 173 1118 358 1346 243 3375 217
1315 206 1119 337 1347 279 3376 212
1316 204 1120 367 1348 217 3377 201
1317 171 1121 370 1349 252 3378 194
1318 170 1122 326 1350 243 3379 210
1319 158 1123 334 1351 218 3380 222
1320 168 1124 333 1352 244 3381 199
1321 159 1125 338 1353 230 3382 162
1322 169 1126 309 1354 210 3383 192
1323 165 1127 317 1355 221 3384 176
1324 170 1128 342 1356 208 3385 188
1325 136 1129 312 1357 209 3386 163
1326 156 1130 317 1358 206 3387 191
1327 153 1131 265 1359 174 3388 154
1328 132 1132 275 1360 201 3389 160
1329 148 1133 266 1361 187 3390 148
1330 139 1134 269 1362 176 3391 162
1331 153 1135 239 1363 174 3392 157
1332 151 1136 263 1364 198 3393 157
1333 129 1137 255 1365 165 3394 141
1334 131 1138 237 1366 162 3395 150
1335 125 1139 236 1367 153 3396 161
1336 131 1140 242 1368 164 3397 150
1337 104 1141 224 1369 165 3398 155
1338 120 1142 243 1370 183 3399 142
1339 116 1143 252 1371 140 3400 155
1340 110 1144 249 1372 151 3401 144
1341 123 1145 236 1373 149 3402 112
1342 123 1146 220 1374 140 3403 130
1343 111 1147 243 1375 137 3404 124
1344 104 1148 204 1376 149 3405 131
1345 115 1149 228 1377 153 3406 126
1346 89 1150 204 1378 134 3407 111
1347 101 1151 203 1379 142 3408 144
1348 98 1152 205 1380 122 3409 108
1349 105 1153 192 1381 145 3410 103
1350 113 1154 206 1382 134 3411 113
1351 93 1155 171 1383 124 3412 116
1352 100 1156 188 1384 110 3413 117
1353 106 1157 176 1385 106 3414 114
1354 99 1158 196 1386 103 3415 97
1355 81 1159 165 1387 107 3416 101
1356 68 1160 176 1388 122 3417 122
1357 84 1161 197 1389 96 3418 91
1358 92 1162 155 1390 104 3419 107
1359 75 1163 189 1391 104 3420 81
1360 71 1164 158 1392 95 3421 92
1361 92 1165 160 1393 96 3422 108
1362 65 1166 175 1394 111 3423 93
1363 63 1167 146 1395 99 3424 98
1364 66 1168 184 1396 108 3425 89
1365 61 1169 158 1397 100 3426 88
1366 52 1170 150 1398 77 3427 88
1367 67 1171 154 1399 93 3428 78
1368 55 1172 151 1400 80 3429 81
1369 59 1173 134 1401 81 3430 97
1370 74 1174 121 1402 81 3431 88
1371 74 1175 130 1403 81 3432 84
1372 72 1176 123 1404 71 3433 84
1373 61 1177 138 1405 84 3434 81
1374 65 1178 104 1406 52 3435 84
1375 67 1179 122 1407 65 3436 70
1376 64 1180 103 1408 93 3437 87
1377 68 1181 111 1409 72 3438 86
1378 62 1182 129 1410 76 3439 75
1379 51 1183 122 1411 72 3440 75
1380 58 1184 108 1412 68 3441 64
1381 56 1185 121 1413 79 3442 72
1382 56 1186 88 1414 71 3443 74
1383 63 1187 107 1415 87 3444 53
1384 59 1188 96 1416 80 3445 51
1385 54 1189 91 1417 72 3446 76
1386 47 1190 106 1418 76 3447 59
1387 50 1191 92 1419 66 3448 50
1388 46 1192 99 1420 60 3449 50
1389 55 1193 115 1421 73 3450 65
1390 48 1194 94 1422 47 3451 60
1391 38 1195 95 1423 58 3452 62
1392 34 1196 84 1424 56 3453 61
1393 43 1197 97 1425 57 3454 66
1394 43 1198 102 1426 54 3455 58
1395 50 1199 107 1427 64 3456 51
1396 44 1200 91 1428 49 3457 54
1397 38 1201 85 1429 60 3458 48
1398 45 1202 91 1430 49 3459 47
1399 54 1203 89 1431 63 3460 66
1400 39 1204 90 1432 63 3461 53
1401 33 1205 72 1433 63 3462 67
1402 54 1206 80 1434 50 3463 52
1403 45 1207 87 1435 57 3464 53
1404 31 1208 86 1436 61 3465 39
1405 48 1209 86 1437 59 3466 39
1406 48 1210 72 1438 50 3467 41
1407 39 1211 65 1439 45 3468 39
1408 38 1212 85 1440 46 3469 47
1409 44 1213 74 1441 44 3470 33
1410 41 1214 58 1442 58 3471 51
1411 46 1215 73 1443 58 3472 55
1412 34 1216 75 1444 38 3473 52
1413 39 1217 76 1445 45 3474 44
1414 37 1218 65 1446 52 3475 49
1415 30 1219 65 1447 47 3476 47
1416 31 1220 50 1448 49 3477 43
1417 42 1221 75 1449 40 3478 36
1418 38 1222 73 1450 42 3479 41
1419 35 1223 70 1451 45 3480 34
1420 32 1224 70 1452 46 3481 32
1421 21 1225 67 1453 45 3482 41
1422 32 1226 69 1454 38 3483 29
1423 38 1227 69 1455 31 3484 31
1424 29 1228 73 1456 43 3485 30
1425 35 1229 52 1457 43 3486 29
1426 33 1230 52 1458 46 3487 37
1427 26 1231 57 1459 38 3488 39
1428 28 1232 56 1460 47 3489 38
1429 31 1233 59 1461 31 3490 46
1430 25 1234 47 1462 38 3491 39
1431 28 1235 47 1463 36 3492 36
1432 25 1236 55 1464 51 3493 25
1433 25 1237 52 1465 32 3494 31
1434 32 1238 58 1466 37 3495 30
1435 29 1239 43 1467 33 3496 25
1436 42 1240 62 1468 30 3497 21
1437 24 1241 42 1469 44 3498 26
1438 33 1242 49 1470 28 3499 26
1439 22 1243 43 1471 29 3500 28
1440 35 1244 41 1472 33 3501 32
1441 24 1245 46 1473 33 3502 23
1442 31 1246 50 1474 40 3503 24
1443 27 1247 36 1475 32 3504 26
1444 33 1248 45 1476 23 3505 28
1445 27 1249 46 1477 35 3506 29
1446 26 1250 47 1478 24 3507 20
1447 24 1251 43 1479 30 3508 21
1448 26 1252 36 1480 32 3509 34
1449 25 1253 36 1481 24 3510 25
1450 20 1254 50 1482 39 3511 24
1451 24 1255 39 1483 27 3512 27
1452 24 1256 44 1484 29 3513 24
1453 22 1257 48 1485 25 3514 27
1454 25 1258 46 1486 30 3515 22
1455 18 1259 40 1487 36 3516 27
1456 24 1260 43 1488 29 3517 25
1457 22 1261 44 1489 30 3518 25
1458 23 1262 32 1490 27 3519 33
1459 23 1263 48 1491 24 3520 18
1460 23 1264 40 1492 24 3521 27
1461 19 1265 38 1493 26 3522 18
1462 18 1266 41 1494 22 3523 21
1463 18 1267 31 1495 32 3524 23
1464 17 1268 37 1496 21 3525 17
1465 21 1269 28 1497 35 3526 20
1466 17 1270 38 1498 26 3527 13
1467 14 1271 38 1499 31 3528 27
1468 15 1272 42 1500 31 3529 10
1469 19 1273 31 1501 19 3530 26
1470 17 1274 51 1502 21 3531 10
1471 21 1275 29 1503 29 3532 20
1472 27 1276 25 1504 24 3533 15
1473 21 1277 26 1505 23 3534 19
1474 18 1278 31 1506 18 3535 24
1475 9 1279 34 1507 29 3536 17
1476 11 1280 48 1508 28 3537 25
1477 23 1281 28 1509 24 3538 25
1478 16 1282 27 1510 27 3539 18
1479 22 1283 24 1511 14 3540 15
1480 15 1284 30 1512 24 3541 12
1481 12 1285 23 1513 31 3542 22
1482 10 1286 34 1514 30 3543 17
1483 18 1287 23 1515 21 3544 18
1484 16 1288 32 1516 29 3545 15
1485 17 1289 31 1517 26 3546 18
1486 14 1290 29 1518 19 3547 14
1487 18 1291 29 1519 18 3548 19
1488 20 1292 28 1520 15 3549 20
1489 19 1293 23 1521 28 3550 19
1490 19 1294 31 1522 22 3551 14
1491 12 1295 24 1523 23 3552 27
1492 20 1296 24 1524 21 3553 20
1493 13 1297 27 1525 21 3554 21
1494 16 1298 27 1526 17 3555 11
1495 12 1299 19 1527 14 3556 18
1496 13 1300 24 1528 26 3557 14
1497 15 1301 24 1529 11 3558 15
1498 13 1302 33 1530 19 3559 13
1499 14 1303 15 1531 16 3560 10
1500 13 1304 23 1532 21 3561 15
1501 22 1305 23 1533 18 3562 10
1502 8 1306 19 1534 20 3563 14
1503 15 1307 29 1535 18 3564 9
1504 12 1308 26 1536 27 3565 19
1505 9 1309 34 1537 21 3566 13
1506 11 1310 31 1538 17 3567 10
1507 19 1311 28 1539 15 3568 13
1508 15 1312 28 1540 18 3569 10
1509 11 1313 19 1541 8 3570 9
1510 18 1314 14 1542 14 3571 16
1511 13 1315 14 1543 16 3572 14
1512 39 1316 61 1544 45 3573 39
1513 33 1317 77 1545 38 3574 30
1514 35 1318 52 1546 41 3575 31
1515 39 1319 62 1547 33 3576 26
1516 22 1320 78 1548 49 3577 36
1517 29 1321 68 1549 39 3578 21
1518 44 1322 61 1550 46 3579 44
1519 21 1323 65 1551 32 3580 15
1520 25 1324 50 1552 38 3581 32
1521 22 1325 59 1553 45 3582 29
1522 32 1326 45 1554 42 3583 39
1523 20 1327 49 1555 38 3584 36
1524 23 1328 46 1556 30 3585 27
1525 20 1329 50 1557 38 3586 30
1526 31 1330 46 1558 31 3587 21
1527 12 1331 42 1559 37 3588 21
1528 9 1332 51 1560 21 3589 21
1529 18 1333 40 1561 25 3590 20
1530 24 1334 45 1562 29 3591 15
1531 14 1335 33 1563 27 3592 19
1532 17 1336 35 1564 24 3593 17
1533 16 1337 39 1565 22 3594 18
1534 18 1338 48 1566 36 3595 16
1535 20 1339 37 1567 29 3596 23
1536 12 1340 33 1568 27 3597 18
1537 15 1341 28 1569 20 3598 10
1538 15 1342 36 1570 26 3599 14
1539 13 1343 40 1571 13 3600 18
1540 8 1344 34 1572 24 3601 15
1541 14 1345 37 1573 23 3602 25
1542 12 1346 36 1574 14 3603 19
1543 20 1347 32 1575 16 3604 17
1544 6 1348 22 1576 14 3605 16
1545 9 1349 31 1577 17 3606 9
1546 7 1350 31 1578 16 3607 25
1547 15 1351 18 1579 17 3608 12
1548 12 1352 22 1580 26 3609 13
1549 14 1353 28 1581 18 3610 12
1550 13 1354 21 1582 17 3611 10
1551 8 1355 27 1583 12 3612 12
1552 14 1356 23 1584 14 3613 11
1553 15 1357 24 1585 19 3614 11
1554 17 1358 23 1586 19 3615 18
1555 10 1359 18 1587 13 3616 14
1556 11 1360 29 1588 10 3617 6
1557 4 1361 22 1589 14 3618 18
1558 10 1362 18 1590 15 3619 8
1559 12 1363 20 1591 8 3620 7
1560 14 1364 24 1592 18 3621 8
1561 6 1365 19 1593 16 3622 6
1562 8 1366 22 1594 12 3623 13
1563 11 1367 15 1595 9 3624 7
1564 9 1368 14 1596 12 3625 12
1565 9 1369 13 1597 4 3626 10
1566 5 1370 15 1598 10 3627 11
1567 8 1371 13 1599 9 3628 11
1568 1 1372 16 1600 11 3629 6
1569 10 1373 16 1601 6 3630 6
1570 7 1374 14 1602 10 3631 4
1571 8 1375 11 1603 8 3632 8
1572 7 1376 16 1604 10 3633 7
1573 9 1377 11 1605 8 3634 4
1574 8 1378 10 1606 15 3635 6
1575 7 1379 13 1607 12 3636 7
1576 5 1380 13 1608 6 3637 8
1577 10 1381 13 1609 8 3638 9
1578 8 1382 13 1610 7 3639 9
1579 11 1383 17 1611 5 3640 7
1580 9 1384 10 1612 9 3641 2
1581 6 1385 12 1613 8 3642 3
1582 7 1386 11 1614 6 3643 5
1583 2 1387 15 1615 8 3644 3
1584 3 1388 12 1616 9 3645 5
1585 12 1389 13 1617 14 3646 4
1586 7 1390 10 1618 10 3647 3
1587 5 1391 9 1619 5 3648 4
1588 6 1392 9 1620 8 3649 7
1589 8 1393 10 1621 6 3650 4
1590 3 1394 14 1622 10 3651 6
1591 4 1395 7 1623 4 3652 4
1592 5 1396 8 1624 5 3653 5
1593 7 1397 9 1625 9 3654 6
1594 3 1398 7 1626 5 3655 5
1595 3 1399 13 1627 8 3656 4
1596 6 1400 6 1628 6 3657 1
1597 3 1401 9 1629 5 3658 2
1598 7 1402 11 1630 5 3659 4
1599 1 1403 8 1631 6 3660 4
1600 6 1404 8 1632 7 3661 4
1601 5 1405 9 1633 3 3662 6
1602 7 1406 5 1634 7 3663 3
1603 4 1407 5 1635 5 3664 6
1604 8 1408 12 1636 3 3665 4
1605 5 1409 9 1637 5 3666 6
1606 2 1410 6 1638 5 3667 4
1607 2 1411 4 1639 4 3668 3
1608 4 1412 4 1640 2 3669 7
1609 4 1413 5 1641 4 3670 1
1610 4 1414 4 1642 5 3671 8
1611 3 1415 10 1643 5 3672 5
1612 1 1416 10 1644 7 3673 3
1613 2 1417 9 1645 2 3674 4
1614 3 1418 12 1646 2 3675 2
1615 2 1419 6 1647 3 3676 5
1616 3 1420 6 1648 4 3677 7
1617 1 1421 4 1649 6 3678 7
1618 3 1422 7 1650 7 3679 3
1619 4 1423 6 1651 4 3680 3
1620 1 1424 2 1652 10 3681 7
1621 6 1425 6 1653 5 3682 7
1622 5 1426 7 1654 2 3683 5
1623 2 1427 5 1655 6 3684 7
1624 4 1428 3 1656 2 3685 4
1625 4 1429 9 1657 3 3686 3
1626 5 1430 7 1658 4 3687 2
1627 3 1431 7 1659 4 3688 5
1628 2 1432 6 1660 6 3689 3
1629 2 1433 2 1661 7 3690 1
1630 3 1434 4 1662 5 3691 4
1631 3 1435 2 1663 6 3692 2
1632 2 1436 4 1664 2 3693 3
1633 3 1437 5 1665 4 3694 4
1634 1 1438 5 1666 3 3695 2
1635 1 1439 2 1667 3 3696 4
1636 2 1440 4 1668 1 3697 4
1637 3 1441 4 1669 2 3698 0
1638 2 1442 4 1670 3 3699 4
1639 3 1443 4 1671 2 3700 2
1640 0 1444 1 1672 1 3701 3
1641 2 1445 4 1673 2 3702 0
1642 1 1446 4 1674 3 3703 2
1643 1 1447 6 1675 4 3704 4
1644 3 1448 5 1676 3 3705 3
1645 1 1449 4 1677 3 3706 2
1646 0 1450 4 1678 2 3707 1
1647 3 1451 3 1679 2 3708 0
1648 5 1452 2 1680 0 3709 3
1649 4 1453 2 1681 3 3710 0
1650 2 1454 3 1682 4 3711 4
1651 7 1455 4 1683 7 3712 2
1652 1 1456 1 1684 3 3713 6
1653 0 1457 5 1685 3 3714 3
1654 0 1458 3 1686 0 3715 1
1655 2 1459 3 1687 4 3716 2
1656 3 1460 3 1688 3 3717 2
1657 0 1461 3 1689 3 3718 3
1658 2 1462 0 1690 3 3719 1
1659 1 1463 4 1691 8 3720 0
1660 1 1464 5 1692 0 3721 5
1661 0 1465 6 1693 5 3722 1
1662 1 1466 0 1694 2 3723 1
1663 2 1467 3 1695 2 3724 1
1664 3 1468 3 1696 4 3725 4
1665 2 1469 3 1697 4 3726 2
1666 1 1470 2 1698 2 3727 3
1667 3 1471 3 1699 2 3728 2
1668 1 1472 2 1700 1 3729 1
1669 1 1473 1 1701 0 3730 3
1670 3 1474 6 1702 2 3731 3
1671 0 1475 8 1703 1 3732 2
1672 1 1476 2 1704 2 3733 4
1673 4 1477 4 1705 1 3734 2
1674 2 1478 1 1706 3 3735 2
1675 3 1479 0 1707 1 3736 2
1676 1 1480 3 1708 4 3737 1
1677 1 1481 3 1709 3 3738 3
1678 1 1482 2 1710 1 3739 6
1679 3 1483 1 1711 2 3740 1
1680 3 1484 3 1712 6 3741 4
1681 1 1485 3 1713 1 3742 0
1682 2 1486 2 1714 3 3743 0
1683 1 1487 1 1715 4 3744 2
1684 3 1488 2 1716 1 3745 1
1685 0 1489 3 1717 3 3746 3
1686 2 1490 3 1718 2 3747 2
1687 2 1491 5 1719 1 3748 0
1688 4 1492 3 1720 2 3749 2
1689 1 1493 2 1721 2 3750 2
1690 0 1494 2 1722 2 3751 1
1691 3 1495 2 1723 2 3752 2
1692 1 1496 2 1724 1 3753 4
1693 3 1497 1 1725 3 3754 3
1694 2 1498 3 1726 4 3755 4
1695 1 1499 1 1727 0 3756 2
1696 0 1500 5 1728 0 3757 1
1697 0 1501 1 1729 1 3758 2
1698 3 1502 2 1730 2 3759 1
1699 3 1503 4 1731 1 3760 2
1700 0 1504 4 1732 3 3761 3
1701 1 1505 2 1733 2 3762 1
1702 0 1506 3 1734 0 3763 1
1703 3 1507 3 1735 1 3764 1
1704 2 1508 3 1736 0 3765 0
1705 2 1509 4 1737 3 3766 0
1706 2 1510 2 1738 3 3767 0
1707 1 1511 1 1739 3 3768 0
1708 1 1512 0 1740 2 3769 3
1709 1 1513 3 1741 1 3770 2
1710 1 1514 0 1742 0 3771 2
1711 171 1515 279 1743 208 3772 0
