  0  56 46 57  44 50 54
  1  55 45 58  46 51 54
  2  56 46 57  44 50 54
  3  56 45 57  45 50 54
  4  55 45 57  45 50 54
  5  55 46 57  45 50 54
  6  55 45 57  45 50 54
  7  56 46 58  45 50 54
  8  54 45 57  45 50 54
  9  55 46 57  45 50 54
 10  55 45 57  45 50 54
 11  55 46 57  45 50 53
 12  55 45 57  45 50 54
 13  55 46 57  46 50 54
 14  55 45 57  45 50 54
 15  55 45 58  45 50 54
 16  56 45 58  45 50 54
 17  56 45 57  45 50 53
 18  56 45 57  45 50 54
 19  55 45 57  45 51 54
 20  56 45 58  45 50 54
 21  56 46 57  45 50 54
 22  55 45 57  45 51 54
 23  55 45 57  45 50 54
 24  56 45 57  45 51 54
 25  55 45 58  45 51 54
 26  55 45 58  45 50 54
 27  55 46 58  45 50 54
 28  55 45 58  45 51 54
 29  56 45 57  45 50 54
 30  55 45 57  45 50 54
 31  56 46 58  45 51 54
 32  55 46 57  45 50 54
 33  55 45 57  45 51 54
 34  55 44 57  45 50 54
 35  55 46 57  45 51 54
 36  55 45 57  45 50 54
 37  55 46 57  45 51 54
 38  56 46 57  45 50 54
 39  56 45 57  45 51 54
 40  55 46 57  46 50 55
 41  56 45 57  44 50 54
 42  55 45 57  45 50 54
 43  56 45 58  45 50 54
 44  55 45 57  45 50 54
 45  56 45 57  45 50 54
 46  55 46 57  45 51 54
 47  55 45 57  45 51 53
 48  56 46 58  45 51 54
 49  55 46 57  45 50 54
 50  55 46 57  45 51 54
 51  55 46 58  45 51 54
 52  55 46 57  45 50 54
 53  56 46 57  45 51 54
 54  55 46 57  45 50 54
 55  55 46 57  45 50 54
 56  56 45 57  45 50 54
 57  55 45 57  45 50 54
 58  56 45 57  44 50 54
 59  55 46 58  45 50 54
 60  55 46 58  45 50 54
 61  55 45 57  45 51 54
 62  56 45 58  46 51 54
 63  55 45 57  45 50 54
 64  55 45 58  45 51 54
 65  55 45 57  45 50 54
 66  56 46 57  45 50 54
 67  55 44 57  44 50 54
 68  54 46 57  45 50 54
 69  55 45 57  44 50 54
 70  56 46 57  45 51 54
 71  55 45 57  44 50 54
 72  55 46 57  45 50 54
 73  55 46 58  45 50 54
 74  55 46 57  45 51 54
 75  55 46 57  45 50 54
 76  55 46 58  45 51 54
 77  55 45 57  44 50 54
 78  56 45 57  45 50 54
 79  56 46 57  45 50 54
 80  55 45 57  45 50 53
 81  55 45 57  45 50 54
 82  56 45 57  45 50 54
 83  55 45 57  45 50 54
 84  55 45 57  45 50 54
 85  55 45 57  45 50 54
 86  55 46 57  45 50 54
 87  56 45 57  44 50 53
 88  55 46 57  45 50 54
 89  55 45 57  44 50 54
 90  56 46 57  44 50 54
 91  56 45 57  45 50 54
 92  56 45 57  45 50 54
 93  55 45 57  44 50 53
 94  56 45 57  45 50 54
 95  56 45 57  45 50 54
 96  54 45 58  45 50 54
 97  55 45 57  45 50 54
 98  55 46 57  45 50 54
 99  55 45 58  45 50 53
100  55 46 57  45 50 53
101  56 45 57  44 50 54
102  56 46 57  45 50 53
103  56 45 57  45 50 54
104  56 45 57  45 51 54
105  55 45 57  45 50 53
106  56 45 57  46 50 54
107  55 45 57  45 50 54
108  56 45 58  46 50 54
109  56 45 58  45 50 54
110  55 45 57  45 50 54
111  55 46 57  45 50 54
112  55 46 57  45 50 54
113  55 45 57  44 50 54
114  55 46 57  45 50 54
115  56 46 57  45 50 54
116  56 45 57  45 50 54
117  56 45 57  44 50 53
118  56 46 57  46 50 54
119  55 46 57  45 50 54
120  56 44 57  45 50 54
121  55 45 57  45 50 54
122  56 45 57  45 51 54
123  55 45 57  45 51 53
124  56 45 57  45 50 54
125  56 46 57  45 50 54
126  55 46 57  45 50 54
127  56 46 57  45 50 54
128  55 46 57  45 50 54
129  56 45 57  45 50 54
130  55 46 57  45 50 54
131  56 44 57  45 50 54
132  56 46 58  45 50 54
133  55 45 57  45 50 54
134  55 46 58  45 51 54
135  54 45 57  45 50 54
136  55 45 57  46 51 54
137  55 45 57  45 51 54
138  55 45 57  45 50 54
139  56 45 58  45 51 54
140  55 45 57  44 50 54
141  56 46 58  45 50 54
142  55 46 57  45 50 54
143  56 46 58  45 50 54
144  56 46 58  45 50 54
145  55 46 57  45 50 54
146  55 45 57  44 50 54
147  55 46 57  45 50 54
148  55 45 57  45 50 54
149  55 45 57  45 51 54
150  56 45 57  44 50 54
151  55 45 57  45 51 54
152  55 46 57  44 50 54
153  55 45 57  45 51 53
154  55 45 58  45 50 54
155  56 46 57  45 50 54
156  55 46 57  45 50 54
157  55 46 57  45 50 54
158  56 45 57  45 50 54
159  55 45 57  45 50 54
160  55 46 57  45 50 54
161  55 46 58  45 51 54
162  56 44 57  45 50 53
163  56 45 56  45 51 54
164  55 45 57  45 50 54
165  56 46 58  45 51 54
166  56 45 57  45 50 54
167  56 45 57  45 50 54
168  55 46 57  45 50 54
169  56 45 57  45 50 53
170  55 46 57  45 50 54
171  55 45 57  45 50 54
172  56 46 57  45 50 54
173  55 45 57  44 50 54
174  55 46 57  45 50 54
175  55 46 57  45 50 54
176  55 45 57  44 50 53
177  55 45 57  45 50 54
178  55 45 57  46 50 53
179  55 45 57  44 50 54
180  56 45 58  45 50 54
181  55 45 57  46 50 54
182  55 45 57  44 50 54
183  56 46 57  45 50 54
184  56 45 57  45 50 54
185  55 45 58  44 50 54
186  55 46 57  45 50 54
187  55 45 57  45 50 54
188  55 46 57  45 50 54
189  55 46 57  45 50 53
190  55 46 58  45 51 54
191  55 45 57  45 51 54
192  56 45 57  45 51 54
193  56 45 58  45 50 55
194  56 45 58  45 50 54
195  55 45 57  45 50 54
196  56 45 57  44 50 54
197  56 45 57  45 50 54
198  55 46 58  45 51 54
199  56 45 57  45 50 54
200  55 45 57  45 50 53
201  55 44 57  45 51 53
202  55 46 57  45 50 54
203  56 46 57  44 50 54
204  55 45 57  45 50 54
205  55 45 57  46 50 55
206  55 45 57  44 50 54
207  56 45 57  45 51 54
208  55 46 57  45 50 54
209  55 45 57  44 50 53
210  55 46 57  45 50 54
211  56 45 57  45 51 54
212  55 45 57  44 50 54
213  55 45 57  45 50 54
214  56 45 57  45 51 54
215  56 45 57  45 50 54
216  56 46 57  45 50 54
217  55 46 57  46 50 54
218  55 45 57  45 50 54
219  56 46 57  45 50 54
220  55 46 57  45 50 54
221  56 45 57  45 49 54
222  56 45 57  45 50 54
223  56 46 57  45 50 54
224  55 45 58  45 51 54
225  55 46 58  45 51 54
226  55 46 57  45 50 54
227  55 45 58  45 50 54
228  56 45 57  44 49 54
229  55 46 57  45 51 54
230  56 45 57  45 50 54
231  56 46 57  45 50 54
232  55 46 57  44 50 54
233  56 46 57  45 50 54
234  56 46 57  45 50 54
235  56 45 58  45 50 53
236  54 46 58  44 50 54
237  56 46 57  46 50 53
238  56 46 58  45 51 54
239  54 45 58  45 50 54
240  56 45 58  45 50 53
241  309 51 58  64 52 54
242  457 466 341  54 62 63
243  292 396 402  51 59 63
244  245 277 224  50 56 58
245  176 216 172  48 55 57
246  121 153 129  47 52 56
247  123 99 128  45 52 55
248  72 78 103  45 51 55
249  86 63 76  46 50 55
250  71 66 67  46 50 53
251  62 50 65  46 50 54
252  58 56 61  45 50 54
253  57 48 63  45 50 54
254  56 46 58  45 51 54
255  56 46 58  45 50 53
256  55 46 58  45 50 53
257  55 46 57  45 50 54
258  56 46 57  45 50 54
259  56 45 57  45 50 54
260  56 46 57  45 50 54
261  55 46 57  45 50 54
262  55 49 57  45 51 54
263  55 47 56  45 50 53
264  55 46 57  45 51 54
265  56 44 56  45 51 54
266  56 46 57  45 51 55
267  55 45 57  45 51 54
268  55 44 61  45 51 54
269  55 45 57  45 50 53
270  55 45 57  45 50 54
271  55 45 57  45 50 54
272  55 45 57  44 49 54
273  56 45 58  45 50 54
274  55 45 57  45 50 54
275  55 45 57  45 50 54
276  56 45 57  45 50 54
277  56 46 57  45 50 54
278  55 45 56  45 50 53
279  55 45 57  45 50 54
280  55 45 57  45 50 54
281  55 45 57  45 51 54
282  55 45 57  45 51 54
283  55 45 57  45 50 54
284  55 45 58  45 51 54
285  55 45 57  45 50 54
286  56 45 57  45 50 54
287  55 45 57  45 50 54
288  55 45 57  45 50 54
289  55 46 57  45 50 53
290  56 46 57  45 50 54
291  56 45 57  45 50 53
292  55 45 57  45 51 54
293  56 46 57  46 50 54
294  55 44 57  45 50 54
295  55 44 57  45 50 54
296  54 45 57  45 50 54
297  55 45 57  45 50 54
298  55 45 57  44 50 54
299  55 45 57  45 50 54
300  55 45 57  44 51 54
301  55 45 57  45 51 54
302  55 45 57  45 50 54
303  55 46 57  45 50 54
304  55 46 57  45 50 54
305  55 45 57  44 50 54
306  55 45 57  45 50 54
307  55 45 57  45 50 54
308  55 44 57  44 50 54
309  55 45 56  45 51 53
310  56 45 57  45 50 54
311  55 45 56  44 50 54
312  56 44 57  45 51 54
313  55 45 57  45 50 54
314  55 45 57  45 50 53
315  55 45 57  45 50 54
316  55 45 58  46 50 53
317  55 45 57  45 50 54
318  55 45 57  45 50 54
319  55 45 56  45 50 54
320  55 45 57  45 50 54
321  55 45 56  45 50 54
322  56 45 57  45 51 54
323  55 45 57  45 50 54
324  55 45 57  45 50 53
325  55 45 57  45 50 54
326  56 46 57  45 50 54
327  55 45 56  45 50 54
328  54 46 57  45 50 54
329  55 45 57  45 50 54
330  56 48 57  45 50 54
331  56 45 57  45 50 54
332  55 45 57  45 51 54
333  55 46 57  45 50 54
334  55 45 57  45 51 54
335  55 45 57  45 50 54
336  55 45 58  45 50 54
337  55 45 57  45 50 53
338  54 45 57  44 50 53
339  56 45 57  45 50 54
340  55 45 57  45 50 54
341  56 44 57  44 50 53
342  55 45 57  45 50 54
343  55 45 57  45 50 53
344  55 45 57  45 50 54
345  55 45 58  45 50 54
346  55 45 57  45 50 54
347  54 45 57  45 50 53
348  55 45 57  45 50 54
349  55 45 57  45 50 53
350  55 45 57  45 50 54
351  55 45 57  45 50 54
352  55 44 57  44 50 55
353  55 45 57  45 50 54
354  55 44 57  44 50 54
355  55 45 58  45 50 54
356  55 45 57  45 50 54
357  56 45 57  45 51 54
358  55 45 57  44 50 54
359  55 45 57  45 51 54
360  55 45 57  45 50 54
361  55 46 57  45 50 54
362  55 45 57  45 50 54
363  54 46 57  45 50 54
364  55 46 57  44 50 53
365  56 45 57  45 50 54
366  56 45 57  45 50 54
367  55 45 57  45 51 54
368  56 45 57  45 50 54
369  55 45 57  45 50 54
370  55 45 57  44 50 54
371  54 45 57  44 50 54
372  55 46 57  45 50 54
373  55 46 57  45 50 54
374  54 45 57  45 49 54
375  55 46 57  45 50 54
376  55 45 57  45 50 54
377  55 45 56  45 51 54
378  56 45 57  45 50 54
379  56 45 57  45 50 54
380  55 45 57  45 50 53
381  56 44 57  45 50 54
382  55 45 57  45 51 54
383  55 45 58  45 50 54
384  54 46 57  44 50 54
385  55 45 56  44 50 54
386  55 45 57  45 50 54
387  54 45 57  45 50 54
388  55 45 57  45 51 54
389  56 45 56  46 50 54
390  55 45 57  45 51 54
391  56 45 57  45 50 54
392  56 45 57  45 50 54
393  55 45 57  45 50 54
394  56 45 57  45 50 54
395  55 45 57  44 50 54
396  55 46 57  45 50 54
397  55 45 57  44 50 54
398  55 46 57  45 50 54
399  55 45 57  45 50 54
400  55 46 57  45 50 54
401  55 45 57  45 50 54
402  55 45 57  45 50 54
403  55 45 57  45 50 54
404  55 45 57  44 50 53
405  56 45 57  45 50 54
406  55 46 57  45 50 54
407  55 45 57  45 50 53
408  55 45 57  45 50 54
409  56 45 57  45 50 54
410  55 45 57  44 50 53
411  55 45 57  45 50 53
412  55 45 57  45 50 53
413  55 45 57  45 50 54
414  55 45 57  45 50 53
415  55 45 57  45 51 54
416  55 45 57  45 51 53
417  56 45 57  45 50 54
418  55 46 57  45 50 54
419  55 45 57  45 50 54
420  56 45 56  45 50 54
421  55 46 57  45 50 53
422  55 45 56  44 50 54
423  54 45 57  45 50 54
424  55 44 57  45 51 54
425  55 45 57  45 51 54
426  54 45 57  45 50 54
427  55 45 57  45 50 54
428  55 45 57  45 50 54
429  55 45 58  45 50 54
430  55 45 57  45 50 54
431  55 45 57  45 51 54
432  55 45 57  45 50 54
433  56 45 57  45 50 54
434  56 45 57  45 50 54
435  55 45 57  45 50 54
436  56 46 56  45 50 55
437  54 45 57  45 50 55
438  55 46 57  45 50 54
439  54 45 57  45 50 54
440  54 45 57  44 50 54
441  56 46 57  45 50 54
442  55 45 57  45 50 54
443  55 45 57  44 50 54
444  55 45 57  45 50 54
445  55 45 57  45 50 54
446  55 45 57  45 50 54
447  55 45 57  45 51 55
448  56 46 57  45 51 54
449  55 46 57  44 50 54
450  55 45 58  45 50 54
451  55 45 57  45 50 54
452  55 45 58  45 50 54
453  55 45 56  45 50 54
454  55 45 57  45 51 54
455  55 45 57  45 50 53
456  55 45 57  45 51 54
457  55 45 57  45 50 54
458  55 45 57  45 50 54
459  55 45 57  45 51 54
460  55 45 57  45 50 54
461  55 45 57  44 50 54
462  55 45 57  45 50 54
463  55 45 57  45 50 54
464  55 45 57  45 50 54
465  55 45 57  44 50 54
466  55 45 57  44 51 54
467  55 45 56  45 51 54
468  55 45 57  45 51 54
469  56 45 57  45 50 54
470  55 45 57  45 50 54
471  55 46 57  45 50 54
472  55 46 57  45 50 54
473  55 45 57  45 50 54
474  55 45 57  45 50 54
475  55 45 57  45 50 54
476  55 45 57  44 50 54
477  56 45 57  45 50 54
478  55 46 57  45 50 54
479  55 45 57  45 50 54
480  56 45 57  45 50 54
481  55 46 57  45 50 54
482  55 45 56  45 50 54
483  55 45 57  45 50 54
484  55 45 57  45 50 54
485  55 45 57  45 50 54
486  55 45 57  45 50 54
487  55 45 57  45 50 54
488  55 45 57  45 50 54
489  55 45 57  45 50 54
490  55 45 57  44 50 54
491  56 45 58  45 50 54
492  55 44 57  45 50 54
493  55 45 57  45 51 54
494  56 45 57  44 50 54
495  55 45 57  45 50 54
496  55 46 57  44 50 54
497  55 45 57  45 50 55
498  55 45 57  45 50 54
499  55 45 57  45 50 54
500  54 45 58  45 51 54
501  55 46 57  45 50 53
502  55 45 57  45 50 54
503  54 45 57  44 50 54
504  55 45 57  45 50 54
505  55 45 57  45 50 54
506  55 45 57  45 50 54
507  55 45 57  44 50 54
508  55 45 57  45 51 53
509  54 45 57  44 50 54
510  55 45 57  45 51 54
511  55 45 57  44 51 54
512  55 45 57  45 50 54
513  55 45 57  44 50 54
514  55 45 57  45 50 54
515  55 45 57  45 50 54
516  54 45 57  45 50 54
517  55 45 57  44 50 54
518  55 45 57  45 50 54
519  55 45 57  45 50 54
520  55 46 57  45 50 54
521  56 45 57  45 50 54
522  56 46 58  45 50 54
523  56 45 57  44 50 54
524  56 46 57  45 50 55
525  55 45 57  45 50 54
526  55 45 57  46 50 54
527  54 45 58  45 50 54
528  55 45 57  45 50 54
529  54 45 56  45 51 54
530  55 44 57  45 50 54
531  55 45 57  45 50 54
532  55 46 57  45 50 54
533  55 45 57  45 50 54
534  56 45 57  45 50 54
535  55 46 57  45 50 54
536  55 44 57  44 50 54
537  55 46 57  45 50 54
538  55 45 57  45 51 54
539  55 44 57  44 50 54
540  55 46 57  45 51 54
541  55 45 57  45 51 54
542  55 44 57  44 51 54
543  55 45 57  45 50 54
544  55 45 57  45 50 54
545  56 45 57  45 50 54
546  56 45 57  45 50 53
547  56 45 57  45 50 54
548  55 45 57  44 50 54
549  55 44 57  45 50 55
550  55 45 57  45 50 54
551  55 45 57  45 51 54
552  55 45 56  45 51 53
553  56 45 57  44 50 54
554  55 45 57  44 51 54
555  56 45 57  45 51 54
556  55 45 57  45 50 54
557  56 45 57  45 50 54
558  55 44 56  44 50 54
559  55 45 57  45 50 54
560  55 45 57  45 50 54
561  55 46 57  45 50 54
562  55 45 57  45 50 54
563  54 46 57  45 50 54
564  55 45 57  45 50 53
565  55 45 57  45 50 54
566  55 45 57  45 50 54
567  55 45 57  45 50 53
568  56 45 57  45 50 54
569  54 45 57  45 50 54
570  55 45 57  45 50 54
571  56 45 57  45 51 54
572  55 45 56  44 50 54
573  55 46 57  44 50 53
574  55 45 57  45 50 54
575  55 45 57  44 50 54
576  55 45 57  44 50 54
577  54 45 57  45 51 53
578  55 46 57  45 49 54
579  56 45 56  45 50 53
580  55 45 57  45 50 53
581  56 45 57  44 50 54
582  55 45 57  45 50 54
583  55 45 57  45 51 53
584  55 45 57  45 50 54
585  55 46 57  45 50 54
586  55 45 57  45 50 54
587  54 45 57  45 50 54
588  55 45 57  44 50 54
589  55 45 56  45 50 54
590  56 46 57  45 50 54
591  55 45 57  45 50 54
592  56 45 57  45 50 54
593  55 45 57  45 50 54
594  56 46 57  45 50 54
595  55 46 56  45 50 54
596  54 45 57  46 50 54
597  55 46 57  45 50 54
598  54 46 57  45 50 54
599  55 45 57  45 50 54
600  54 45 57  45 50 54
601  55 45 57  45 50 55
602  54 45 58  44 50 53
603  55 45 58  44 50 54
604  55 45 58  45 50 54
605  56 45 57  44 50 54
606  55 46 57  45 51 54
607  55 46 57  45 50 54
608  55 46 57  45 50 53
609  56 45 57  45 51 54
610  56 46 57  45 50 54
611  54 46 57  45 50 54
612  55 45 57  45 50 54
613  55 45 57  45 50 53
614  55 45 57  45 50 53
615  54 45 57  45 50 54
616  55 46 57  44 50 54
617  55 46 57  45 50 54
618  55 45 57  44 50 54
619  55 46 57  45 50 54
620  56 46 57  45 50 54
621  55 45 57  45 50 54
622  56 45 57  45 50 54
623  55 45 57  45 50 54
624  55 45 57  44 50 54
625  55 46 57  45 50 54
626  54 45 57  45 50 54
627  55 45 57  45 50 54
628  55 45 57  45 50 53
629  55 45 58  45 50 54
630  55 45 57  45 50 53
631  55 45 57  45 50 54
632  55 45 57  45 50 54
633  55 45 57  45 51 54
634  55 45 57  45 51 54
635  55 45 57  44 50 54
636  55 46 57  45 50 54
637  55 45 57  44 50 54
638  55 45 57  45 50 54
639  56 46 57  45 50 54
640  55 45 57  45 50 54
641  55 45 57  44 50 54
642  55 45 57  45 50 53
643  55 45 58  45 50 54
644  55 45 57  45 50 54
645  55 45 57  45 50 54
646  55 45 57  45 51 54
647  55 45 57  45 50 54
648  55 45 57  45 50 54
649  55 45 56  44 50 54
650  55 45 57  44 50 54
651  55 45 56  44 50 54
652  55 45 58  45 51 54
653  55 46 57  45 50 54
654  55 45 57  45 50 54
655  55 45 56  45 50 53
656  55 45 57  45 50 54
657  55 45 57  45 50 54
658  56 46 58  45 50 54
659  55 45 57  45 50 54
660  55 46 57  45 50 54
661  55 45 56  44 50 54
662  55 46 57  45 50 54
663  56 45 57  44 50 53
664  55 45 57  45 50 54
665  55 45 58  46 51 54
666  55 45 57  45 51 54
667  55 45 57  45 50 54
668  55 44 57  45 50 54
669  54 46 57  45 50 54
670  55 45 57  45 50 54
671  55 45 57  44 50 54
672  55 46 57  44 51 54
673  56 45 57  44 50 54
674  55 44 57  44 50 54
675  55 45 58  45 50 54
676  55 45 57  44 50 54
677  55 45 57  44 51 54
678  56 45 57  44 50 54
679  55 46 57  45 50 53
680  55 46 57  45 50 54
681  55 45 57  45 51 54
682  55 46 56  45 50 54
683  55 46 57  45 51 54
684  54 45 57  45 50 54
685  55 45 58  45 51 54
686  56 45 57  45 51 54
687  55 45 57  45 51 54
688  55 44 57  45 50 54
689  55 45 57  45 50 54
690  55 44 57  44 50 54
691  56 46 57  45 50 54
692  55 46 57  45 50 54
693  55 46 57  45 49 54
694  55 46 57  45 50 54
695  55 46 57  45 50 54
696  55 45 57  45 50 54
697  54 46 57  45 50 55
698  55 45 57  45 50 54
699  55 45 57  45 50 54
700  55 45 57  45 50 54
701  55 45 57  44 51 54
702  55 44 57  45 50 53
703  55 46 57  45 50 54
704  55 45 57  44 49 53
705  55 45 58  45 50 54
706  56 45 57  45 51 54
707  55 45 57  45 50 55
708  56 45 57  45 50 54
709  55 45 57  45 50 54
710  55 45 57  45 50 54
711  56 45 57  45 50 54
712  54 45 57  45 50 54
713  55 45 57  45 50 54
714  54 45 57  45 51 54
715  55 45 57  44 50 54
716  55 45 57  44 51 54
717  55 45 57  45 50 54
718  55 45 58  45 50 54
719  55 45 58  45 50 54
720  55 45 57  45 50 54
721  56 46 57  45 50 54
722  56 45 57  45 50 54
723  55 45 57  44 50 54
724  55 45 57  45 50 54
725  55 45 57  45 50 53
726  55 45 57  45 51 54
727  55 45 57  45 51 54
728  55 45 57  45 50 54
729  55 45 57  44 50 54
730  55 45 58  45 51 54
731  55 45 57  45 50 54
732  55 46 57  45 50 53
733  55 45 57  45 50 54
734  55 45 56  45 50 53
735  55 45 56  45 50 54
736  55 45 57  45 50 54
737  55 45 56  44 50 53
738  56 45 57  45 50 54
739  56 46 57  45 50 54
740  54 45 57  45 50 54
741  55 46 57  45 51 54
742  55 45 57  45 50 54
743  55 45 57  44 50 54
744  55 45 57  45 50 54
745  55 45 57  44 50 54
746  55 45 57  45 50 54
747  56 45 57  45 50 54
748  55 45 57  44 50 55
749  56 45 56  45 50 54
750  55 45 57  45 50 54
751  55 45 57  45 50 54
752  55 45 57  44 50 54
753  55 46 57  45 50 54
754  55 46 57  45 50 54
755  55 46 57  45 50 54
756  55 45 58  44 50 53
757  56 45 57  45 50 54
758  55 45 57  45 50 54
759  56 45 57  45 50 54
760  55 45 57  45 50 54
761  56 45 57  45 50 54
762  55 45 57  45 50 54
763  55 46 57  45 51 54
764  55 46 57  44 50 54
765  55 46 57  45 50 54
766  56 46 57  45 50 54
767  55 45 57  45 50 54
