1107 6 909 5 1141 0 3158 0
1108 12 910 18 1142 0 3159 0
1109 36 911 24 1143 3 3160 2
1110 65 912 31 1144 27 3161 2
1111 132 913 68 1145 58 3162 9
1112 193 914 106 1146 114 3163 16
1113 281 915 177 1147 197 3164 45
1114 363 916 242 1148 280 3165 86
1115 483 917 308 1149 352 3166 128
1116 635 918 352 1150 447 3167 200
1117 697 919 434 1151 516 3168 249
1118 762 920 483 1152 603 3169 335
1119 851 921 552 1153 646 3170 370
1120 912 922 590 1154 680 3171 473
1121 955 923 689 1155 732 3172 572
1122 1084 924 685 1156 811 3173 683
1123 1140 925 718 1157 858 3174 756
1124 1150 926 813 1158 955 3175 854
1125 1193 927 828 1159 978 3176 922
1126 1235 928 850 1160 966 3177 964
1127 1320 929 867 1161 1083 3178 1079
1128 1251 930 941 1162 1032 3179 1042
1129 1363 931 912 1163 1104 3180 1107
1130 1263 932 951 1164 1112 3181 1162
1131 1326 933 998 1165 1120 3182 1218
1132 1282 934 939 1166 1149 3183 1252
1133 1235 935 1045 1167 1169 3184 1226
1134 1242 936 940 1168 1045 3185 1296
1135 1251 937 1045 1169 1078 3186 1224
1136 1240 938 1028 1170 1128 3187 1255
1137 1184 939 1067 1171 1168 3188 1280
1138 1282 940 1008 1172 1112 3189 1184
1139 1190 941 1061 1173 1186 3190 1214
1140 1154 942 1025 1174 1084 3191 1182
1141 1147 943 1046 1175 1078 3192 1169
1142 1091 944 940 1176 1065 3193 1164
1143 1065 945 1006 1177 1071 3194 1074
1144 1099 946 990 1178 1013 3195 1144
1145 1079 947 922 1179 994 3196 1106
1146 1019 948 963 1180 999 3197 1106
1147 1029 949 984 1181 1004 3198 1034
1148 1024 950 921 1182 980 3199 1016
1149 1049 951 956 1183 931 3200 1029
1150 929 952 933 1184 976 3201 996
1151 976 953 879 1185 919 3202 937
1152 953 954 886 1186 914 3203 974
1153 924 955 886 1187 925 3204 992
1154 939 956 844 1188 890 3205 919
1155 940 957 904 1189 880 3206 900
1156 910 958 877 1190 892 3207 859
1157 936 959 796 1191 849 3208 872
1158 895 960 878 1192 864 3209 865
1159 891 961 856 1193 784 3210 841
1160 927 962 804 1194 854 3211 857
1161 932 963 801 1195 878 3212 839
1162 882 964 815 1196 842 3213 787
1163 846 965 809 1197 841 3214 774
1164 865 966 769 1198 810 3215 753
1165 882 967 791 1199 791 3216 758
1166 845 968 778 1200 814 3217 761
1167 921 969 772 1201 810 3218 784
1168 867 970 744 1202 788 3219 749
1169 912 971 794 1203 768 3220 744
1170 811 972 762 1204 741 3221 681
1171 914 973 772 1205 823 3222 690
1172 942 974 755 1206 821 3223 704
1173 859 975 715 1207 779 3224 661
1174 942 976 726 1208 802 3225 681
1175 915 977 705 1209 787 3226 667
1176 906 978 747 1210 771 3227 680
1177 956 979 739 1211 800 3228 650
1178 971 980 718 1212 784 3229 696
1179 934 981 769 1213 809 3230 635
1180 907 982 735 1214 782 3231 643
1181 962 983 764 1215 829 3232 632
1182 985 984 772 1216 809 3233 656
1183 1016 985 779 1217 815 3234 615
1184 980 986 711 1218 750 3235 621
1185 927 987 733 1219 827 3236 630
1186 1026 988 741 1220 832 3237 595
1187 994 989 728 1221 889 3238 694
1188 996 990 725 1222 787 3239 628
1189 1017 991 800 1223 851 3240 633
1190 1009 992 797 1224 850 3241 648
1191 1063 993 757 1225 898 3242 631
1192 1048 994 768 1226 833 3243 704
1193 1017 995 764 1227 822 3244 648
1194 1098 996 779 1228 891 3245 651
1195 1019 997 801 1229 830 3246 691
1196 1019 998 795 1230 886 3247 728
1197 1030 999 784 1231 901 3248 708
1198 1022 1000 810 1232 817 3249 734
1199 1036 1001 789 1233 942 3250 719
1200 1082 1002 773 1234 944 3251 737
1201 1061 1003 782 1235 953 3252 739
1202 1082 1004 850 1236 940 3253 748
1203 1081 1005 820 1237 979 3254 870
1204 1072 1006 868 1238 912 3255 819
1205 1054 1007 844 1239 966 3256 814
1206 1049 1008 790 1240 928 3257 895
1207 1107 1009 829 1241 974 3258 927
1208 1137 1010 830 1242 995 3259 917
1209 1069 1011 861 1243 1003 3260 1008
1210 1088 1012 861 1244 1011 3261 980
1211 1127 1013 848 1245 1026 3262 998
1212 1026 1014 846 1246 960 3263 1054
1213 1043 1015 868 1247 924 3264 988
1214 1131 1016 890 1248 978 3265 1060
1215 1024 1017 819 1249 955 3266 1048
1216 1031 1018 845 1250 923 3267 1073
1217 1010 1019 861 1251 980 3268 1190
1218 1060 1020 885 1252 993 3269 1114
1219 986 1021 894 1253 960 3270 1152
1220 1042 1022 944 1254 953 3271 1178
1221 992 1023 897 1255 997 3272 1180
1222 979 1024 879 1256 985 3273 1180
1223 984 1025 903 1257 989 3274 1256
1224 993 1026 911 1258 1003 3275 1255
1225 980 1027 847 1259 936 3276 1279
1226 1006 1028 878 1260 1010 3277 1215
1227 1015 1029 885 1261 937 3278 1289
1228 958 1030 855 1262 956 3279 1207
1229 901 1031 906 1263 949 3280 1330
1230 907 1032 853 1264 968 3281 1261
1231 910 1033 838 1265 935 3282 1281
1232 928 1034 824 1266 968 3283 1320
1233 863 1035 848 1267 948 3284 1311
1234 816 1036 903 1268 934 3285 1216
1235 859 1037 887 1269 894 3286 1191
1236 877 1038 894 1270 913 3287 1214
1237 868 1039 883 1271 851 3288 1220
1238 796 1040 907 1272 862 3289 1216
1239 813 1041 826 1273 910 3290 1207
1240 806 1042 881 1274 902 3291 1215
1241 866 1043 860 1275 917 3292 1157
1242 739 1044 842 1276 811 3293 1126
1243 749 1045 799 1277 844 3294 1117
1244 769 1046 801 1278 839 3295 1087
1245 752 1047 806 1279 841 3296 1090
1246 752 1048 866 1280 811 3297 1046
1247 711 1049 789 1281 817 3298 1065
1248 662 1050 761 1282 780 3299 1019
1249 682 1051 793 1283 752 3300 1003
1250 694 1052 847 1284 797 3301 959
1251 682 1053 864 1285 815 3302 982
1252 653 1054 761 1286 729 3303 987
1253 603 1055 777 1287 731 3304 901
1254 631 1056 792 1288 693 3305 874
1255 607 1057 784 1289 748 3306 879
1256 655 1058 776 1290 724 3307 830
1257 595 1059 727 1291 657 3308 881
1258 563 1060 755 1292 708 3309 777
1259 547 1061 685 1293 697 3310 780
1260 591 1062 695 1294 699 3311 769
1261 513 1063 741 1295 660 3312 751
1262 486 1064 709 1296 679 3313 742
1263 488 1065 697 1297 670 3314 720
1264 500 1066 735 1298 619 3315 694
1265 465 1067 734 1299 626 3316 644
1266 517 1068 702 1300 609 3317 707
1267 477 1069 632 1301 633 3318 666
1268 462 1070 654 1302 611 3319 636
1269 488 1071 625 1303 632 3320 549
1270 478 1072 666 1304 563 3321 620
1271 447 1073 604 1305 557 3322 635
1272 411 1074 568 1306 541 3323 555
1273 404 1075 566 1307 543 3324 562
1274 392 1076 619 1308 559 3325 537
1275 391 1077 622 1309 554 3326 525
1276 413 1078 579 1310 549 3327 488
1277 364 1079 609 1311 526 3328 481
1278 398 1080 590 1312 511 3329 493
1279 374 1081 548 1313 499 3330 474
1280 382 1082 603 1314 512 3331 424
1281 355 1083 536 1315 461 3332 446
1282 342 1084 517 1316 442 3333 427
1283 325 1085 552 1317 453 3334 390
1284 389 1086 535 1318 478 3335 429
1285 339 1087 531 1319 438 3336 377
1286 315 1088 477 1320 462 3337 413
1287 303 1089 480 1321 402 3338 349
1288 282 1090 482 1322 443 3339 395
1289 313 1091 513 1323 435 3340 352
1290 279 1092 512 1324 366 3341 340
1291 298 1093 479 1325 365 3342 334
1292 280 1094 451 1326 377 3343 331
1293 259 1095 470 1327 396 3344 336
1294 273 1096 433 1328 375 3345 315
1295 246 1097 445 1329 357 3346 340
1296 256 1098 430 1330 365 3347 279
1297 277 1099 428 1331 329 3348 283
1298 232 1100 443 1332 357 3349 276
1299 246 1101 405 1333 319 3350 252
1300 230 1102 417 1334 349 3351 294
1301 235 1103 396 1335 337 3352 271
1302 222 1104 403 1336 342 3353 253
1303 224 1105 406 1337 319 3354 243
1304 228 1106 407 1338 310 3355 249
1305 215 1107 358 1339 306 3356 258
1306 197 1108 397 1340 279 3357 212
1307 219 1109 355 1341 306 3358 235
1308 185 1110 356 1342 266 3359 233
1309 220 1111 349 1343 271 3360 246
1310 190 1112 339 1344 249 3361 227
1311 196 1113 354 1345 260 3362 224
1312 173 1114 333 1346 267 3363 224
1313 171 1115 346 1347 240 3364 227
1314 171 1116 341 1348 255 3365 210
1315 174 1117 313 1349 263 3366 194
1316 167 1118 323 1350 219 3367 197
1317 167 1119 317 1351 227 3368 203
1318 148 1120 329 1352 206 3369 178
1319 142 1121 293 1353 220 3370 161
1320 168 1122 290 1354 228 3371 189
1321 168 1123 296 1355 208 3372 174
1322 140 1124 275 1356 231 3373 187
1323 143 1125 265 1357 198 3374 166
1324 158 1126 276 1358 230 3375 165
1325 142 1127 252 1359 197 3376 170
1326 142 1128 234 1360 217 3377 171
1327 139 1129 271 1361 186 3378 167
1328 116 1130 246 1362 216 3379 149
1329 139 1131 227 1363 179 3380 139
1330 115 1132 268 1364 186 3381 135
1331 122 1133 256 1365 172 3382 154
1332 126 1134 214 1366 178 3383 147
1333 117 1135 248 1367 171 3384 139
1334 109 1136 236 1368 157 3385 136
1335 113 1137 215 1369 168 3386 121
1336 116 1138 235 1370 166 3387 124
1337 96 1139 222 1371 149 3388 131
1338 111 1140 233 1372 161 3389 125
1339 109 1141 226 1373 142 3390 144
1340 103 1142 220 1374 125 3391 132
1341 103 1143 208 1375 141 3392 112
1342 110 1144 204 1376 147 3393 135
1343 98 1145 195 1377 134 3394 116
1344 99 1146 175 1378 139 3395 122
1345 95 1147 168 1379 137 3396 122
1346 86 1148 197 1380 144 3397 113
1347 99 1149 181 1381 143 3398 95
1348 78 1150 165 1382 107 3399 92
1349 85 1151 170 1383 119 3400 88
1350 73 1152 157 1384 126 3401 88
1351 82 1153 192 1385 117 3402 119
1352 84 1154 165 1386 102 3403 95
1353 96 1155 176 1387 112 3404 107
1354 102 1156 154 1388 97 3405 96
1355 68 1157 131 1389 142 3406 94
1356 90 1158 148 1390 136 3407 82
1357 83 1159 173 1391 103 3408 78
1358 70 1160 150 1392 110 3409 93
1359 76 1161 151 1393 84 3410 117
1360 81 1162 133 1394 102 3411 91
1361 70 1163 144 1395 117 3412 96
1362 66 1164 130 1396 90 3413 72
1363 71 1165 122 1397 107 3414 82
1364 80 1166 141 1398 97 3415 79
1365 77 1167 118 1399 97 3416 80
1366 53 1168 134 1400 93 3417 85
1367 76 1169 121 1401 95 3418 90
1368 56 1170 103 1402 82 3419 55
1369 60 1171 127 1403 92 3420 74
1370 61 1172 115 1404 84 3421 76
1371 56 1173 99 1405 73 3422 83
1372 52 1174 110 1406 89 3423 71
1373 45 1175 134 1407 80 3424 65
1374 68 1176 119 1408 70 3425 76
1375 69 1177 119 1409 79 3426 71
1376 62 1178 119 1410 72 3427 65
1377 46 1179 106 1411 74 3428 51
1378 59 1180 113 1412 86 3429 64
1379 52 1181 96 1413 64 3430 62
1380 59 1182 86 1414 70 3431 59
1381 49 1183 95 1415 65 3432 60
1382 63 1184 105 1416 72 3433 54
1383 43 1185 106 1417 74 3434 64
1384 36 1186 88 1418 60 3435 51
1385 49 1187 115 1419 85 3436 71
1386 48 1188 93 1420 65 3437 59
1387 47 1189 101 1421 71 3438 58
1388 61 1190 88 1422 67 3439 52
1389 42 1191 88 1423 56 3440 72
1390 57 1192 81 1424 65 3441 58
1391 41 1193 92 1425 55 3442 51
1392 38 1194 95 1426 65 3443 49
1393 54 1195 85 1427 70 3444 49
1394 39 1196 72 1428 58 3445 59
1395 46 1197 100 1429 53 3446 65
1396 39 1198 95 1430 63 3447 54
1397 48 1199 77 1431 61 3448 51
1398 40 1200 68 1432 48 3449 43
1399 34 1201 89 1433 53 3450 51
1400 36 1202 83 1434 65 3451 40
1401 42 1203 80 1435 69 3452 58
1402 38 1204 66 1436 54 3453 53
1403 30 1205 71 1437 60 3454 46
1404 31 1206 73 1438 52 3455 45
1405 47 1207 74 1439 42 3456 44
1406 39 1208 69 1440 50 3457 41
1407 47 1209 63 1441 53 3458 51
1408 39 1210 80 1442 37 3459 45
1409 26 1211 65 1443 49 3460 40
1410 38 1212 66 1444 31 3461 45
1411 42 1213 65 1445 44 3462 39
1412 27 1214 52 1446 45 3463 51
1413 36 1215 59 1447 55 3464 29
1414 35 1216 66 1448 50 3465 38
1415 32 1217 67 1449 41 3466 43
1416 34 1218 68 1450 43 3467 36
1417 32 1219 48 1451 49 3468 42
1418 26 1220 55 1452 41 3469 43
1419 41 1221 54 1453 44 3470 34
1420 29 1222 62 1454 42 3471 37
1421 24 1223 57 1455 32 3472 27
1422 36 1224 59 1456 39 3473 43
1423 37 1225 54 1457 39 3474 34
1424 33 1226 55 1458 37 3475 39
1425 33 1227 48 1459 47 3476 32
1426 17 1228 51 1460 34 3477 31
1427 26 1229 52 1461 34 3478 34
1428 25 1230 46 1462 39 3479 42
1429 24 1231 57 1463 34 3480 30
1430 31 1232 59 1464 38 3481 28
1431 36 1233 52 1465 32 3482 33
1432 19 1234 40 1466 31 3483 39
1433 28 1235 41 1467 47 3484 28
1434 20 1236 52 1468 33 3485 37
1435 32 1237 52 1469 27 3486 31
1436 17 1238 50 1470 46 3487 32
1437 27 1239 42 1471 40 3488 25
1438 27 1240 52 1472 32 3489 20
1439 28 1241 54 1473 41 3490 28
1440 33 1242 40 1474 39 3491 24
1441 29 1243 37 1475 28 3492 33
1442 20 1244 55 1476 31 3493 29
1443 26 1245 34 1477 37 3494 25
1444 23 1246 40 1478 26 3495 20
1445 23 1247 39 1479 31 3496 32
1446 23 1248 46 1480 32 3497 20
1447 17 1249 37 1481 33 3498 20
1448 23 1250 35 1482 24 3499 26
1449 21 1251 43 1483 34 3500 31
1450 22 1252 43 1484 30 3501 29
1451 26 1253 37 1485 39 3502 25
1452 27 1254 31 1486 34 3503 21
1453 20 1255 43 1487 31 3504 13
1454 16 1256 34 1488 22 3505 16
1455 20 1257 40 1489 32 3506 17
1456 17 1258 34 1490 30 3507 15
1457 24 1259 31 1491 39 3508 30
1458 14 1260 32 1492 39 3509 17
1459 18 1261 40 1493 30 3510 27
1460 15 1262 40 1494 33 3511 31
1461 20 1263 25 1495 23 3512 22
1462 24 1264 29 1496 25 3513 19
1463 25 1265 48 1497 28 3514 28
1464 18 1266 41 1498 22 3515 26
1465 22 1267 27 1499 25 3516 20
1466 22 1268 35 1500 24 3517 24
1467 17 1269 30 1501 24 3518 15
1468 19 1270 36 1502 32 3519 16
1469 24 1271 23 1503 17 3520 19
1470 19 1272 35 1504 36 3521 14
1471 24 1273 29 1505 22 3522 18
1472 19 1274 26 1506 24 3523 15
1473 11 1275 24 1507 24 3524 28
1474 10 1276 30 1508 29 3525 13
1475 18 1277 42 1509 20 3526 15
1476 16 1278 28 1510 19 3527 19
1477 14 1279 27 1511 24 3528 21
1478 22 1280 35 1512 34 3529 23
1479 23 1281 24 1513 27 3530 17
1480 20 1282 20 1514 27 3531 12
1481 15 1283 17 1515 29 3532 19
1482 11 1284 23 1516 18 3533 16
1483 16 1285 30 1517 15 3534 10
1484 16 1286 30 1518 17 3535 14
1485 12 1287 29 1519 22 3536 12
1486 18 1288 23 1520 20 3537 20
1487 15 1289 23 1521 17 3538 10
1488 18 1290 22 1522 15 3539 13
1489 19 1291 21 1523 23 3540 19
1490 18 1292 36 1524 13 3541 15
1491 11 1293 26 1525 16 3542 14
1492 20 1294 18 1526 22 3543 18
1493 10 1295 18 1527 26 3544 23
1494 12 1296 26 1528 20 3545 20
1495 13 1297 18 1529 20 3546 12
1496 9 1298 24 1530 25 3547 18
1497 7 1299 18 1531 16 3548 19
1498 11 1300 25 1532 25 3549 12
1499 10 1301 23 1533 20 3550 16
1500 12 1302 28 1534 12 3551 6
1501 14 1303 30 1535 21 3552 17
1502 13 1304 16 1536 22 3553 15
1503 12 1305 14 1537 20 3554 10
1504 6 1306 25 1538 19 3555 22
1505 15 1307 15 1539 14 3556 17
1506 4 1308 26 1540 10 3557 12
1507 39 1309 62 1541 55 3558 29
1508 42 1310 66 1542 45 3559 38
1509 46 1311 68 1543 69 3560 30
1510 33 1312 54 1544 47 3561 33
1511 33 1313 59 1545 50 3562 33
1512 34 1314 48 1546 53 3563 21
1513 37 1315 56 1547 42 3564 26
1514 18 1316 57 1548 45 3565 25
1515 28 1317 52 1549 42 3566 27
1516 21 1318 41 1550 45 3567 28
1517 24 1319 45 1551 33 3568 23
1518 35 1320 48 1552 25 3569 28
1519 32 1321 52 1553 21 3570 39
1520 29 1322 42 1554 40 3571 20
1521 25 1323 44 1555 33 3572 23
1522 22 1324 43 1556 35 3573 31
1523 15 1325 41 1557 26 3574 15
1524 17 1326 40 1558 26 3575 19
1525 22 1327 32 1559 32 3576 26
1526 24 1328 44 1560 33 3577 25
1527 23 1329 39 1561 31 3578 13
1528 14 1330 41 1562 23 3579 22
1529 20 1331 43 1563 32 3580 23
1530 13 1332 30 1564 28 3581 16
1531 20 1333 25 1565 30 3582 19
1532 12 1334 29 1566 25 3583 17
1533 19 1335 36 1567 19 3584 17
1534 13 1336 18 1568 30 3585 14
1535 15 1337 32 1569 24 3586 16
1536 13 1338 23 1570 27 3587 23
1537 19 1339 32 1571 17 3588 15
1538 16 1340 19 1572 19 3589 21
1539 18 1341 32 1573 16 3590 19
1540 13 1342 19 1574 18 3591 13
1541 11 1343 31 1575 21 3592 10
1542 17 1344 29 1576 26 3593 6
1543 15 1345 20 1577 19 3594 15
1544 12 1346 30 1578 19 3595 10
1545 9 1347 23 1579 20 3596 12
1546 12 1348 21 1580 14 3597 9
1547 5 1349 21 1581 18 3598 17
1548 11 1350 18 1582 20 3599 9
1549 11 1351 15 1583 20 3600 4
1550 5 1352 18 1584 17 3601 16
1551 12 1353 24 1585 20 3602 6
1552 14 1354 20 1586 15 3603 13
1553 9 1355 19 1587 19 3604 14
1554 16 1356 17 1588 16 3605 11
1555 7 1357 19 1589 20 3606 11
1556 6 1358 18 1590 16 3607 5
1557 5 1359 14 1591 13 3608 8
1558 8 1360 13 1592 16 3609 19
1559 15 1361 18 1593 11 3610 9
1560 8 1362 13 1594 12 3611 8
1561 6 1363 10 1595 20 3612 8
1562 12 1364 8 1596 8 3613 8
1563 5 1365 14 1597 10 3614 12
1564 5 1366 12 1598 7 3615 4
1565 8 1367 12 1599 7 3616 9
1566 6 1368 16 1600 7 3617 4
1567 8 1369 9 1601 12 3618 10
1568 6 1370 12 1602 9 3619 3
1569 11 1371 17 1603 8 3620 6
1570 10 1372 9 1604 8 3621 5
1571 6 1373 7 1605 2 3622 8
1572 6 1374 11 1606 9 3623 3
1573 6 1375 17 1607 10 3624 5
1574 7 1376 10 1608 13 3625 5
1575 6 1377 12 1609 7 3626 5
1576 7 1378 16 1610 8 3627 10
1577 3 1379 11 1611 13 3628 7
1578 5 1380 13 1612 10 3629 6
1579 6 1381 11 1613 12 3630 8
1580 3 1382 11 1614 5 3631 7
1581 6 1383 13 1615 5 3632 8
1582 8 1384 8 1616 6 3633 11
1583 3 1385 14 1617 6 3634 5
1584 9 1386 8 1618 4 3635 10
1585 9 1387 8 1619 8 3636 3
1586 4 1388 7 1620 7 3637 10
1587 2 1389 8 1621 4 3638 7
1588 8 1390 13 1622 6 3639 5
1589 2 1391 3 1623 3 3640 2
1590 5 1392 6 1624 9 3641 5
1591 6 1393 11 1625 2 3642 6
1592 6 1394 9 1626 5 3643 4
1593 2 1395 7 1627 9 3644 8
1594 4 1396 7 1628 4 3645 6
1595 4 1397 9 1629 11 3646 6
1596 2 1398 8 1630 4 3647 4
1597 7 1399 8 1631 4 3648 3
1598 4 1400 7 1632 6 3649 4
1599 3 1401 4 1633 13 3650 6
1600 4 1402 11 1634 5 3651 3
1601 2 1403 5 1635 6 3652 2
1602 4 1404 4 1636 4 3653 4
1603 5 1405 6 1637 3 3654 6
1604 6 1406 9 1638 4 3655 3
1605 7 1407 9 1639 6 3656 5
1606 3 1408 6 1640 6 3657 5
1607 4 1409 4 1641 3 3658 0
1608 2 1410 8 1642 5 3659 7
1609 8 1411 6 1643 9 3660 4
1610 5 1412 6 1644 5 3661 2
1611 1 1413 8 1645 2 3662 4
1612 1 1414 7 1646 3 3663 6
1613 4 1415 3 1647 7 3664 6
1614 5 1416 8 1648 3 3665 3
1615 5 1417 3 1649 5 3666 4
1616 3 1418 3 1650 3 3667 3
1617 4 1419 5 1651 3 3668 2
1618 4 1420 6 1652 3 3669 2
1619 4 1421 4 1653 5 3670 6
1620 4 1422 5 1654 1 3671 3
1621 1 1423 8 1655 5 3672 3
1622 1 1424 2 1656 3 3673 5
1623 2 1425 3 1657 5 3674 3
1624 2 1426 10 1658 2 3675 3
1625 1 1427 4 1659 3 3676 3
1626 1 1428 2 1660 1 3677 3
1627 0 1429 5 1661 5 3678 4
1628 3 1430 4 1662 8 3679 4
1629 3 1431 4 1663 5 3680 3
1630 5 1432 7 1664 2 3681 2
1631 2 1433 4 1665 4 3682 1
1632 1 1434 2 1666 3 3683 3
1633 4 1435 4 1667 4 3684 2
1634 2 1436 7 1668 3 3685 6
1635 4 1437 6 1669 4 3686 8
1636 2 1438 5 1670 2 3687 3
1637 0 1439 3 1671 5 3688 4
1638 1 1440 3 1672 5 3689 1
1639 2 1441 3 1673 4 3690 1
1640 3 1442 6 1674 3 3691 2
1641 4 1443 7 1675 3 3692 2
1642 3 1444 2 1676 1 3693 4
1643 3 1445 3 1677 3 3694 0
1644 1 1446 5 1678 1 3695 2
1645 2 1447 2 1679 1 3696 3
1646 0 1448 5 1680 2 3697 1
1647 1 1449 2 1681 7 3698 3
1648 0 1450 2 1682 2 3699 4
1649 3 1451 2 1683 2 3700 1
1650 1 1452 3 1684 0 3701 6
1651 1 1453 1 1685 2 3702 1
1652 1 1454 4 1686 4 3703 1
1653 2 1455 4 1687 3 3704 3
1654 4 1456 2 1688 2 3705 4
1655 3 1457 1 1689 5 3706 1
1656 2 1458 6 1690 0 3707 3
1657 3 1459 2 1691 4 3708 4
1658 0 1460 2 1692 2 3709 2
1659 1 1461 1 1693 1 3710 0
1660 0 1462 2 1694 1 3711 0
1661 2 1463 5 1695 3 3712 0
1662 1 1464 3 1696 5 3713 0
1663 0 1465 1 1697 2 3714 4
1664 4 1466 2 1698 3 3715 1
1665 3 1467 5 1699 4 3716 2
1666 0 1468 6 1700 4 3717 1
1667 2 1469 0 1701 4 3718 1
1668 0 1470 3 1702 1 3719 0
1669 2 1471 5 1703 0 3720 1
1670 4 1472 2 1704 2 3721 2
1671 1 1473 2 1705 1 3722 1
1672 1 1474 4 1706 0 3723 0
1673 0 1475 1 1707 2 3724 2
1674 3 1476 2 1708 3 3725 0
1675 0 1477 3 1709 3 3726 1
1676 1 1478 1 1710 1 3727 2
1677 2 1479 3 1711 1 3728 0
1678 2 1480 4 1712 0 3729 2
1679 2 1481 2 1713 3 3730 0
1680 0 1482 5 1714 0 3731 1
1681 2 1483 1 1715 0 3732 0
1682 0 1484 1 1716 1 3733 1
1683 2 1485 3 1717 2 3734 2
1684 0 1486 3 1718 2 3735 0
1685 0 1487 1 1719 1 3736 2
1686 1 1488 1 1720 5 3737 2
1687 1 1489 3 1721 1 3738 5
1688 2 1490 1 1722 2 3739 1
1689 1 1491 0 1723 0 3740 1
1690 1 1492 1 1724 0 3741 1
1691 3 1493 1 1725 1 3742 3
1692 4 1494 0 1726 2 3743 3
1693 3 1495 3 1727 1 3744 0
1694 3 1496 2 1728 2 3745 1
1695 2 1497 1 1729 1 3746 2
1696 2 1498 2 1730 2 3747 2
1697 0 1499 2 1731 1 3748 3
1698 1 1500 2 1732 2 3749 0
1699 1 1501 2 1733 1 3750 1
1700 1 1502 3 1734 2 3751 3
1701 1 1503 1 1735 0 3752 1
1702 1 1504 0 1736 2 3753 0
1703 0 1505 2 1737 3 3754 1
1704 1 1506 1 1738 2 3755 1
1705 1 1507 1 1739 2 3756 0
1706 177 1508 271 1740 208 3757 1
