55 0 45 0 57 0
56 0 46 0 58 0
57 0 47 0 59 0
58 0 48 0 60 14
59 1573 49 842 61 1223
60 2165 50 1319 62 1682
61 2822 51 1652 63 2274
62 3295 52 2036 64 2667
63 3483 53 2437 65 3056
64 3623 54 2674 66 3141
65 3622 55 2989 67 3226
66 3443 56 2957 68 3196
67 3435 57 2864 69 3203
68 3191 58 2764 70 3184
69 3296 59 2860 71 3004
70 3356 60 2764 72 3098
71 3123 61 2792 73 2941
72 2860 62 2743 74 2730
73 2832 63 2576 75 2797
74 2810 64 2598 76 2769
75 2751 65 2583 77 2605
76 2659 66 2582 78 2146
77 2794 67 2507 79 2713
78 2274 68 2533 80 2699
79 2869 69 2484 81 2648
80 2939 70 2679 82 2699
81 3164 71 2426 83 2805
82 2981 72 2627 84 2814
83 3077 73 2559 85 2864
84 2932 74 2561 86 2835
85 3107 75 2643 87 2775
86 3059 76 2582 88 2793
87 3051 77 2173 89 2978
88 3015 78 2325 90 2768
89 3109 79 2541 91 2747
90 2970 80 2697 92 2813
91 2823 81 2552 93 2745
92 2729 82 2566 94 2709
93 2739 83 2550 95 2790
94 2605 84 2378 96 2580
95 2613 85 2487 97 2541
96 2471 86 2477 98 2545
97 2350 87 2404 99 2553
98 2292 88 2453 100 2338
99 2180 89 2285 101 2374
100 2084 90 2186 102 2208
101 2068 91 2158 103 2230
102 2124 92 2118 104 2230
103 1896 93 2067 105 2090
104 1842 94 1995 106 1912
105 1835 95 1901 107 1896
106 1685 96 1941 108 1790
107 1589 97 1922 109 1712
108 1481 98 1757 110 1722
109 1386 99 1753 111 1665
110 1356 100 1692 112 1564
111 1241 101 1585 113 1475
112 1265 102 1671 114 1479
113 1162 103 1554 115 1384
114 1097 104 1546 116 1131
115 819 105 1487 117 1154
116 1006 106 1415 118 1183
117 1020 107 1302 119 1124
118 958 108 1113 120 1112
119 866 109 1146 121 1089
120 881 110 1144 122 996
121 947 111 1164 123 959
122 732 112 1087 124 913
123 712 113 1058 125 891
124 691 114 954 126 819
125 707 115 976 127 833
126 653 116 922 128 820
127 627 117 940 129 697
128 594 118 891 130 694
129 542 119 888 131 701
130 560 120 839 132 602
131 520 121 774 133 630
132 487 122 664 134 565
133 458 123 722 135 567
134 479 124 700 136 544
135 433 125 675 137 484
136 416 126 618 138 500
137 377 127 607 139 466
138 384 128 571 140 456
139 340 129 543 141 436
140 332 130 508 142 349
141 334 131 500 143 392
142 247 132 490 144 375
143 310 133 466 145 366
144 288 134 502 146 391
145 317 135 422 147 335
146 287 136 410 148 305
147 264 137 371 149 327
148 255 138 383 150 294
149 254 139 356 151 256
150 235 140 360 152 287
151 239 141 301 153 286
152 234 142 341 154 265
153 236 143 325 155 272
154 206 144 291 156 243
155 572 145 935 157 675
156 509 146 831 158 586
157 501 147 769 159 502
158 446 148 631 160 503
159 372 149 647 161 432
160 343 150 531 162 369
161 299 151 533 163 362
162 273 152 464 164 322
163 211 153 395 165 290
164 227 154 366 166 273
165 206 155 346 167 251
166 179 156 324 168 241
167 206 157 280 169 218
168 182 158 230 170 172
169 133 159 237 171 179
170 137 160 221 172 174
171 130 161 206 173 138
172 108 162 231 174 152
173 104 163 174 175 116
174 85 164 160 176 127
175 91 165 150 177 96
176 82 166 147 178 119
177 88 167 132 179 100
178 81 168 141 180 121
179 73 169 124 181 92
180 65 170 104 182 81
181 76 171 103 183 88
182 74 172 95 184 70
183 63 173 98 185 83
184 44 174 76 186 59
185 53 175 60 187 58
186 52 176 61 188 67
187 42 177 53 189 65
188 51 178 64 190 51
189 43 179 64 191 56
190 42 180 62 192 43
191 31 181 41 193 45
192 36 182 51 194 43
193 30 183 52 195 44
194 25 184 37 196 50
195 26 185 42 197 31
196 30 186 35 198 43
197 32 187 49 199 22
198 23 188 38 200 34
199 22 189 49 201 29
200 33 190 42 202 31
201 25 191 31 203 26
202 22 192 26 204 26
203 16 193 26 205 14
204 529 194 806 206 646
