0 1270681 1044270 1309505
25 1271812 1044823 1310293
50 1535322 1172875 1405802
75 1957183 1834102 2066582
100 1749517 1669825 1913872
125 1576116 1457880 1703015
150 1465065 1311652 1563158
175 1392371 1213449 1467977
200 1344735 1151751 1410104
225 1315280 1110181 1367416
250 1299320 1084828 1345720
275 1288272 1068348 1331203
300 1281825 1059653 1323824
325 1278512 1054709 1317766
350 1276824 1050632 1314291
375 1275665 1048022 1312769
400 1275188 1047196 1311958
425 1273737 1046433 1311372
450 1273277 1046163 1311581
475 1272483 1046137 1311219
