  0  55 45 56  44 49 54
  1  55 45 57  44 50 53
  2  55 45 57  45 50 54
  3  55 45 57  44 51 54
  4  55 45 57  45 50 54
  5  55 45 57  45 50 53
  6  55 45 57  45 50 54
  7  55 44 57  44 50 53
  8  55 45 57  44 49 54
  9  55 45 57  44 50 54
 10  56 45 57  45 50 54
 11  55 45 57  44 50 53
 12  55 45 56  45 50 54
 13  55 45 57  44 50 53
 14  56 45 57  45 49 54
 15  55 45 57  45 50 54
 16  54 45 57  45 50 53
 17  55 45 57  44 50 53
 18  55 45 57  44 50 54
 19  55 45 57  44 50 53
 20  55 45 57  45 50 54
 21  55 45 56  44 49 53
 22  55 45 57  45 50 54
 23  55 45 57  45 50 54
 24  56 45 56  45 50 53
 25  55 45 57  45 49 53
 26  55 46 57  45 50 53
 27  56 45 57  44 49 53
 28  56 45 57  44 49 54
 29  55 45 57  45 50 54
 30  55 45 57  45 50 53
 31  55 45 57  45 50 54
 32  55 45 56  44 50 54
 33  54 45 57  44 50 54
 34  55 45 56  44 50 54
 35  55 45 56  44 50 54
 36  55 45 56  45 50 53
 37  56 45 57  45 50 54
 38  55 45 57  44 50 54
 39  56 46 57  45 50 54
 40  55 45 57  44 50 54
 41  55 45 57  44 50 54
 42  56 45 56  44 50 53
 43  54 46 57  45 50 54
 44  55 45 56  44 49 55
 45  54 46 57  45 50 54
 46  55 45 57  44 50 54
 47  55 45 56  45 50 53
 48  54 45 57  44 50 54
 49  55 45 57  44 50 53
 50  55 45 57  45 49 54
 51  55 44 57  43 49 54
 52  55 45 56  44 50 54
 53  56 45 57  45 49 54
 54  55 45 56  44 49 53
 55  55 46 56  44 50 53
 56  56 45 57  45 49 54
 57  55 44 56  44 50 54
 58  56 45 57  44 49 54
 59  54 45 57  44 50 54
 60  55 45 57  44 50 53
 61  55 45 57  45 49 54
 62  55 44 57  45 50 54
 63  55 45 56  45 50 54
 64  54 45 57  44 50 54
 65  55 45 57  44 50 54
 66  55 45 57  44 50 53
 67  55 45 56  44 49 54
 68  55 45 57  44 50 54
 69  55 45 56  44 50 54
 70  55 45 57  44 50 53
 71  56 45 57  45 50 54
 72  55 45 57  45 50 53
 73  56 45 57  44 50 54
 74  56 45 57  44 49 54
 75  55 45 57  44 50 54
 76  55 45 57  44 50 53
 77  55 46 57  44 49 54
 78  55 45 57  45 50 54
 79  54 45 57  45 50 54
 80  55 45 57  44 49 53
 81  55 45 56  45 50 54
 82  55 45 57  45 50 53
 83  56 45 57  45 50 53
 84  55 44 56  44 50 54
 85  55 45 57  44 50 54
 86  56 45 57  44 49 54
 87  55 45 56  44 49 54
 88  55 45 57  45 50 53
 89  55 46 57  45 51 54
 90  56 45 56  44 50 53
 91  55 45 56  45 50 54
 92  54 46 57  45 50 54
 93  55 46 56  45 50 54
 94  55 45 57  44 49 53
 95  55 45 56  44 50 53
 96  55 46 56  44 50 53
 97  55 45 57  45 50 53
 98  55 45 57  45 50 54
 99  55 45 57  45 50 54
100  55 45 56  44 50 54
101  55 45 57  45 50 54
102  55 45 56  45 50 54
103  56 46 56  44 50 54
104  55 45 57  45 50 54
105  56 46 57  44 49 54
106  55 45 56  44 50 54
107  55 46 57  44 50 53
108  55 45 57  45 50 54
109  54 45 57  44 50 54
110  55 45 57  45 50 53
111  54 45 57  44 50 54
112  55 44 57  45 50 54
113  56 45 57  44 50 54
114  55 45 57  44 50 54
115  55 45 57  44 50 54
116  55 45 57  44 50 53
117  55 45 57  44 50 53
118  56 46 57  44 50 54
119  54 45 57  44 51 54
120  55 45 57  44 50 53
121  56 45 57  44 50 54
122  56 45 56  45 50 54
123  55 45 57  44 50 53
124  54 45 57  45 50 54
125  55 45 57  45 50 54
126  55 45 56  44 50 54
127  54 46 58  45 50 54
128  56 45 57  45 50 54
129  55 46 57  44 50 53
130  56 45 57  44 50 54
131  55 46 57  44 50 53
132  55 45 57  44 50 53
133  54 45 56  45 50 54
134  55 45 57  45 50 54
135  56 45 57  44 50 54
136  55 45 57  44 50 54
137  55 46 56  45 50 53
138  56 45 57  45 50 54
139  55 45 57  45 50 53
140  55 45 57  44 50 54
141  54 46 57  44 50 53
142  55 45 57  45 50 53
143  55 45 56  44 50 54
144  55 45 57  45 50 54
145  56 45 57  44 50 54
146  55 45 56  44 49 54
147  55 45 57  44 50 54
148  55 44 57  44 50 54
149  55 45 56  44 50 54
150  55 45 56  44 50 54
151  54 46 56  44 50 54
152  55 46 56  45 50 54
153  55 45 57  44 50 54
154  55 46 57  44 50 54
155  56 45 56  45 50 54
156  55 45 56  44 50 54
157  55 45 57  45 51 54
158  55 45 56  44 50 54
159  56 45 56  44 50 54
160  55 45 57  45 50 54
161  54 45 57  45 50 54
162  55 46 56  44 50 54
163  55 45 57  45 50 54
164  55 45 56  44 49 54
165  54 45 57  45 50 54
166  55 46 57  44 50 54
167  55 45 57  44 50 53
168  55 46 56  44 50 54
169  55 46 57  44 50 54
170  56 46 56  45 50 54
171  55 45 57  45 50 54
172  55 45 57  44 50 55
173  55 45 57  44 50 54
174  56 45 57  45 50 54
175  56 45 57  44 50 54
176  54 45 57  45 50 54
177  55 46 57  45 50 54
178  55 45 57  44 50 54
179  55 45 56  44 50 53
180  55 45 57  45 51 54
181  55 46 56  44 50 54
182  56 46 57  45 50 54
183  55 45 57  44 50 54
184  55 45 57  44 50 54
185  56 45 57  45 50 54
186  55 46 56  44 49 53
187  56 45 56  44 50 54
188  55 46 57  45 50 54
189  55 45 57  44 50 54
190  55 45 57  45 50 53
191  55 45 57  44 50 54
192  55 45 57  44 50 54
193  55 45 57  44 50 53
194  55 46 57  44 50 53
195  55 45 57  44 49 53
196  56 45 57  44 50 54
197  56 45 57  44 50 54
198  55 46 57  45 50 54
199  55 45 56  44 50 53
200  55 45 57  45 50 54
201  55 45 57  44 50 54
202  54 45 57  45 50 54
203  55 45 57  45 50 54
204  55 45 57  45 50 54
205  55 45 56  44 50 54
206  55 45 57  44 50 54
207  55 45 57  44 50 54
208  55 45 57  45 50 54
209  55 45 57  44 50 54
210  56 46 57  45 50 54
211  55 45 56  45 50 54
212  55 45 56  44 50 54
213  55 46 57  45 50 54
214  55 46 56  45 50 53
215  55 45 57  44 50 54
216  54 45 56  45 50 54
217  55 45 57  44 50 54
218  55 45 57  44 50 54
219  54 45 56  44 50 53
220  55 45 56  45 49 54
221  55 45 57  44 50 54
222  55 46 56  44 50 54
223  56 46 57  45 50 54
224  55 45 57  45 51 54
225  55 46 56  44 50 54
226  55 45 56  44 50 54
227  56 45 57  44 49 54
228  55 45 56  45 50 54
229  55 45 57  45 50 54
230  55 45 57  44 50 54
231  55 45 57  44 49 54
232  55 45 57  44 49 53
233  54 45 57  45 50 54
234  55 45 57  44 50 53
235  56 45 57  44 50 54
236  55 46 57  44 50 54
237  55 45 57  45 49 54
238  55 45 57  45 50 54
239  56 45 57  44 49 54
240  55 45 56  44 49 53
241  60 46 57  47 50 54
242  1023 974 708  87 104 110
243  1023 1023 1023  83 94 100
244  1023 1023 1023  67 79 83
245  743 952 982  60 64 71
246  456 545 530  54 61 63
247  288 357 368  50 58 61
248  210 220 192  48 54 56
249  165 134 149  46 51 55
250  103 125 123  45 51 55
251  78 108 83  45 51 54
252  65 86 92  45 51 55
253  64 70 73  45 50 55
254  63 57 77  45 50 54
255  61 56 61  45 49 53
256  64 58 59  45 50 54
257  60 52 61  45 51 54
258  58 56 59  45 50 54
259  55 54 57  44 51 54
260  56 46 64  44 50 53
261  56 47 58  44 50 54
262  54 52 58  45 50 53
263  55 45 61  45 50 53
264  55 45 58  45 50 54
265  55 45 69  45 50 54
266  54 45 58  45 49 53
267  55 46 57  45 50 53
268  54 44 57  44 50 53
269  54 45 56  45 50 54
270  55 44 56  45 50 54
271  54 44 56  44 50 54
272  54 45 56  45 50 54
273  55 45 56  44 49 53
274  54 44 57  45 50 54
275  55 45 55  44 49 53
276  55 45 56  44 50 54
277  54 44 56  44 50 53
278  55 44 57  44 50 53
279  54 44 56  45 49 54
280  54 44 56  45 49 54
281  55 44 56  45 49 54
282  54 43 55  44 49 54
283  54 44 56  45 50 54
284  54 45 56  44 50 54
285  54 44 55  44 49 54
286  54 45 56  44 50 53
287  54 45 56  45 50 54
288  54 44 56  44 50 54
289  54 44 55  44 50 54
290  54 44 55  44 50 54
291  54 44 55  45 50 54
292  54 52 56  45 50 54
293  54 49 55  44 50 54
294  54 44 55  44 49 54
295  54 44 56  45 50 54
296  54 45 56  45 50 54
297  54 44 55  45 50 54
298  55 44 55  45 50 54
299  55 44 56  44 50 54
300  55 44 55  44 50 54
301  54 44 55  44 50 54
302  54 45 56  44 50 54
303  59 44 56  45 50 54
304  55 44 56  45 50 54
305  54 44 55  45 50 54
306  55 44 56  45 50 53
307  55 44 56  45 50 54
308  55 44 55  44 50 54
309  54 45 57  45 50 54
310  54 45 56  44 50 54
311  54 44 56  45 50 54
312  54 44 55  44 50 54
313  54 44 56  44 50 53
314  55 45 55  44 50 54
315  53 44 56  44 49 53
316  54 44 55  44 50 54
317  54 44 56  44 50 54
318  54 44 56  44 50 54
319  54 44 56  45 50 54
320  55 44 62  45 49 54
321  65 43 56  45 50 53
322  55 44 56  45 50 53
323  55 44 55  44 50 54
324  54 53 56  44 50 54
325  54 44 56  44 50 54
326  54 44 56  45 50 54
327  53 45 55  45 50 53
328  54 43 56  44 50 54
329  55 44 56  44 50 53
330  54 44 55  44 49 54
331  55 44 56  45 50 54
332  54 44 55  45 50 54
333  54 44 55  45 50 53
334  55 44 55  44 50 53
335  54 44 56  45 50 54
336  54 44 56  45 50 54
337  54 44 55  44 50 54
338  54 45 55  45 50 55
339  72 65 59  45 50 55
340  57 46 59  44 50 54
341  54 44 55  44 50 54
342  55 44 56  44 50 54
343  55 44 56  44 50 53
344  55 44 56  45 51 54
345  53 44 56  45 50 54
346  54 43 56  45 50 53
347  54 44 56  44 51 54
348  56 43 55  44 50 54
349  54 45 56  44 50 54
350  55 45 55  44 50 53
351  54 44 56  44 49 53
352  54 44 56  44 50 54
353  55 44 56  44 50 53
354  53 44 55  44 50 53
355  54 44 56  44 50 54
356  54 45 56  44 50 54
357  54 44 55  45 50 53
358  54 44 55  44 49 54
359  54 44 56  44 49 54
360  53 44 56  45 50 54
361  54 44 55  44 50 54
362  54 44 56  44 50 54
363  54 44 56  44 50 53
364  54 44 55  44 49 54
365  54 44 55  45 50 54
366  54 44 56  44 50 54
367  54 44 56  44 50 54
368  54 44 55  44 50 54
369  55 44 56  44 50 54
370  55 44 55  44 49 53
371  55 44 55  44 50 54
372  54 44 55  44 50 54
373  55 44 56  45 50 53
374  55 44 55  45 50 54
375  54 44 55  45 50 54
376  54 43 55  44 50 53
377  54 44 56  44 50 54
378  54 44 56  44 50 54
379  54 44 56  44 50 54
380  54 44 56  45 50 54
381  54 44 56  44 50 54
382  54 45 55  44 50 54
383  54 44 56  44 50 54
384  54 44 56  44 49 53
385  54 45 55  44 50 53
386  55 44 55  44 50 53
387  54 43 55  44 50 53
388  54 44 55  45 51 54
389  55 44 55  45 50 54
390  70 44 56  45 50 53
391  55 44 56  45 50 53
392  54 43 56  45 50 54
393  55 44 55  45 50 54
394  55 43 56  45 50 53
395  54 45 56  44 49 54
396  54 45 55  44 50 53
397  65 46 110  45 50 56
398  101 78 88  46 51 55
399  83 65 74  45 51 54
400  76 59 76  45 51 54
401  77 65 70  45 50 54
402  56 52 60  45 50 54
403  54 51 56  44 50 53
404  58 45 55  44 50 54
405  55 44 56  44 50 53
406  54 46 56  45 50 54
407  58 43 56  44 49 54
408  54 44 56  45 50 54
409  54 44 56  44 50 54
410  55 45 56  45 50 54
411  54 45 55  44 50 53
412  54 45 56  44 50 53
413  54 44 56  45 49 54
414  54 43 56  44 49 54
415  54 45 56  44 50 54
416  54 44 55  45 50 54
417  54 43 55  44 50 53
418  54 44 56  45 50 53
419  54 43 56  45 49 53
420  54 43 56  44 50 54
421  54 44 56  45 50 53
422  54 44 55  45 50 54
423  54 44 56  44 50 53
424  54 44 55  44 50 53
425  55 44 56  44 50 53
426  55 45 55  44 50 53
427  54 43 55  44 50 53
428  54 44 56  44 50 54
429  54 44 55  44 50 54
430  54 44 55  45 50 54
431  54 44 55  45 50 54
432  54 44 55  44 50 54
433  54 44 56  45 50 53
434  55 43 55  44 50 54
435  55 44 55  45 50 54
436  54 44 55  44 50 54
437  54 44 56  44 50 54
438  54 44 56  44 50 54
439  55 44 55  45 50 54
440  54 44 56  44 49 54
441  54 44 55  45 49 54
442  55 44 56  44 50 54
443  55 44 56  45 50 54
444  55 44 56  45 50 54
445  54 44 55  45 50 54
446  54 43 55  45 50 54
447  54 43 56  44 50 53
448  54 44 55  44 50 54
449  55 43 56  45 50 54
450  54 43 56  44 50 53
451  54 44 55  44 50 53
452  54 44 55  44 50 54
453  54 43 55  44 50 53
454  54 44 56  45 50 53
455  54 44 56  45 50 54
456  54 44 56  45 50 53
457  54 43 56  44 50 54
458  55 45 56  45 49 54
459  55 44 56  44 50 54
460  55 43 55  44 50 54
461  55 44 55  44 50 53
462  54 44 56  44 50 53
463  54 44 56  44 50 53
464  54 44 56  44 50 54
465  54 44 56  44 50 54
466  54 44 56  45 50 53
467  54 44 55  45 50 53
468  55 44 56  45 50 54
469  54 43 56  44 50 53
470  55 44 56  45 50 54
471  55 44 56  44 50 54
472  54 45 56  44 50 53
473  55 43 55  44 50 54
474  54 44 56  44 50 54
475  54 44 56  44 50 54
476  55 43 56  45 50 53
477  58 44 56  44 50 54
478  54 44 56  45 50 53
479  55 44 55  45 50 53
480  55 44 56  45 50 54
481  54 43 55  44 49 53
482  55 45 56  45 50 53
483  54 45 56  45 50 53
484  54 44 56  44 50 53
485  54 44 56  44 50 54
486  55 44 56  45 50 54
487  54 43 56  44 49 53
488  54 44 55  44 50 54
489  54 44 56  44 50 53
490  55 44 56  44 50 54
491  55 44 56  44 50 54
492  54 44 56  44 50 54
493  54 45 56  45 50 54
494  54 44 56  45 50 54
495  54 44 55  44 50 54
496  54 44 56  44 50 54
497  54 44 56  44 50 54
498  55 45 56  45 50 54
499  54 43 56  45 50 54
500  54 44 56  45 50 54
501  54 43 56  45 49 54
502  54 45 55  45 50 54
503  54 44 56  44 50 53
504  54 44 56  45 50 54
505  54 44 56  45 50 54
506  54 44 56  45 51 54
507  55 43 56  44 50 54
508  54 44 56  44 50 53
509  55 44 55  44 50 53
510  54 44 56  45 50 54
511  54 44 56  45 50 54
512  54 44 56  45 50 54
513  54 43 56  44 49 54
514  54 44 56  44 50 53
515  54 44 56  44 50 54
516  54 45 55  44 50 54
517  54 43 55  44 50 53
518  54 44 55  45 50 54
519  55 43 56  44 49 54
520  54 44 55  44 50 53
521  54 43 55  44 50 54
522  54 44 55  44 50 54
523  54 45 56  45 50 54
524  54 43 56  45 50 54
525  54 44 55  44 50 53
526  54 44 56  44 50 53
527  55 46 56  44 50 53
528  54 45 56  44 50 54
529  54 44 56  45 50 54
530  54 44 57  44 49 54
531  54 44 56  44 49 53
532  55 44 55  44 50 54
533  54 44 56  44 49 54
534  54 45 56  45 49 54
535  54 44 56  45 50 54
536  54 44 55  44 49 54
537  54 44 56  45 50 53
538  54 44 56  45 50 53
539  55 45 56  45 50 54
540  54 44 56  45 49 53
541  54 44 56  45 50 53
542  55 44 56  44 49 54
543  54 72 55  45 50 53
544  55 45 56  45 50 53
545  54 45 56  44 50 53
546  54 44 56  44 50 53
547  54 44 55  44 49 54
548  54 44 56  44 50 54
549  54 44 56  44 50 54
550  54 43 55  44 50 54
551  55 44 55  44 50 54
552  55 43 56  45 50 53
553  55 44 55  44 50 53
554  54 44 55  45 50 54
555  55 44 56  45 50 54
556  55 44 56  45 50 53
557  54 44 56  44 50 54
558  54 44 55  45 50 54
559  54 44 56  44 50 54
560  55 44 56  45 50 54
561  54 43 55  44 50 54
562  54 44 56  44 50 54
563  54 44 55  44 49 54
564  55 44 55  44 50 54
565  55 44 55  44 49 54
566  54 44 56  44 50 53
567  54 44 56  45 50 54
568  54 43 56  45 50 54
569  54 44 56  44 50 54
570  54 44 56  44 50 54
571  54 43 56  45 49 54
572  54 45 56  45 50 54
573  54 44 56  45 49 54
574  54 44 55  45 50 53
575  54 44 56  44 50 53
576  54 43 56  44 49 54
577  54 44 56  44 49 54
578  54 44 56  44 50 54
579  54 43 56  44 49 54
580  53 44 55  45 49 53
581  54 44 55  44 50 54
582  55 44 56  45 49 53
583  54 43 55  45 50 54
584  54 44 56  45 50 54
585  55 44 56  45 50 54
586  54 44 55  44 50 54
587  54 44 56  44 50 53
588  54 45 55  45 49 53
589  54 45 56  44 50 54
590  54 44 55  44 50 54
591  54 45 56  45 50 54
592  54 45 55  44 50 54
593  54 44 55  44 50 54
594  55 44 56  45 50 54
595  54 44 55  44 50 54
596  55 43 56  45 49 54
597  54 44 56  45 50 54
598  55 44 56  45 50 54
599  54 43 55  45 50 54
600  55 45 55  44 50 54
601  54 45 56  45 50 54
602  55 44 55  44 49 54
603  55 44 56  45 50 54
604  54 45 55  45 50 54
605  54 44 56  45 50 54
606  54 44 55  45 50 54
607  54 44 56  45 50 54
608  54 43 56  44 50 54
609  55 44 56  44 50 54
610  55 44 55  45 50 53
611  55 44 55  44 49 54
612  54 75 55  45 50 54
613  54 49 55  44 49 53
614  55 46 56  44 50 54
615  54 45 56  45 50 54
616  54 43 55  44 49 53
617  55 44 55  44 50 54
618  54 44 56  44 50 54
619  55 43 56  44 50 53
620  54 44 55  45 50 54
621  54 45 56  45 50 54
622  54 44 55  45 50 53
623  54 44 56  45 50 54
624  54 44 55  45 50 54
625  54 44 56  44 50 53
626  54 44 56  44 50 53
627  54 44 55  45 50 54
628  54 44 56  45 50 54
629  55 44 55  44 50 53
630  54 43 56  45 50 54
631  54 44 56  44 50 53
632  54 44 56  44 50 53
633  54 44 56  44 50 54
634  55 44 56  44 50 54
635  54 44 56  43 50 53
636  54 44 56  45 50 54
637  54 44 56  44 50 54
638  55 44 56  45 50 54
639  54 44 56  44 50 54
640  54 44 56  45 50 54
641  55 43 56  45 50 54
642  55 44 56  45 50 54
643  54 44 56  44 50 54
644  55 45 56  45 49 54
645  54 45 56  45 50 54
646  54 43 56  44 49 54
647  54 45 56  45 50 54
648  55 44 56  44 50 54
649  54 44 56  44 50 54
650  54 44 56  45 50 54
651  54 44 55  45 50 55
652  54 44 55  44 49 54
653  55 43 55  45 50 54
654  54 44 56  44 50 54
655  54 45 56  45 50 54
656  54 44 56  44 49 54
657  54 44 55  44 50 54
658  54 44 55  44 49 53
659  55 44 56  45 49 53
660  54 44 55  44 50 54
661  55 44 56  44 50 54
662  54 44 55  45 50 53
663  54 46 55  45 50 54
664  54 45 56  45 49 53
665  54 44 55  45 50 54
666  54 45 55  44 49 54
667  54 43 55  45 50 54
668  54 45 55  45 50 54
669  54 44 56  44 50 54
670  54 44 55  45 50 53
671  54 44 55  45 50 54
672  55 44 55  44 50 54
673  54 44 56  44 50 54
674  54 44 56  45 50 54
675  54 44 55  45 50 54
676  54 44 55  45 49 54
677  54 44 56  45 50 53
678  54 44 56  44 50 54
679  53 44 55  45 50 53
680  54 44 56  45 50 54
681  54 44 55  45 50 54
682  54 43 55  44 49 54
683  54 44 55  45 50 54
684  54 44 56  45 49 54
685  54 45 56  44 49 53
686  54 44 55  45 50 53
687  55 44 55  44 50 54
688  55 44 55  45 50 54
689  55 44 55  45 50 54
690  54 43 55  44 50 54
691  54 43 56  44 49 53
692  54 44 55  44 50 54
693  54 44 56  44 50 54
694  54 44 56  44 50 54
695  54 43 56  44 49 54
696  54 44 56  45 50 54
697  54 44 56  44 49 54
698  55 44 55  44 50 54
699  54 45 55  44 50 54
700  55 45 56  44 50 54
701  54 43 56  44 50 53
702  54 44 56  45 49 53
703  54 44 56  45 50 54
704  54 44 56  45 50 54
705  54 44 56  44 50 54
706  54 44 56  45 50 54
707  54 43 56  44 50 53
708  54 44 56  45 50 54
709  54 44 56  45 50 53
710  54 44 56  44 50 54
711  55 44 56  44 50 54
712  54 44 55  44 49 53
713  55 44 56  45 50 54
714  54 44 56  45 50 53
715  54 44 55  44 49 53
716  55 44 56  44 49 53
717  54 43 56  45 50 54
718  54 44 56  44 50 54
719  55 44 56  44 49 53
720  54 45 56  44 50 54
721  54 44 55  44 50 53
722  54 45 55  44 50 54
723  54 44 56  45 49 53
724  54 44 56  45 50 54
725  55 44 55  45 50 54
726  55 44 56  44 50 53
727  55 44 55  44 50 54
728  55 44 56  45 50 54
729  54 44 56  45 50 54
730  54 44 56  45 50 53
731  54 44 56  45 50 54
732  54 44 55  45 50 54
733  55 45 55  44 49 53
734  54 44 55  45 49 54
735  54 44 56  44 50 54
736  55 45 56  45 50 53
737  54 44 55  45 50 54
738  55 44 56  44 50 55
739  54 44 56  44 50 53
740  54 44 56  45 50 53
741  55 44 55  44 50 54
742  54 45 56  45 50 54
743  54 43 55  45 50 54
744  55 44 56  45 50 54
745  54 44 56  44 49 53
746  54 44 55  45 50 54
747  54 44 55  44 49 53
748  54 44 55  44 50 54
749  54 44 55  45 50 54
750  54 44 56  45 50 54
751  54 44 56  44 49 54
752  54 43 56  44 50 54
753  54 45 56  44 49 53
754  54 45 55  45 50 53
755  54 44 56  44 50 53
756  54 44 55  44 50 54
757  54 44 56  44 50 54
758  54 44 55  45 49 54
759  54 44 56  45 49 53
760  54 44 56  45 50 54
761  54 44 56  45 50 54
762  55 44 56  44 50 53
763  54 44 55  44 50 53
764  54 45 55  45 50 53
765  55 44 55  44 50 53
766  54 45 56  45 50 53
767  54 44 56  45 50 54
