55 0 45 0 56 0
56 0 46 0 57 0
57 0 47 0 58 0
58 0 48 14 59 6
59 1138 49 1198 60 1086
60 1606 50 1530 61 1605
61 2097 51 2021 62 2133
62 2489 52 2452 63 2747
63 2819 53 2804 64 3022
64 2922 54 3104 65 3195
65 2863 55 3271 66 3210
66 3076 56 3118 67 3227
67 2966 57 3072 68 3262
68 2840 58 2905 69 3287
69 2789 59 3042 70 3071
70 2945 60 2899 71 2998
71 2639 61 2770 72 2928
72 2514 62 2829 73 2933
73 2411 63 2704 74 2708
74 2352 64 2738 75 2736
75 2278 65 2644 76 2697
76 2303 66 2572 77 2580
77 2227 67 2531 78 2213
78 1824 68 2527 79 2629
79 2380 69 2631 80 2645
80 2290 70 2694 81 2743
81 2380 71 2558 82 2722
82 2343 72 2511 83 2653
83 2430 73 2577 84 2743
84 2415 74 2527 85 2677
85 2514 75 2600 86 2810
86 2475 76 2585 87 2809
87 2497 77 2236 88 2804
88 2516 78 2296 89 3035
89 2728 79 2689 90 2684
90 2552 80 2481 91 2750
91 2501 81 2638 92 2668
92 2350 82 2585 93 2695
93 2437 83 2569 94 2630
94 2457 84 2471 95 2511
95 2387 85 2367 96 2559
96 2469 86 2431 97 2566
97 2406 87 2541 98 2534
98 2378 88 2336 99 2422
99 2314 89 2310 100 2367
100 2193 90 2130 101 2258
101 2131 91 2142 102 2221
102 2296 92 2124 103 2055
103 2180 93 1959 104 2150
104 2096 94 1937 105 2094
105 2117 95 1977 106 1891
106 2047 96 1853 107 1858
107 1941 97 1810 108 1877
108 1757 98 1712 109 1683
109 1692 99 1685 110 1586
110 1726 100 1567 111 1599
111 1701 101 1594 112 1506
112 1587 102 1673 113 1480
113 1525 103 1478 114 1351
114 1458 104 1383 115 1269
115 1200 105 1400 116 1078
116 1344 106 1315 117 1124
117 1332 107 1205 118 1164
118 1260 108 984 119 1213
119 1206 109 1050 120 1055
120 1215 110 1139 121 1086
121 1238 111 1014 122 968
122 1050 112 1016 123 915
123 1053 113 970 124 887
124 974 114 936 125 880
125 981 115 867 126 827
126 927 116 871 127 813
127 904 117 810 128 729
128 911 118 854 129 735
129 853 119 845 130 693
130 833 120 798 131 648
131 771 121 670 132 628
132 766 122 650 133 622
133 696 123 660 134 556
134 734 124 660 135 546
135 692 125 659 136 563
136 617 126 608 137 547
137 615 127 598 138 452
138 588 128 496 139 455
139 579 129 539 140 469
140 504 130 494 141 437
141 446 131 483 142 352
142 436 132 437 143 411
143 508 133 458 144 402
144 491 134 458 145 347
145 451 135 437 146 372
146 438 136 380 147 374
147 427 137 403 148 350
148 417 138 338 149 339
149 395 139 329 150 291
150 385 140 311 151 283
151 382 141 309 152 265
152 352 142 303 153 337
153 373 143 327 154 272
154 340 144 324 155 277
155 905 145 862 156 677
156 900 146 736 157 629
157 801 147 664 158 563
158 760 148 597 159 517
159 639 149 553 160 437
160 572 150 509 161 380
161 514 151 481 162 369
162 468 152 479 163 342
163 350 153 410 164 285
164 390 154 319 165 282
165 400 155 323 166 259
166 327 156 302 167 225
167 311 157 265 168 228
168 270 158 232 169 183
169 279 159 226 170 197
170 245 160 221 171 169
171 234 161 186 172 145
172 180 162 182 173 140
173 188 163 186 174 131
174 197 164 172 175 129
175 180 165 148 176 111
176 157 166 153 177 115
177 145 167 114 178 108
178 131 168 118 179 119
179 130 169 134 180 94
180 137 170 134 181 77
181 153 171 103 182 69
182 95 172 79 183 84
183 101 173 87 184 59
184 79 174 96 185 66
185 85 175 71 186 59
186 84 176 69 187 62
187 71 177 91 188 61
188 74 178 67 189 55
189 64 179 60 190 51
190 68 180 57 191 58
191 61 181 54 192 52
192 64 182 50 193 41
193 45 183 47 194 45
194 49 184 50 195 40
195 56 185 43 196 24
196 50 186 36 197 33
197 45 187 49 198 25
198 41 188 42 199 25
199 47 189 29 200 19
200 41 190 30 201 18
201 35 191 28 202 38
202 29 192 30 203 33
203 29 193 27 204 13
204 906 194 822 205 749
