0 1241460 1016275 1277616
25 1244933 1016360 1278006
50 1564478 1127639 1368294
75 2052643 1795312 2021279
100 1811074 1630063 1875372
125 1603380 1419120 1666578
150 1472864 1277253 1526728
175 1385184 1182041 1434679
200 1326414 1122331 1376638
225 1293762 1080840 1335865
250 1274662 1055629 1313767
275 1262027 1040132 1300748
300 1254010 1031171 1292595
325 1249214 1026613 1286928
350 1247226 1022953 1283383
375 1245755 1020372 1281647
400 1244962 1019386 1281361
425 1243634 1018689 1280633
450 1243585 1018325 1280384
475 1243194 1018104 1279996
