1102 3 902 5 1134 28 3139 0
1103 11 903 12 1135 32 3140 2
1104 37 904 39 1136 63 3141 5
1105 77 905 103 1137 97 3142 9
1106 144 906 141 1138 146 3143 20
1107 211 907 214 1139 207 3144 52
1108 318 908 278 1140 303 3145 79
1109 348 909 318 1141 380 3146 126
1110 440 910 444 1142 465 3147 177
1111 522 911 505 1143 578 3148 251
1112 582 912 512 1144 613 3149 325
1113 639 913 566 1145 729 3150 369
1114 720 914 656 1146 789 3151 507
1115 792 915 689 1147 831 3152 580
1116 857 916 855 1148 884 3153 683
1117 916 917 823 1149 927 3154 733
1118 903 918 862 1150 998 3155 789
1119 960 919 915 1151 1004 3156 868
1120 981 920 952 1152 1043 3157 967
1121 1056 921 968 1153 1141 3158 964
1122 957 922 990 1154 1149 3159 1069
1123 1079 923 1059 1155 1195 3160 1107
1124 1049 924 1038 1156 1130 3161 1165
1125 1049 925 1045 1157 1232 3162 1186
1126 1110 926 1065 1158 1194 3163 1167
1127 1112 927 1063 1159 1146 3164 1140
1128 1135 928 1100 1160 1106 3165 1234
1129 1110 929 1088 1161 1131 3166 1199
1130 1070 930 1056 1162 1149 3167 1205
1131 1051 931 1119 1163 1071 3168 1206
1132 1043 932 1050 1164 1069 3169 1173
1133 1022 933 1111 1165 1104 3170 1193
1134 1064 934 1100 1166 1120 3171 1144
1135 976 935 1087 1167 1027 3172 1155
1136 1039 936 1043 1168 1118 3173 1180
1137 1017 937 1042 1169 1059 3174 1097
1138 961 938 1011 1170 995 3175 1054
1139 910 939 1038 1171 1055 3176 1074
1140 985 940 1025 1172 1006 3177 1069
1141 912 941 969 1173 1004 3178 1057
1142 925 942 967 1174 994 3179 1041
1143 936 943 956 1175 941 3180 1026
1144 915 944 936 1176 935 3181 979
1145 921 945 927 1177 960 3182 998
1146 884 946 929 1178 868 3183 894
1147 828 947 950 1179 857 3184 961
1148 856 948 903 1180 933 3185 915
1149 835 949 921 1181 946 3186 918
1150 844 950 882 1182 890 3187 921
1151 823 951 790 1183 819 3188 908
1152 817 952 836 1184 835 3189 870
1153 813 953 786 1185 826 3190 843
1154 768 954 816 1186 882 3191 766
1155 751 955 798 1187 792 3192 787
1156 723 956 807 1188 812 3193 839
1157 809 957 767 1189 791 3194 781
1158 759 958 765 1190 801 3195 720
1159 751 959 809 1191 846 3196 733
1160 727 960 845 1192 814 3197 759
1161 811 961 762 1193 782 3198 769
1162 733 962 729 1194 851 3199 724
1163 738 963 771 1195 808 3200 706
1164 724 964 716 1196 777 3201 670
1165 724 965 768 1197 772 3202 720
1166 724 966 776 1198 761 3203 656
1167 700 967 787 1199 758 3204 642
1168 705 968 720 1200 783 3205 654
1169 736 969 767 1201 779 3206 651
1170 722 970 727 1202 788 3207 627
1171 675 971 789 1203 734 3208 649
1172 694 972 697 1204 776 3209 638
1173 689 973 772 1205 844 3210 625
1174 701 974 798 1206 754 3211 638
1175 701 975 783 1207 802 3212 600
1176 747 976 756 1208 785 3213 596
1177 698 977 753 1209 815 3214 619
1178 721 978 744 1210 831 3215 579
1179 741 979 802 1211 775 3216 615
1180 708 980 760 1212 818 3217 662
1181 753 981 763 1213 835 3218 583
1182 715 982 765 1214 803 3219 614
1183 717 983 720 1215 821 3220 579
1184 758 984 775 1216 869 3221 557
1185 717 985 809 1217 801 3222 600
1186 680 986 792 1218 867 3223 602
1187 760 987 818 1219 868 3224 613
1188 806 988 810 1220 890 3225 616
1189 749 989 799 1221 788 3226 610
1190 741 990 793 1222 911 3227 637
1191 807 991 808 1223 861 3228 597
1192 808 992 818 1224 886 3229 587
1193 793 993 823 1225 912 3230 614
1194 797 994 803 1226 966 3231 626
1195 846 995 807 1227 912 3232 653
1196 806 996 820 1228 927 3233 646
1197 831 997 899 1229 898 3234 688
1198 840 998 821 1230 952 3235 663
1199 845 999 809 1231 964 3236 704
1200 877 1000 849 1232 925 3237 700
1201 848 1001 861 1233 990 3238 740
1202 820 1002 849 1234 952 3239 705
1203 844 1003 889 1235 941 3240 679
1204 830 1004 863 1236 997 3241 848
1205 883 1005 816 1237 1028 3242 752
1206 807 1006 845 1238 972 3243 803
1207 888 1007 845 1239 1066 3244 826
1208 863 1008 891 1240 919 3245 886
1209 873 1009 868 1241 972 3246 890
1210 883 1010 926 1242 1038 3247 885
1211 871 1011 918 1243 946 3248 968
1212 828 1012 900 1244 986 3249 997
1213 905 1013 870 1245 971 3250 999
1214 900 1014 853 1246 944 3251 986
1215 907 1015 844 1247 919 3252 985
1216 884 1016 851 1248 934 3253 1007
1217 897 1017 920 1249 915 3254 1012
1218 898 1018 895 1250 937 3255 1058
1219 863 1019 907 1251 973 3256 1085
1220 891 1020 935 1252 920 3257 1136
1221 856 1021 912 1253 946 3258 1094
1222 844 1022 884 1254 944 3259 1143
1223 824 1023 909 1255 942 3260 1146
1224 917 1024 880 1256 944 3261 1152
1225 868 1025 906 1257 882 3262 1155
1226 797 1026 885 1258 951 3263 1167
1227 872 1027 892 1259 924 3264 1206
1228 890 1028 893 1260 872 3265 1239
1229 872 1029 860 1261 891 3266 1199
1230 872 1030 904 1262 873 3267 1157
1231 884 1031 805 1263 876 3268 1192
1232 880 1032 876 1264 894 3269 1119
1233 865 1033 822 1265 906 3270 1172
1234 872 1034 874 1266 880 3271 1198
1235 853 1035 841 1267 829 3272 1201
1236 910 1036 836 1268 910 3273 1220
1237 843 1037 828 1269 839 3274 1149
1238 879 1038 832 1270 810 3275 1175
1239 808 1039 805 1271 833 3276 1123
1240 817 1040 800 1272 816 3277 1055
1241 793 1041 766 1273 797 3278 1172
1242 848 1042 774 1274 839 3279 1062
1243 790 1043 802 1275 756 3280 1109
1244 783 1044 749 1276 792 3281 1022
1245 747 1045 751 1277 782 3282 1003
1246 772 1046 803 1278 761 3283 987
1247 830 1047 779 1279 733 3284 1017
1248 765 1048 726 1280 723 3285 982
1249 789 1049 739 1281 745 3286 978
1250 777 1050 748 1282 697 3287 933
1251 778 1051 705 1283 686 3288 938
1252 715 1052 763 1284 670 3289 914
1253 685 1053 692 1285 699 3290 927
1254 684 1054 679 1286 727 3291 877
1255 735 1055 681 1287 698 3292 901
1256 695 1056 665 1288 645 3293 856
1257 741 1057 701 1289 650 3294 833
1258 719 1058 665 1290 643 3295 799
1259 678 1059 649 1291 680 3296 825
1260 710 1060 632 1292 619 3297 789
1261 706 1061 673 1293 610 3298 755
1262 693 1062 623 1294 615 3299 770
1263 621 1063 583 1295 550 3300 697
1264 665 1064 592 1296 573 3301 684
1265 616 1065 578 1297 555 3302 685
1266 644 1066 604 1298 539 3303 646
1267 659 1067 616 1299 548 3304 641
1268 605 1068 648 1300 560 3305 606
1269 588 1069 592 1301 516 3306 624
1270 558 1070 549 1302 514 3307 651
1271 570 1071 563 1303 546 3308 558
1272 583 1072 572 1304 469 3309 570
1273 577 1073 572 1305 498 3310 576
1274 527 1074 512 1306 477 3311 517
1275 503 1075 557 1307 486 3312 544
1276 529 1076 502 1308 444 3313 526
1277 558 1077 519 1309 474 3314 551
1278 494 1078 534 1310 460 3315 489
1279 526 1079 461 1311 448 3316 489
1280 509 1080 536 1312 435 3317 441
1281 478 1081 503 1313 421 3318 428
1282 485 1082 450 1314 398 3319 460
1283 512 1083 463 1315 390 3320 461
1284 487 1084 468 1316 371 3321 442
1285 460 1085 483 1317 375 3322 412
1286 466 1086 448 1318 385 3323 366
1287 458 1087 402 1319 388 3324 374
1288 450 1088 439 1320 372 3325 406
1289 389 1089 426 1321 368 3326 404
1290 443 1090 382 1322 377 3327 353
1291 430 1091 381 1323 340 3328 374
1292 425 1092 389 1324 362 3329 369
1293 418 1093 415 1325 337 3330 350
1294 379 1094 410 1326 347 3331 335
1295 401 1095 386 1327 338 3332 306
1296 373 1096 357 1328 349 3333 296
1297 396 1097 369 1329 332 3334 301
1298 376 1098 338 1330 342 3335 306
1299 383 1099 369 1331 325 3336 274
1300 401 1100 370 1332 280 3337 278
1301 333 1101 340 1333 284 3338 260
1302 374 1102 321 1334 273 3339 271
1303 333 1103 369 1335 276 3340 286
1304 334 1104 355 1336 280 3341 234
1305 355 1105 332 1337 260 3342 251
1306 348 1106 312 1338 248 3343 284
1307 320 1107 287 1339 281 3344 268
1308 342 1108 285 1340 247 3345 243
1309 316 1109 308 1341 249 3346 286
1310 318 1110 304 1342 246 3347 237
1311 306 1111 304 1343 240 3348 238
1312 284 1112 267 1344 248 3349 230
1313 305 1113 264 1345 203 3350 199
1314 292 1114 275 1346 206 3351 230
1315 247 1115 263 1347 250 3352 210
1316 261 1116 258 1348 191 3353 200
1317 256 1117 261 1349 183 3354 245
1318 257 1118 268 1350 182 3355 194
1319 245 1119 255 1351 187 3356 196
1320 235 1120 232 1352 209 3357 187
1321 257 1121 247 1353 201 3358 185
1322 245 1122 222 1354 174 3359 204
1323 261 1123 220 1355 168 3360 177
1324 258 1124 246 1356 181 3361 211
1325 268 1125 239 1357 157 3362 173
1326 226 1126 226 1358 165 3363 178
1327 214 1127 215 1359 211 3364 162
1328 213 1128 198 1360 149 3365 142
1329 226 1129 227 1361 158 3366 176
1330 188 1130 209 1362 162 3367 165
1331 199 1131 189 1363 159 3368 133
1332 190 1132 167 1364 142 3369 159
1333 183 1133 159 1365 138 3370 158
1334 229 1134 188 1366 171 3371 155
1335 187 1135 184 1367 144 3372 153
1336 194 1136 217 1368 177 3373 139
1337 181 1137 177 1369 150 3374 132
1338 170 1138 181 1370 138 3375 134
1339 186 1139 190 1371 118 3376 157
1340 163 1140 175 1372 117 3377 115
1341 162 1141 192 1373 151 3378 152
1342 171 1142 166 1374 116 3379 132
1343 163 1143 162 1375 123 3380 116
1344 160 1144 149 1376 148 3381 156
1345 152 1145 134 1377 108 3382 131
1346 170 1146 149 1378 116 3383 135
1347 148 1147 142 1379 101 3384 124
1348 132 1148 148 1380 104 3385 108
1349 165 1149 158 1381 108 3386 117
1350 184 1150 150 1382 111 3387 120
1351 159 1151 161 1383 108 3388 123
1352 169 1152 140 1384 108 3389 116
1353 142 1153 144 1385 102 3390 99
1354 112 1154 142 1386 108 3391 112
1355 109 1155 131 1387 96 3392 96
1356 133 1156 126 1388 109 3393 90
1357 129 1157 135 1389 98 3394 92
1358 146 1158 118 1390 109 3395 109
1359 112 1159 127 1391 103 3396 98
1360 130 1160 112 1392 97 3397 98
1361 128 1161 108 1393 108 3398 89
1362 119 1162 141 1394 86 3399 103
1363 133 1163 100 1395 95 3400 101
1364 118 1164 129 1396 93 3401 99
1365 126 1165 115 1397 85 3402 97
1366 110 1166 113 1398 86 3403 99
1367 104 1167 105 1399 86 3404 100
1368 93 1168 93 1400 93 3405 95
1369 111 1169 98 1401 73 3406 92
1370 113 1170 119 1402 82 3407 79
1371 116 1171 100 1403 92 3408 91
1372 92 1172 94 1404 70 3409 95
1373 97 1173 106 1405 69 3410 97
1374 110 1174 76 1406 78 3411 71
1375 97 1175 87 1407 71 3412 65
1376 105 1176 103 1408 78 3413 81
1377 105 1177 107 1409 81 3414 73
1378 98 1178 106 1410 58 3415 69
1379 94 1179 96 1411 74 3416 64
1380 81 1180 93 1412 74 3417 85
1381 96 1181 98 1413 88 3418 88
1382 81 1182 82 1414 63 3419 64
1383 104 1183 77 1415 71 3420 65
1384 81 1184 78 1416 70 3421 85
1385 79 1185 70 1417 81 3422 73
1386 84 1186 90 1418 49 3423 58
1387 68 1187 94 1419 77 3424 71
1388 65 1188 79 1420 61 3425 65
1389 87 1189 88 1421 54 3426 65
1390 68 1190 87 1422 50 3427 73
1391 80 1191 77 1423 59 3428 54
1392 71 1192 71 1424 50 3429 52
1393 87 1193 69 1425 50 3430 64
1394 57 1194 68 1426 46 3431 54
1395 78 1195 76 1427 58 3432 54
1396 74 1196 61 1428 46 3433 74
1397 70 1197 73 1429 62 3434 67
1398 71 1198 73 1430 47 3435 58
1399 61 1199 73 1431 56 3436 47
1400 78 1200 64 1432 50 3437 53
1401 76 1201 70 1433 55 3438 46
1402 63 1202 57 1434 56 3439 46
1403 67 1203 62 1435 51 3440 50
1404 52 1204 66 1436 43 3441 46
1405 49 1205 57 1437 43 3442 57
1406 61 1206 61 1438 41 3443 54
1407 46 1207 58 1439 47 3444 57
1408 61 1208 43 1440 53 3445 45
1409 42 1209 59 1441 57 3446 52
1410 56 1210 60 1442 55 3447 38
1411 49 1211 55 1443 31 3448 56
1412 63 1212 54 1444 43 3449 51
1413 54 1213 51 1445 57 3450 50
1414 48 1214 44 1446 41 3451 45
1415 52 1215 53 1447 44 3452 28
1416 64 1216 40 1448 49 3453 35
1417 37 1217 60 1449 48 3454 56
1418 49 1218 66 1450 51 3455 37
1419 55 1219 43 1451 40 3456 46
1420 56 1220 47 1452 47 3457 47
1421 54 1221 51 1453 33 3458 29
1422 67 1222 47 1454 40 3459 46
1423 48 1223 40 1455 40 3460 42
1424 59 1224 64 1456 39 3461 37
1425 35 1225 42 1457 36 3462 37
1426 37 1226 49 1458 37 3463 45
1427 46 1227 50 1459 34 3464 44
1428 59 1228 52 1460 33 3465 40
1429 52 1229 36 1461 32 3466 34
1430 43 1230 46 1462 35 3467 35
1431 47 1231 40 1463 36 3468 27
1432 41 1232 45 1464 35 3469 43
1433 63 1233 43 1465 32 3470 44
1434 54 1234 51 1466 28 3471 33
1435 39 1235 44 1467 47 3472 30
1436 37 1236 35 1468 34 3473 32
1437 49 1237 48 1469 35 3474 33
1438 37 1238 21 1470 26 3475 24
1439 44 1239 31 1471 25 3476 25
1440 37 1240 55 1472 25 3477 20
1441 48 1241 42 1473 27 3478 26
1442 45 1242 35 1474 28 3479 21
1443 41 1243 41 1475 25 3480 19
1444 28 1244 36 1476 23 3481 33
1445 38 1245 35 1477 36 3482 34
1446 50 1246 35 1478 24 3483 24
1447 38 1247 34 1479 23 3484 27
1448 43 1248 32 1480 35 3485 28
1449 36 1249 23 1481 37 3486 38
1450 36 1250 34 1482 29 3487 32
1451 30 1251 28 1483 30 3488 26
1452 41 1252 40 1484 28 3489 22
1453 30 1253 39 1485 28 3490 28
1454 42 1254 45 1486 21 3491 29
1455 38 1255 41 1487 32 3492 25
1456 40 1256 33 1488 30 3493 23
1457 37 1257 29 1489 28 3494 18
1458 26 1258 41 1490 24 3495 29
1459 37 1259 38 1491 36 3496 25
1460 38 1260 24 1492 24 3497 33
1461 36 1261 31 1493 28 3498 22
1462 38 1262 20 1494 19 3499 32
1463 43 1263 27 1495 23 3500 24
1464 31 1264 24 1496 26 3501 21
1465 34 1265 26 1497 25 3502 22
1466 20 1266 32 1498 32 3503 30
1467 32 1267 35 1499 30 3504 24
1468 33 1268 33 1500 21 3505 18
1469 24 1269 30 1501 19 3506 16
1470 26 1270 27 1502 32 3507 22
1471 35 1271 23 1503 20 3508 22
1472 31 1272 39 1504 25 3509 19
1473 36 1273 43 1505 21 3510 21
1474 25 1274 30 1506 26 3511 13
1475 33 1275 28 1507 16 3512 21
1476 24 1276 28 1508 28 3513 29
1477 26 1277 22 1509 22 3514 12
1478 22 1278 33 1510 25 3515 13
1479 36 1279 31 1511 27 3516 19
1480 25 1280 29 1512 13 3517 22
1481 22 1281 28 1513 19 3518 18
1482 29 1282 27 1514 21 3519 18
1483 30 1283 14 1515 15 3520 15
1484 22 1284 25 1516 14 3521 16
1485 28 1285 30 1517 25 3522 14
1486 26 1286 27 1518 24 3523 20
1487 21 1287 25 1519 16 3524 27
1488 25 1288 22 1520 21 3525 17
1489 26 1289 25 1521 23 3526 24
1490 32 1290 25 1522 16 3527 22
1491 22 1291 26 1523 24 3528 14
1492 23 1292 29 1524 22 3529 20
1493 33 1293 31 1525 14 3530 15
1494 27 1294 19 1526 27 3531 22
1495 22 1295 24 1527 16 3532 20
1496 30 1296 19 1528 20 3533 18
1497 21 1297 19 1529 20 3534 7
1498 23 1298 21 1530 18 3535 18
1499 20 1299 25 1531 13 3536 8
1500 20 1300 22 1532 19 3537 24
1501 29 1301 11 1533 14 3538 13
1502 63 1302 62 1534 59 3539 37
1503 66 1303 67 1535 55 3540 45
1504 58 1304 70 1536 60 3541 54
1505 60 1305 63 1537 60 3542 38
1506 56 1306 58 1538 39 3543 47
1507 56 1307 67 1539 47 3544 29
1508 52 1308 62 1540 43 3545 42
1509 49 1309 51 1541 42 3546 26
1510 48 1310 57 1542 42 3547 34
1511 44 1311 56 1543 30 3548 35
1512 44 1312 52 1544 43 3549 49
1513 46 1313 59 1545 34 3550 35
1514 48 1314 44 1546 42 3551 32
1515 49 1315 48 1547 40 3552 35
1516 49 1316 49 1548 34 3553 30
1517 38 1317 38 1549 32 3554 21
1518 45 1318 39 1550 32 3555 34
1519 38 1319 41 1551 26 3556 27
1520 27 1320 33 1552 34 3557 27
1521 32 1321 43 1553 31 3558 16
1522 46 1322 33 1554 41 3559 28
1523 39 1323 37 1555 28 3560 17
1524 32 1324 28 1556 25 3561 24
1525 37 1325 35 1557 29 3562 25
1526 38 1326 24 1558 21 3563 22
1527 26 1327 41 1559 22 3564 21
1528 28 1328 29 1560 19 3565 18
1529 40 1329 29 1561 22 3566 22
1530 29 1330 23 1562 17 3567 19
1531 32 1331 23 1563 20 3568 14
1532 39 1332 23 1564 15 3569 23
1533 29 1333 30 1565 24 3570 9
1534 36 1334 28 1566 25 3571 20
1535 27 1335 28 1567 15 3572 12
1536 26 1336 25 1568 22 3573 21
1537 19 1337 24 1569 25 3574 10
1538 28 1338 25 1570 15 3575 14
1539 18 1339 33 1571 21 3576 13
1540 17 1340 23 1572 14 3577 20
1541 22 1341 23 1573 23 3578 22
1542 29 1342 21 1574 19 3579 11
1543 18 1343 24 1575 19 3580 13
1544 28 1344 26 1576 16 3581 23
1545 20 1345 15 1577 17 3582 16
1546 13 1346 20 1578 17 3583 10
1547 26 1347 16 1579 19 3584 7
1548 13 1348 25 1580 20 3585 15
1549 15 1349 20 1581 16 3586 14
1550 22 1350 10 1582 17 3587 11
1551 21 1351 14 1583 10 3588 14
1552 13 1352 15 1584 14 3589 13
1553 9 1353 8 1585 17 3590 12
1554 10 1354 13 1586 8 3591 15
1555 18 1355 18 1587 11 3592 7
1556 16 1356 19 1588 8 3593 12
1557 13 1357 18 1589 13 3594 12
1558 12 1358 15 1590 8 3595 14
1559 14 1359 16 1591 9 3596 9
1560 12 1360 20 1592 8 3597 11
1561 12 1361 14 1593 10 3598 8
1562 22 1362 11 1594 14 3599 9
1563 8 1363 19 1595 11 3600 14
1564 6 1364 17 1596 11 3601 8
1565 18 1365 11 1597 7 3602 6
1566 16 1366 12 1598 5 3603 7
1567 14 1367 9 1599 11 3604 5
1568 7 1368 13 1600 8 3605 5
1569 13 1369 17 1601 13 3606 4
1570 11 1370 6 1602 8 3607 6
1571 15 1371 10 1603 5 3608 6
1572 6 1372 7 1604 9 3609 5
1573 9 1373 14 1605 5 3610 11
1574 20 1374 3 1606 9 3611 6
1575 11 1375 9 1607 10 3612 5
1576 15 1376 6 1608 8 3613 6
1577 12 1377 12 1609 8 3614 5
1578 8 1378 10 1610 3 3615 4
1579 5 1379 11 1611 9 3616 7
1580 5 1380 3 1612 8 3617 1
1581 8 1381 5 1613 4 3618 6
1582 10 1382 7 1614 6 3619 3
1583 4 1383 8 1615 8 3620 8
1584 8 1384 4 1616 6 3621 5
1585 8 1385 6 1617 8 3622 3
1586 6 1386 9 1618 6 3623 3
1587 5 1387 2 1619 9 3624 3
1588 9 1388 11 1620 4 3625 8
1589 10 1389 12 1621 4 3626 3
1590 9 1390 6 1622 3 3627 6
1591 7 1391 8 1623 7 3628 8
1592 6 1392 8 1624 4 3629 5
1593 8 1393 9 1625 6 3630 3
1594 8 1394 1 1626 7 3631 4
1595 5 1395 7 1627 5 3632 5
1596 7 1396 2 1628 3 3633 3
1597 10 1397 7 1629 3 3634 5
1598 8 1398 6 1630 6 3635 5
1599 8 1399 5 1631 7 3636 3
1600 5 1400 7 1632 6 3637 3
1601 5 1401 6 1633 6 3638 4
1602 8 1402 7 1634 2 3639 6
1603 12 1403 6 1635 7 3640 4
1604 6 1404 8 1636 2 3641 6
1605 4 1405 2 1637 3 3642 6
1606 4 1406 1 1638 2 3643 4
1607 1 1407 1 1639 6 3644 5
1608 6 1408 3 1640 4 3645 7
1609 6 1409 8 1641 2 3646 4
1610 4 1410 6 1642 3 3647 7
1611 3 1411 3 1643 1 3648 5
1612 4 1412 3 1644 6 3649 6
1613 4 1413 8 1645 2 3650 6
1614 3 1414 5 1646 3 3651 3
1615 6 1415 5 1647 7 3652 6
1616 2 1416 4 1648 1 3653 1
1617 3 1417 4 1649 7 3654 3
1618 6 1418 4 1650 6 3655 5
1619 5 1419 4 1651 6 3656 8
1620 2 1420 4 1652 2 3657 4
1621 6 1421 6 1653 4 3658 2
1622 8 1422 5 1654 4 3659 4
1623 4 1423 3 1655 4 3660 3
1624 9 1424 2 1656 2 3661 3
1625 6 1425 5 1657 7 3662 1
1626 4 1426 1 1658 3 3663 3
1627 3 1427 6 1659 3 3664 6
1628 2 1428 6 1660 1 3665 0
1629 2 1429 4 1661 2 3666 3
1630 6 1430 4 1662 4 3667 2
1631 5 1431 1 1663 2 3668 4
1632 2 1432 3 1664 6 3669 0
1633 2 1433 1 1665 5 3670 4
1634 3 1434 3 1666 4 3671 3
1635 6 1435 1 1667 2 3672 1
1636 3 1436 6 1668 4 3673 6
1637 2 1437 4 1669 2 3674 5
1638 1 1438 1 1670 7 3675 4
1639 5 1439 3 1671 3 3676 4
1640 2 1440 1 1672 3 3677 1
1641 5 1441 2 1673 3 3678 5
1642 2 1442 6 1674 5 3679 1
1643 2 1443 1 1675 2 3680 0
1644 4 1444 2 1676 4 3681 4
1645 1 1445 7 1677 2 3682 1
1646 4 1446 3 1678 4 3683 2
1647 1 1447 6 1679 3 3684 3
1648 3 1448 1 1680 2 3685 1
1649 3 1449 3 1681 4 3686 2
1650 4 1450 3 1682 0 3687 4
1651 3 1451 2 1683 2 3688 1
1652 2 1452 2 1684 0 3689 6
1653 4 1453 6 1685 3 3690 0
1654 3 1454 2 1686 1 3691 1
1655 1 1455 0 1687 1 3692 2
1656 4 1456 4 1688 8 3693 7
1657 3 1457 0 1689 5 3694 3
1658 3 1458 4 1690 3 3695 3
1659 3 1459 2 1691 2 3696 4
1660 5 1460 4 1692 3 3697 2
1661 1 1461 3 1693 2 3698 1
1662 4 1462 1 1694 5 3699 1
1663 2 1463 3 1695 1 3700 2
1664 4 1464 5 1696 4 3701 1
1665 3 1465 2 1697 1 3702 2
1666 5 1466 3 1698 1 3703 3
1667 1 1467 4 1699 3 3704 2
1668 1 1468 4 1700 3 3705 1
1669 2 1469 1 1701 2 3706 0
1670 2 1470 0 1702 3 3707 0
1671 2 1471 0 1703 3 3708 1
1672 3 1472 7 1704 2 3709 2
1673 4 1473 6 1705 2 3710 2
1674 3 1474 1 1706 1 3711 4
1675 3 1475 0 1707 2 3712 0
1676 2 1476 1 1708 3 3713 3
1677 3 1477 1 1709 0 3714 2
1678 2 1478 2 1710 2 3715 1
1679 2 1479 4 1711 1 3716 3
1680 2 1480 2 1712 2 3717 0
1681 2 1481 2 1713 1 3718 1
1682 5 1482 4 1714 1 3719 1
1683 1 1483 6 1715 1 3720 4
1684 2 1484 3 1716 3 3721 1
1685 4 1485 0 1717 0 3722 0
1686 1 1486 2 1718 1 3723 0
1687 1 1487 2 1719 1 3724 0
1688 2 1488 2 1720 4 3725 2
1689 1 1489 1 1721 1 3726 3
1690 1 1490 1 1722 1 3727 2
1691 0 1491 2 1723 2 3728 2
1692 2 1492 2 1724 2 3729 1
1693 3 1493 3 1725 2 3730 1
1694 2 1494 3 1726 2 3731 1
1695 1 1495 1 1727 1 3732 4
1696 3 1496 1 1728 2 3733 4
1697 1 1497 1 1729 1 3734 4
1698 1 1498 2 1730 3 3735 2
1699 2 1499 0 1731 1 3736 0
1700 1 1500 2 1732 2 3737 2
1701 268 1501 260 1733 222 3738 1
