0.00
0.01
7.88
8.29
8.29
7.69
4.24
2.65
1.49
0.76
0.68
0.54
0.35
0.22
0.11
0.10
0.11
0.06
0.10
0.08
0.01
0.02
0.06
0.01
0.01
0.01
0.01
0.01
-0.00
0.01
-0.00
-0.00
0.01
0.01
-0.00
0.01
0.01
-0.00
-0.00
-0.00
-0.00
-0.00
-0.01
-0.00
0.01
-0.00
0.01
0.01
-0.00
-0.00
-0.00
-0.00
0.07
0.04
-0.00
-0.00
0.01
-0.00
-0.00
-0.00
-0.00
-0.00
0.01
-0.00
-0.00
-0.00
-0.00
-0.00
-0.00
0.01
0.01
-0.00
-0.00
-0.00
0.01
-0.00
-0.00
-0.00
-0.00
-0.00
-0.00
-0.01
-0.00
-0.00
0.08
-0.00
-0.00
0.01
-0.01
-0.00
-0.00
-0.00
-0.00
-0.00
-0.00
-0.00
-0.00
-0.00
0.01
0.18
0.02
-0.00
-0.00
-0.00
-0.00
-0.00
-0.01
-0.00
-0.01
0.01
0.01
-0.00
-0.00
-0.00
-0.00
-0.00
0.01
-0.00
-0.00
-0.00
-0.00
-0.00
-0.00
-0.00
-0.00
-0.00
-0.00
-0.00
-0.00
-0.00
-0.00
-0.00
-0.00
-0.00
-0.00
-0.00
-0.01
-0.00
-0.00
-0.00
-0.00
-0.00
0.01
-0.00
-0.00
0.01
-0.00
-0.01
-0.00
-0.00
-0.00
-0.00
-0.01
-0.00
-0.01
0.01
0.01
0.02
0.29
0.18
0.13
0.18
0.07
0.06
0.01
0.00
0.02
-0.01
0.00
