0.00
0.04
8.00
8.00
8.00
5.69
3.32
1.93
1.29
0.91
0.40
0.19
0.09
0.08
0.07
0.05
0.08
0.05
0.03
0.01
0.01
0.01
-0.00
0.01
0.01
0.01
-0.00
0.01
-0.00
-0.00
0.01
-0.00
-0.00
0.01
-0.00
0.01
0.01
-0.00
0.01
-0.00
-0.00
0.01
-0.00
-0.00
-0.00
-0.00
-0.00
-0.00
-0.00
-0.00
-0.00
-0.00
-0.00
-0.00
-0.00
-0.00
-0.00
-0.00
0.01
0.01
0.01
-0.00
-0.00
0.04
0.01
-0.00
0.01
0.01
0.01
-0.00
-0.00
-0.00
-0.00
-0.00
0.01
-0.01
-0.00
-0.00
-0.00
-0.00
0.01
0.09
0.01
0.01
-0.00
-0.00
-0.00
-0.01
-0.00
0.01
-0.00
0.01
-0.00
-0.00
0.01
-0.00
-0.00
-0.00
-0.00
0.15
0.02
-0.00
0.01
0.01
0.01
-0.01
-0.00
-0.00
0.02
-0.00
0.01
-0.00
-0.00
0.01
-0.01
-0.00
-0.00
-0.00
-0.00
-0.00
-0.01
-0.00
-0.00
-0.00
-0.00
-0.00
-0.00
-0.00
-0.00
0.01
0.01
0.01
-0.00
0.01
0.01
-0.00
-0.00
-0.00
-0.00
-0.00
-0.00
-0.00
-0.00
-0.00
-0.00
-0.00
0.01
-0.00
-0.00
0.01
0.13
0.01
-0.00
0.01
0.01
-0.00
-0.00
0.09
0.39
0.24
0.18
0.19
0.01
-0.00
0.03
0.01
-0.00
0.03
-0.00
