-0.01
0.00
6.09
9.03
9.03
8.65
4.42
2.91
1.27
0.87
0.62
0.25
0.33
0.16
0.19
0.04
0.03
0.05
0.03
0.01
0.07
0.02
0.02
0.05
0.02
0.12
0.02
0.01
0.01
0.00
0.00
0.00
0.00
0.00
0.01
-0.01
0.00
0.00
0.01
0.00
0.00
0.00
-0.01
0.00
0.00
-0.01
0.00
0.00
0.00
-0.01
-0.01
-0.01
0.00
-0.01
-0.01
0.00
0.00
-0.01
-0.01
0.00
-0.01
-0.01
0.00
0.00
0.00
-0.01
0.00
0.00
-0.01
0.01
0.00
0.00
-0.01
0.00
-0.01
0.00
-0.01
0.00
0.00
0.00
0.06
0.00
0.00
-0.01
0.00
0.00
0.00
-0.01
0.00
0.00
-0.01
0.00
-0.01
-0.01
-0.01
0.00
0.00
-0.01
-0.01
0.03
0.03
-0.01
0.00
0.00
0.00
0.00
0.00
0.00
-0.01
0.00
-0.01
0.00
0.00
0.00
-0.01
0.00
0.00
-0.01
-0.01
0.00
0.00
-0.01
0.00
0.00
-0.01
-0.01
0.00
0.00
-0.01
0.00
-0.01
-0.01
-0.01
0.00
-0.01
-0.01
-0.01
0.00
0.00
0.00
0.00
0.00
-0.01
0.00
0.00
-0.01
-0.01
-0.01
-0.01
-0.01
0.00
0.00
0.00
-0.01
0.00
0.00
-0.01
0.51
0.30
0.17
0.19
0.13
0.04
0.00
-0.01
0.00
0.00
0.00
0.00
