  0  55 45 56  44 49 53
  1  55 45 57  45 49 54
  2  55 45 56  44 49 54
  3  55 44 57  44 50 53
  4  55 45 56  44 49 54
  5  55 45 56  44 49 53
  6  55 45 56  44 49 53
  7  55 45 56  43 49 53
  8  55 45 56  44 50 53
  9  55 44 56  44 50 53
 10  55 45 56  44 49 53
 11  55 45 57  44 50 54
 12  55 46 57  44 50 53
 13  54 44 57  44 49 53
 14  55 45 57  44 49 54
 15  55 45 57  44 50 53
 16  54 45 57  44 49 54
 17  55 45 57  45 49 53
 18  55 45 57  44 49 53
 19  55 44 56  44 49 53
 20  55 45 56  44 50 53
 21  55 44 56  44 49 53
 22  55 45 56  44 49 54
 23  55 45 57  45 50 53
 24  55 45 56  44 50 53
 25  55 45 57  45 50 53
 26  56 45 57  45 50 54
 27  55 45 57  44 49 54
 28  55 45 57  45 50 53
 29  55 45 56  44 49 54
 30  55 45 56  44 49 53
 31  55 45 57  44 50 54
 32  54 45 57  44 50 53
 33  55 45 56  44 50 53
 34  55 45 57  44 49 53
 35  55 45 56  43 50 53
 36  56 45 56  44 49 53
 37  55 45 56  44 50 53
 38  55 45 57  44 49 53
 39  55 45 57  45 50 54
 40  55 45 56  45 49 53
 41  56 45 56  44 49 54
 42  54 45 56  44 49 54
 43  55 45 56  44 49 54
 44  55 45 57  44 49 53
 45  55 45 56  44 49 53
 46  55 44 56  44 49 53
 47  55 45 57  44 50 53
 48  55 44 57  44 49 54
 49  55 45 57  44 50 53
 50  55 45 57  44 49 53
 51  55 45 56  44 49 54
 52  55 45 56  44 49 54
 53  55 45 56  44 49 53
 54  55 45 56  44 49 53
 55  55 45 57  44 49 54
 56  55 45 56  44 49 54
 57  55 45 57  45 50 54
 58  55 45 56  44 50 54
 59  55 45 57  44 49 53
 60  55 45 56  44 49 54
 61  56 45 57  45 49 53
 62  56 45 56  43 49 53
 63  55 46 56  44 49 54
 64  55 46 56  44 49 53
 65  56 46 57  44 49 53
 66  55 45 56  45 50 54
 67  54 45 57  44 49 53
 68  55 45 57  44 50 54
 69  55 45 57  44 49 53
 70  55 45 56  44 49 53
 71  54 45 57  44 50 54
 72  55 45 57  44 49 53
 73  55 45 56  44 49 53
 74  55 45 56  44 49 53
 75  55 45 56  44 49 53
 76  55 45 56  44 49 53
 77  55 45 57  44 49 53
 78  55 45 57  45 49 53
 79  55 45 56  45 49 54
 80  54 45 56  44 50 53
 81  55 45 57  44 50 54
 82  55 45 56  45 50 54
 83  55 45 56  44 49 54
 84  55 45 56  44 50 54
 85  55 45 56  45 50 54
 86  55 45 56  43 49 53
 87  55 45 56  44 49 54
 88  55 44 56  44 50 54
 89  55 45 56  44 49 54
 90  55 45 56  44 49 54
 91  55 45 57  44 50 54
 92  55 45 56  44 49 53
 93  55 45 57  44 49 53
 94  55 45 56  44 49 53
 95  55 45 56  44 49 54
 96  55 46 56  44 50 53
 97  55 45 56  44 50 54
 98  54 45 56  44 49 54
 99  55 45 57  44 50 54
100  55 45 56  44 50 54
101  55 45 56  44 50 53
102  55 44 57  44 49 53
103  55 44 57  44 50 53
104  55 45 56  44 50 53
105  55 45 57  45 50 53
106  55 45 56  44 50 53
107  55 45 57  44 50 53
108  55 45 56  45 49 53
109  55 45 57  44 50 53
110  54 44 56  44 50 53
111  55 45 57  45 50 54
112  55 45 57  44 50 54
113  55 45 56  44 49 53
114  55 45 56  44 49 53
115  55 45 56  44 49 54
116  55 45 56  44 50 53
117  55 45 57  44 49 53
118  55 45 57  44 49 53
119  55 44 56  44 49 53
120  55 45 56  45 50 54
121  55 46 57  45 49 53
122  55 45 57  44 49 54
123  55 44 56  44 49 54
124  55 45 57  45 49 54
125  55 45 56  44 50 54
126  55 45 57  44 49 53
127  56 44 56  45 50 53
128  55 45 56  44 50 53
129  55 45 57  44 50 54
130  55 45 56  44 50 53
131  55 45 57  44 49 53
132  55 46 57  44 49 53
133  55 45 57  45 50 54
134  55 45 56  44 50 53
135  55 46 57  44 50 53
136  55 45 56  44 50 53
137  55 45 56  44 49 54
138  55 45 57  44 50 54
139  55 45 56  44 50 53
140  55 45 57  44 50 53
141  56 45 56  45 50 54
142  55 45 57  44 50 54
143  55 45 56  45 49 54
144  55 45 56  44 49 54
145  54 45 57  45 50 53
146  55 45 57  44 49 54
147  54 45 56  44 49 53
148  55 45 56  44 50 53
149  56 45 56  44 50 53
150  54 44 56  43 49 53
151  55 45 57  45 50 53
152  55 45 57  44 49 53
153  55 44 56  44 49 53
154  56 45 57  44 50 53
155  54 45 57  45 50 54
156  55 46 56  44 49 53
157  55 45 56  44 49 54
158  55 45 56  44 49 54
159  55 44 56  44 50 54
160  54 46 57  44 50 53
161  55 45 56  44 49 53
162  55 45 57  44 49 53
163  55 44 57  44 50 52
164  56 45 57  44 49 54
165  56 45 57  44 50 54
166  55 45 56  45 50 53
167  55 45 56  44 50 54
168  55 45 56  44 50 54
169  55 45 56  44 49 54
170  54 45 56  44 49 53
171  55 46 57  44 50 54
172  55 45 56  44 49 53
173  55 45 56  44 50 53
174  55 45 57  44 50 53
175  55 45 56  44 50 54
176  55 45 57  44 50 53
177  55 45 56  44 50 53
178  55 45 56  45 49 53
179  55 45 56  44 50 53
180  55 45 56  44 49 54
181  55 45 56  45 49 54
182  55 45 56  44 49 54
183  55 45 56  44 50 54
184  55 45 56  44 49 54
185  54 45 57  44 49 53
186  55 45 57  44 49 53
187  55 45 56  44 50 54
188  55 45 57  44 50 54
189  55 45 57  44 50 53
190  55 45 56  44 49 54
191  55 45 57  44 50 53
192  55 45 57  44 50 53
193  55 45 56  44 49 54
194  55 45 56  44 50 53
195  55 45 57  44 50 53
196  54 44 57  45 49 53
197  55 45 57  44 49 54
198  55 45 57  44 49 53
199  55 45 57  44 49 54
200  56 45 57  44 49 53
201  55 45 57  44 49 53
202  54 45 57  45 49 54
203  55 45 57  44 49 53
204  55 45 57  44 49 53
205  55 44 57  44 49 53
206  54 45 56  45 50 53
207  55 45 56  45 50 53
208  55 45 56  44 50 53
209  55 45 57  45 50 53
210  55 45 57  44 50 53
211  55 45 57  44 50 53
212  55 44 56  44 50 54
213  55 45 57  44 50 53
214  55 45 56  44 49 53
215  55 45 57  44 49 54
216  55 45 56  44 50 53
217  54 45 56  44 49 53
218  55 45 56  44 50 53
219  55 45 57  44 50 53
220  54 45 56  44 49 53
221  55 45 57  44 50 54
222  56 45 56  44 49 53
223  55 45 57  44 49 53
224  55 45 56  44 50 54
225  55 45 57  45 50 53
226  55 45 56  44 50 53
227  55 45 57  44 49 53
228  54 45 56  44 49 53
229  55 45 56  45 50 53
230  55 46 56  44 49 53
231  55 45 56  44 49 53
232  55 45 57  44 50 53
233  55 45 56  44 49 54
234  55 45 56  44 50 54
235  55 45 57  44 49 54
236  55 44 56  44 49 53
237  55 45 57  44 50 54
238  55 45 57  45 50 54
239  55 45 57  44 49 53
240  55 45 57  44 49 53
241  55 45 57  44 49 54
242  497 227 144  97 69 63
243  1023 1023 1023  98 103 107
244  1023 1023 1023  82 86 91
245  1023 1023 1023  66 67 76
246  805 691 660  58 61 66
247  463 415 427  53 59 63
248  271 244 225  50 54 59
249  190 158 196  48 52 56
250  168 133 140  47 51 56
251  117 89 129  46 50 55
252  93 80 101  45 51 55
253  77 77 76  45 50 54
254  69 56 69  44 50 54
255  67 53 71  45 50 53
256  56 53 62  44 50 54
257  56 54 69  44 50 53
258  58 46 60  45 50 54
259  61 46 63  44 49 53
260  56 47 58  44 50 54
261  58 46 57  44 50 53
262  54 45 57  44 50 53
263  55 45 56  44 50 53
264  55 47 56  45 49 53
265  54 46 57  45 49 53
266  55 45 56  45 50 54
267  55 45 55  44 50 53
268  54 45 56  44 49 54
269  54 47 56  44 49 53
270  54 44 56  44 49 53
271  54 44 56  44 50 53
272  55 44 56  44 49 53
273  55 44 56  44 49 53
274  55 44 56  44 49 54
275  137 44 56  46 49 53
276  57 44 56  44 50 53
277  56 44 56  44 50 53
278  55 44 56  43 50 53
279  54 44 55  45 49 54
280  54 44 59  44 50 53
281  53 45 56  44 50 53
282  54 45 55  44 49 54
283  55 44 56  45 50 54
284  54 43 56  44 49 53
285  54 44 56  44 50 54
286  54 44 55  44 49 54
287  53 43 56  43 50 53
288  54 45 55  44 50 53
289  54 44 55  44 50 54
290  53 45 56  44 50 53
291  54 44 56  44 49 53
292  54 45 55  44 49 54
293  54 44 55  44 49 53
294  54 43 56  44 49 54
295  54 44 56  44 49 53
296  54 44 55  45 50 53
297  54 44 56  45 50 53
298  54 44 55  44 50 53
299  54 44 56  44 49 53
300  54 47 55  44 50 54
301  54 44 56  44 50 53
302  54 45 56  44 49 53
303  54 45 56  44 50 54
304  54 44 60  44 49 54
305  54 44 56  44 50 54
306  61 45 56  44 49 53
307  53 43 55  44 49 53
308  54 43 55  44 49 53
309  54 44 56  44 49 53
310  54 48 55  44 49 54
311  54 49 55  44 50 54
312  54 45 55  44 49 53
313  54 43 56  44 50 54
314  53 44 56  44 50 54
315  54 44 55  45 50 54
316  54 43 56  45 50 53
317  54 44 56  45 49 54
318  54 44 56  45 49 53
319  64 44 55  44 49 53
320  56 43 55  44 49 54
321  54 44 55  45 50 54
322  54 44 55  45 50 53
323  54 43 55  45 49 54
324  54 44 55  44 50 54
325  53 44 56  44 50 53
326  54 43 56  44 49 53
327  54 44 55  44 49 54
328  53 44 56  44 50 53
329  54 44 55  44 50 53
330  54 44 55  44 50 54
331  54 45 55  44 50 53
332  54 44 56  44 49 54
333  54 44 55  45 50 53
334  54 44 55  44 49 53
335  53 43 56  44 49 53
336  54 44 56  44 49 53
337  54 43 55  44 49 54
338  54 44 55  44 49 53
339  54 44 56  44 49 54
340  53 44 55  44 49 54
341  54 44 55  45 49 54
342  53 45 54  45 50 53
343  54 44 55  45 50 53
344  54 44 55  44 49 53
345  54 44 55  45 49 53
346  54 44 56  44 50 53
347  54 44 56  44 50 54
348  53 43 56  43 49 53
349  54 44 56  44 49 53
350  54 44 56  43 49 54
351  54 44 55  44 49 53
352  54 45 55  44 49 54
353  54 44 55  44 49 54
354  53 44 55  44 49 53
355  54 45 56  45 50 54
356  53 44 56  44 49 53
357  54 44 55  44 50 54
358  53 44 56  44 49 53
359  54 43 55  44 50 53
360  54 43 56  44 49 53
361  54 44 56  44 49 54
362  54 44 81  44 50 54
363  54 44 57  44 49 53
364  54 44 56  44 49 53
365  54 44 56  44 49 53
366  53 45 55  44 50 54
367  54 44 56  44 50 54
368  54 44 55  44 49 54
369  54 44 55  44 49 54
370  54 44 55  44 50 53
371  55 44 56  44 50 53
372  53 44 55  44 50 53
373  54 43 55  44 50 53
374  54 44 56  44 50 53
375  53 44 56  44 50 54
376  54 44 55  44 49 53
377  54 44 55  44 50 53
378  53 44 56  45 50 54
379  54 43 56  44 49 54
380  54 43 55  44 50 53
381  54 44 56  43 51 54
382  54 43 55  44 49 53
383  54 44 56  44 50 54
384  54 44 55  45 51 53
385  54 44 56  44 49 54
386  54 44 55  44 50 53
387  53 44 55  44 49 53
388  54 44 55  44 49 53
389  54 43 55  45 49 53
390  54 45 55  45 49 53
391  54 44 55  44 49 53
392  54 44 55  44 50 53
393  54 44 55  44 49 54
394  54 45 56  44 49 54
395  54 43 55  44 50 53
396  54 44 56  44 49 54
397  54 43 56  44 50 54
398  54 44 56  44 50 53
399  54 44 56  44 50 53
400  54 44 55  44 50 53
401  54 44 55  44 50 53
402  54 44 55  44 49 53
403  53 44 56  44 49 53
404  54 44 55  44 49 53
405  54 44 56  45 49 53
406  54 43 55  44 49 53
407  54 44 55  45 50 53
408  54 43 55  44 49 53
409  54 44 55  45 50 54
410  53 44 55  45 50 54
411  54 44 56  44 50 53
412  54 44 56  44 50 54
413  53 43 56  44 50 53
414  54 44 56  45 50 54
415  54 44 55  45 49 53
416  54 44 55  45 50 53
417  53 44 54  45 49 53
418  54 44 55  44 50 53
419  53 44 55  43 50 53
420  54 43 55  44 50 53
421  54 44 56  44 49 53
422  54 43 55  44 49 53
423  53 44 56  44 50 54
424  54 44 56  44 50 54
425  53 43 55  44 49 54
426  54 44 56  44 50 53
427  54 43 55  44 50 53
428  54 43 56  44 50 54
429  53 44 55  45 50 54
430  54 44 55  44 50 53
431  53 43 55  44 49 54
432  54 43 55  44 50 53
433  54 44 55  44 50 53
434  54 44 55  44 50 54
435  54 44 56  44 50 54
436  54 44 56  44 50 53
437  54 43 56  44 50 54
438  54 44 56  44 49 53
439  54 44 55  44 50 54
440  54 47 56  44 50 53
441  53 44 55  44 50 53
442  54 44 55  44 49 53
443  54 44 55  44 50 53
444  53 44 55  44 49 53
445  54 44 55  44 49 54
446  54 43 55  44 49 54
447  54 43 55  45 50 54
448  54 44 56  45 49 54
449  54 45 56  44 50 54
450  54 44 56  45 49 54
451  54 45 56  44 50 53
452  54 44 55  45 50 54
453  54 44 55  45 50 54
454  53 43 55  45 50 54
455  54 44 56  44 49 54
456  54 44 56  44 49 53
457  54 44 55  44 50 54
458  54 44 55  44 50 53
459  54 43 55  44 50 53
460  54 44 56  44 50 53
461  53 43 55  44 49 53
462  53 44 55  44 50 53
463  54 44 55  45 50 53
464  54 44 55  44 50 53
465  54 44 56  44 50 53
466  54 43 55  44 50 53
467  53 44 55  44 49 53
468  54 44 55  44 49 54
469  54 44 55  45 50 54
470  54 43 56  44 50 53
471  54 44 55  44 49 54
472  54 44 56  44 49 54
473  54 43 55  44 49 53
474  54 45 55  45 50 54
475  53 44 55  45 49 54
476  54 44 55  44 50 54
477  54 43 55  44 50 54
478  54 44 55  44 49 54
479  54 44 56  44 50 53
480  54 44 56  44 50 53
481  53 43 55  45 49 53
482  54 43 56  44 50 53
483  54 44 56  44 49 53
484  54 43 56  44 49 53
485  54 44 55  45 50 54
486  54 44 55  45 49 53
487  53 44 55  45 49 54
488  54 44 55  45 49 54
489  53 43 55  44 49 54
490  54 44 55  44 50 53
491  54 44 55  44 50 53
492  54 44 55  44 49 53
493  53 45 56  44 50 53
494  53 44 56  45 50 53
495  54 43 56  44 49 53
496  54 44 56  44 49 53
497  54 43 55  44 49 54
498  55 44 56  44 49 53
499  54 43 56  44 50 53
500  53 44 55  43 49 54
501  54 44 59  45 50 53
502  54 45 55  44 49 53
503  54 44 55  45 50 53
504  54 44 55  44 50 53
505  53 44 55  44 50 54
506  54 44 55  44 49 53
507  54 45 55  44 49 52
508  53 44 55  44 49 53
509  54 44 56  44 49 53
510  54 43 55  44 50 53
511  54 44 56  44 49 53
512  53 44 56  44 49 53
513  54 44 56  45 49 54
514  53 44 56  44 50 54
515  54 44 56  44 50 54
516  54 43 55  44 49 54
517  54 44 55  45 50 54
518  53 44 56  44 50 53
519  53 44 55  44 49 53
520  53 45 56  44 50 54
521  54 44 56  44 50 53
522  54 44 56  44 50 53
523  54 43 56  44 50 54
524  54 44 55  44 50 53
525  54 44 55  44 49 54
526  54 44 55  44 50 53
527  54 44 56  44 50 53
528  60 44 56  45 49 54
529  54 43 55  44 49 53
530  54 44 55  44 49 53
531  53 45 55  44 49 54
532  54 44 56  44 49 53
533  54 44 55  44 50 54
534  53 44 56  44 49 54
535  54 43 56  44 50 53
536  54 44 55  44 50 53
537  54 44 56  44 49 53
538  53 44 55  44 49 54
539  54 44 55  44 50 54
540  54 43 55  45 49 53
541  54 43 56  44 50 53
542  54 44 55  45 50 53
543  54 44 55  44 50 53
544  54 44 55  44 50 53
545  54 45 56  44 49 54
546  54 44 56  44 49 53
547  53 44 55  44 49 54
548  54 44 55  44 49 54
549  53 44 55  44 50 53
550  59 44 55  44 50 54
551  54 44 55  44 49 53
552  54 44 56  44 50 53
553  53 43 55  44 50 53
554  53 44 56  45 50 54
555  53 44 56  45 50 53
556  53 43 56  44 49 53
557  53 44 56  44 50 54
558  54 44 55  44 49 53
559  53 44 55  44 49 53
560  54 44 55  45 50 54
561  54 44 55  44 49 53
562  54 44 56  44 49 53
563  54 44 56  44 49 53
564  54 44 55  44 49 53
565  54 45 56  44 49 54
566  54 44 56  44 49 53
567  54 44 55  44 49 53
568  54 44 55  44 50 53
569  54 43 55  44 49 53
570  54 44 55  44 50 53
571  54 44 55  44 49 53
572  54 43 55  45 50 53
573  54 44 55  44 50 54
574  53 44 55  44 49 54
575  54 44 56  44 50 53
576  54 44 55  44 50 54
577  54 45 56  44 50 54
578  53 44 56  44 49 53
579  54 44 56  44 50 54
580  54 44 56  44 50 53
581  53 44 56  44 50 53
582  54 44 55  44 49 53
583  54 43 55  44 49 54
584  54 44 56  44 50 53
585  54 44 55  44 50 53
586  54 44 55  44 49 53
587  54 44 56  45 50 54
588  54 44 56  45 49 53
589  54 44 55  44 49 53
590  54 44 55  44 50 53
591  54 44 56  44 50 53
592  54 44 56  44 50 53
593  54 44 55  44 50 53
594  54 44 56  44 50 53
595  54 44 55  44 50 54
596  54 43 56  43 49 53
597  55 44 55  44 50 53
598  54 44 56  44 50 53
599  54 44 56  44 50 54
600  54 44 55  44 49 54
601  54 44 56  44 49 53
602  54 44 55  44 49 53
603  54 43 55  44 49 53
604  53 43 55  44 50 54
605  54 44 56  44 50 54
606  54 44 55  44 49 54
607  53 44 56  44 50 53
608  54 44 56  44 49 54
609  54 44 56  44 49 54
610  53 45 55  44 49 53
611  54 44 55  44 50 54
612  55 45 55  44 50 54
613  54 44 55  44 50 53
614  53 44 55  44 50 54
615  54 44 55  44 50 54
616  53 43 55  44 50 53
617  53 43 55  45 49 54
618  53 44 56  44 50 54
619  54 44 56  44 49 54
620  53 44 55  44 50 53
621  54 44 56  45 50 54
622  54 44 56  45 50 53
623  54 43 55  44 49 54
624  54 44 55  45 50 54
625  54 44 56  44 49 54
626  53 44 55  44 49 53
627  54 45 55  45 50 54
628  54 43 55  44 49 54
629  54 43 55  44 50 53
630  54 44 56  44 50 53
631  54 44 55  44 50 54
632  54 44 55  44 50 53
633  54 44 56  45 50 53
634  54 44 56  44 49 54
635  53 44 55  45 50 53
636  54 44 55  44 50 53
637  54 44 55  44 49 53
638  54 45 55  45 50 53
639  54 44 55  45 50 53
640  54 45 56  44 49 53
641  54 44 56  44 50 53
642  54 44 56  44 49 53
643  54 44 56  44 49 53
644  54 44 56  44 49 54
645  54 44 56  44 49 54
646  54 44 55  44 50 54
647  54 43 56  44 49 53
648  54 44 56  44 50 54
649  54 44 56  44 50 53
650  53 44 55  44 49 53
651  53 45 56  44 50 54
652  54 44 55  44 49 53
653  54 43 55  44 49 53
654  54 44 56  44 49 53
655  54 44 56  45 50 53
656  54 45 55  44 49 53
657  54 44 55  44 50 54
658  54 43 55  45 49 53
659  54 44 56  44 50 53
660  54 43 55  44 50 54
661  54 44 55  45 49 53
662  53 44 55  44 49 53
663  54 44 55  44 49 54
664  54 44 55  44 50 53
665  54 44 56  44 49 54
666  53 43 56  44 50 54
667  54 44 55  44 49 53
668  53 43 56  43 50 53
669  54 44 56  44 50 53
670  54 44 56  44 50 53
671  54 44 55  44 50 53
672  53 43 56  44 50 53
673  54 44 55  45 50 54
674  53 43 55  44 49 54
675  54 44 56  44 50 54
676  53 44 55  44 50 53
677  53 44 55  44 50 53
678  54 44 56  44 49 54
679  54 44 55  44 50 53
680  54 44 56  44 49 53
681  54 43 55  44 50 53
682  54 44 55  45 50 53
683  54 44 55  44 50 54
684  53 44 55  44 50 53
685  54 43 55  44 49 53
686  54 44 55  45 49 54
687  53 43 55  44 50 53
688  54 44 55  44 49 54
689  54 45 56  44 50 54
690  54 44 55  44 49 53
691  54 44 56  45 49 54
692  54 43 55  45 49 53
693  53 44 55  43 49 53
694  54 44 55  44 49 54
695  54 44 55  44 49 54
696  54 44 55  44 50 52
697  54 45 55  44 50 53
698  54 44 56  44 50 53
699  54 44 56  45 50 54
700  54 44 56  44 49 53
701  54 44 55  44 50 53
702  54 44 56  44 49 53
703  54 44 55  44 50 54
704  54 44 54  44 49 53
705  54 44 55  44 50 53
706  54 43 55  44 49 53
707  54 44 56  44 50 54
708  54 44 55  44 50 54
709  54 44 56  44 50 53
710  54 44 56  44 50 53
711  54 44 55  44 50 53
712  54 44 56  44 50 54
713  54 43 55  44 50 53
714  53 44 55  44 50 53
715  54 44 55  45 50 53
716  53 43 56  44 50 54
717  54 44 55  44 49 53
718  54 44 55  44 50 53
719  54 43 55  44 50 53
720  54 44 55  44 50 53
721  53 44 56  44 49 53
722  54 44 56  44 50 53
723  54 44 55  44 49 53
724  53 44 55  44 49 53
725  54 44 56  44 49 53
726  53 44 55  44 49 54
727  54 44 55  45 49 54
728  54 44 55  45 49 53
729  54 44 55  45 49 54
730  54 44 56  45 49 53
731  54 44 55  45 50 54
732  54 45 55  44 50 53
733  54 44 56  44 49 53
734  54 44 56  44 49 53
735  54 44 56  44 49 53
736  54 43 55  44 50 53
737  54 44 56  44 49 53
738  54 43 56  44 49 53
739  54 44 55  45 49 54
740  54 44 56  45 50 53
741  54 43 56  44 50 53
742  54 44 56  45 50 53
743  54 44 55  44 50 53
744  54 44 55  44 50 53
745  54 44 55  44 50 53
746  54 44 55  44 49 53
747  54 44 56  44 49 53
748  54 44 55  44 49 53
749  54 44 55  44 49 53
750  53 44 56  44 50 53
751  54 44 56  44 50 53
752  53 44 56  44 50 54
753  53 44 55  44 50 53
754  54 44 55  44 50 53
755  54 44 55  44 50 54
756  54 44 55  44 49 53
757  54 43 55  44 50 54
758  54 44 55  44 49 53
759  54 44 56  44 50 53
760  54 44 56  44 49 53
761  54 44 56  44 50 53
762  54 44 56  44 49 53
763  54 44 56  45 50 54
764  53 43 56  44 50 53
765  54 44 55  44 50 54
766  54 44 56  45 49 54
767  54 44 56  44 50 54
