54 0 44 0 56 0
55 0 45 0 57 0
56 0 46 0 58 0
57 0 47 0 59 5
58 1075 48 1080 60 1451
59 1586 49 1657 61 2171
60 2122 50 2096 62 2766
61 2530 51 2636 63 3150
62 2818 52 2967 64 3442
63 3139 53 3367 65 3593
64 3259 54 3339 66 3518
65 3174 55 3828 67 3582
66 3201 56 3424 68 3409
67 3083 57 3303 69 3489
68 3026 58 3133 70 3226
69 2879 59 3129 71 3127
70 2954 60 2996 72 3191
71 2718 61 2879 73 3034
72 2551 62 2800 74 2802
73 2482 63 2811 75 2840
74 2383 64 2671 76 2709
75 2405 65 2686 77 2600
76 2262 66 2673 78 2209
77 2350 67 2669 79 2654
78 1907 68 2724 80 2710
79 2476 69 2671 81 2707
80 2343 70 2818 82 2726
81 2442 71 2720 83 2656
82 2492 72 2760 84 2809
83 2473 73 2754 85 2810
84 2413 74 2640 86 2805
85 2410 75 2724 87 2689
86 2408 76 2648 88 2757
87 2495 77 2382 89 2976
88 2458 78 2373 90 2671
89 2707 79 2660 91 2814
90 2521 80 2643 92 2825
91 2521 81 2649 93 2682
92 2372 82 2600 94 2588
93 2559 83 2583 95 2657
94 2384 84 2454 96 2571
95 2386 85 2529 97 2466
96 2425 86 2475 98 2458
97 2313 87 2432 99 2358
98 2271 88 2339 100 2433
99 2313 89 2241 101 2327
100 2227 90 2126 102 2065
101 2178 91 2146 103 2111
102 2239 92 2112 104 2070
103 2184 93 2024 105 1986
104 2058 94 2031 106 1860
105 2031 95 1861 107 1860
106 2102 96 1820 108 1773
107 1860 97 1768 109 1676
108 1710 98 1648 110 1613
109 1753 99 1601 111 1541
110 1684 100 1536 112 1533
111 1666 101 1445 113 1487
112 1674 102 1568 114 1359
113 1494 103 1451 115 1299
114 1429 104 1368 116 1096
115 1099 105 1338 117 1162
116 1299 106 1194 118 1155
117 1309 107 1149 119 1103
118 1255 108 975 120 1118
119 1270 109 1028 121 1098
120 1219 110 1013 122 1028
121 1223 111 990 123 949
122 1067 112 947 124 916
123 1008 113 893 125 846
124 926 114 897 126 868
125 1003 115 839 127 782
126 951 116 794 128 721
127 928 117 776 129 720
128 871 118 725 130 684
129 863 119 798 131 669
130 858 120 725 132 620
131 760 121 649 133 608
132 681 122 662 134 582
133 691 123 602 135 550
134 773 124 619 136 572
135 651 125 575 137 506
136 660 126 552 138 459
137 619 127 546 139 466
138 595 128 507 140 424
139 571 129 489 141 386
140 520 130 489 142 352
141 491 131 449 143 391
142 377 132 393 144 365
143 496 133 450 145 366
144 451 134 431 146 357
145 423 135 400 147 321
146 459 136 356 148 331
147 427 137 332 149 322
148 387 138 324 150 313
149 376 139 320 151 304
150 401 140 354 152 273
151 332 141 256 153 292
152 369 142 287 154 251
153 382 143 289 155 259
154 964 144 792 156 691
155 912 145 767 157 616
156 790 146 687 158 588
157 704 147 594 159 509
158 701 148 588 160 424
159 623 149 517 161 393
160 473 150 430 162 348
161 449 151 393 163 328
162 428 152 388 164 303
163 436 153 300 165 285
164 417 154 284 166 243
165 346 155 242 167 254
166 313 156 231 168 224
167 273 157 224 169 176
168 282 158 201 170 188
169 251 159 191 171 163
170 227 160 188 172 141
171 219 161 183 173 144
172 213 162 141 174 147
173 162 163 149 175 117
174 184 164 109 176 100
175 169 165 118 177 110
176 145 166 116 178 93
177 135 167 105 179 95
178 130 168 95 180 98
179 110 169 91 181 94
180 141 170 84 182 75
181 106 171 89 183 87
182 93 172 80 184 75
183 77 173 86 185 56
184 96 174 56 186 61
185 69 175 59 187 59
186 76 176 59 188 48
187 84 177 66 189 53
188 74 178 63 190 69
189 64 179 62 191 39
190 53 180 51 192 42
191 52 181 50 193 44
192 54 182 41 194 36
193 55 183 47 195 52
194 44 184 47 196 33
195 53 185 31 197 38
196 51 186 37 198 36
197 40 187 31 199 28
198 48 188 38 200 26
199 36 189 42 201 29
200 41 190 29 202 30
201 33 191 22 203 31
202 30 192 26 204 26
203 986 193 728 205 702
