0 1204735 985773 1237412
25 1206542 985859 1237683
50 1503972 1094891 1318208
75 1980335 1707822 1962689
100 1754442 1564284 1818346
125 1554495 1364435 1615281
150 1425455 1231855 1480610
175 1342289 1139928 1390616
200 1286370 1085158 1335809
225 1251273 1045349 1296461
250 1233999 1021030 1274138
275 1221155 1006936 1261503
300 1213788 999248 1253663
325 1209818 995251 1248320
350 1207844 991664 1244927
375 1206972 989032 1242930
400 1206465 988342 1242486
425 1205738 987901 1241693
450 1205884 987398 1241284
475 1205780 987136 1240596
