1097 20 897 7 1126 5 3121 0
1098 21 898 31 1127 11 3122 0
1099 78 899 70 1128 26 3123 1
1100 143 900 108 1129 32 3124 8
1101 240 901 175 1130 85 3125 27
1102 360 902 311 1131 135 3126 54
1103 435 903 387 1132 194 3127 84
1104 560 904 484 1133 287 3128 174
1105 649 905 542 1134 402 3129 237
1106 759 906 587 1135 466 3130 299
1107 782 907 742 1136 510 3131 415
1108 884 908 786 1137 630 3132 491
1109 959 909 864 1138 701 3133 612
1110 985 910 908 1139 823 3134 680
1111 1061 911 957 1140 907 3135 760
1112 1127 912 1001 1141 949 3136 872
1113 1124 913 1087 1142 1003 3137 955
1114 1112 914 1043 1143 1053 3138 989
1115 1177 915 1066 1144 1127 3139 1098
1116 1153 916 1177 1145 1135 3140 1156
1117 1151 917 1128 1146 1232 3141 1232
1118 1208 918 1144 1147 1186 3142 1295
1119 1188 919 1237 1148 1221 3143 1292
1120 1181 920 1165 1149 1259 3144 1337
1121 1213 921 1188 1150 1248 3145 1387
1122 1187 922 1197 1151 1184 3146 1342
1123 1167 923 1238 1152 1284 3147 1331
1124 1167 924 1245 1153 1248 3148 1390
1125 1158 925 1173 1154 1214 3149 1326
1126 1135 926 1135 1155 1308 3150 1315
1127 1121 927 1177 1156 1276 3151 1321
1128 1078 928 1111 1157 1212 3152 1278
1129 1077 929 1159 1158 1283 3153 1292
1130 1062 930 1091 1159 1205 3154 1194
1131 1008 931 1177 1160 1230 3155 1238
1132 998 932 1102 1161 1137 3156 1175
1133 1043 933 1124 1162 1157 3157 1153
1134 985 934 1141 1163 1070 3158 1119
1135 957 935 1059 1164 1097 3159 1103
1136 1049 936 1102 1165 1075 3160 1098
1137 985 937 1034 1166 1069 3161 1049
1138 886 938 1050 1167 1097 3162 1081
1139 931 939 982 1168 1056 3163 977
1140 958 940 1013 1169 1001 3164 1052
1141 897 941 987 1170 991 3165 1022
1142 912 942 900 1171 1038 3166 945
1143 913 943 870 1172 991 3167 945
1144 835 944 889 1173 906 3168 915
1145 826 945 916 1174 915 3169 881
1146 821 946 923 1175 932 3170 923
1147 754 947 913 1176 846 3171 885
1148 851 948 803 1177 844 3172 827
1149 826 949 856 1178 840 3173 860
1150 837 950 835 1179 832 3174 844
1151 764 951 831 1180 805 3175 828
1152 787 952 828 1181 866 3176 761
1153 775 953 821 1182 872 3177 805
1154 779 954 828 1183 855 3178 759
1155 779 955 762 1184 812 3179 748
1156 735 956 807 1185 844 3180 788
1157 713 957 781 1186 770 3181 725
1158 738 958 792 1187 800 3182 733
1159 701 959 776 1188 776 3183 700
1160 782 960 784 1189 780 3184 727
1161 775 961 796 1190 756 3185 727
1162 708 962 739 1191 853 3186 630
1163 739 963 816 1192 807 3187 687
1164 708 964 731 1193 763 3188 635
1165 671 965 793 1194 764 3189 644
1166 697 966 765 1195 863 3190 624
1167 730 967 761 1196 747 3191 659
1168 712 968 772 1197 761 3192 619
1169 729 969 797 1198 810 3193 653
1170 730 970 743 1199 767 3194 589
1171 762 971 744 1200 749 3195 648
1172 726 972 804 1201 810 3196 610
1173 737 973 776 1202 743 3197 635
1174 753 974 773 1203 789 3198 587
1175 730 975 820 1204 750 3199 573
1176 736 976 805 1205 785 3200 609
1177 739 977 776 1206 796 3201 611
1178 735 978 817 1207 838 3202 573
1179 756 979 824 1208 809 3203 567
1180 776 980 853 1209 834 3204 579
1181 789 981 851 1210 809 3205 642
1182 768 982 853 1211 827 3206 593
1183 737 983 854 1212 911 3207 586
1184 750 984 832 1213 818 3208 646
1185 743 985 876 1214 897 3209 603
1186 740 986 841 1215 860 3210 580
1187 836 987 861 1216 856 3211 588
1188 758 988 849 1217 884 3212 639
1189 862 989 847 1218 898 3213 637
1190 791 990 935 1219 904 3214 638
1191 820 991 846 1220 919 3215 643
1192 844 992 895 1221 899 3216 677
1193 818 993 897 1222 949 3217 708
1194 849 994 870 1223 954 3218 741
1195 851 995 853 1224 933 3219 758
1196 855 996 872 1225 920 3220 745
1197 832 997 905 1226 991 3221 768
1198 883 998 920 1227 869 3222 721
1199 926 999 929 1228 910 3223 800
1200 811 1000 931 1229 954 3224 842
1201 845 1001 912 1230 987 3225 800
1202 854 1002 909 1231 933 3226 816
1203 890 1003 912 1232 1002 3227 915
1204 913 1004 902 1233 961 3228 899
1205 866 1005 914 1234 975 3229 871
1206 890 1006 896 1235 990 3230 953
1207 836 1007 895 1236 1016 3231 945
1208 911 1008 957 1237 964 3232 983
1209 883 1009 909 1238 961 3233 955
1210 918 1010 925 1239 994 3234 1085
1211 850 1011 973 1240 972 3235 1071
1212 895 1012 922 1241 993 3236 1089
1213 894 1013 917 1242 945 3237 1071
1214 861 1014 925 1243 1005 3238 1107
1215 908 1015 947 1244 994 3239 1129
1216 904 1016 896 1245 957 3240 1136
1217 870 1017 880 1246 958 3241 1203
1218 898 1018 946 1247 923 3242 1154
1219 859 1019 902 1248 944 3243 1263
1220 867 1020 848 1249 953 3244 1198
1221 885 1021 931 1250 955 3245 1150
1222 846 1022 925 1251 904 3246 1196
1223 815 1023 852 1252 910 3247 1195
1224 828 1024 907 1253 912 3248 1186
1225 859 1025 876 1254 892 3249 1214
1226 858 1026 843 1255 912 3250 1108
1227 865 1027 854 1256 892 3251 1131
1228 856 1028 888 1257 866 3252 1231
1229 823 1029 870 1258 900 3253 1232
1230 798 1030 867 1259 883 3254 1125
1231 857 1031 750 1260 898 3255 1163
1232 825 1032 765 1261 880 3256 1208
1233 902 1033 834 1262 857 3257 1200
1234 846 1034 837 1263 825 3258 1174
1235 831 1035 823 1264 845 3259 1205
1236 788 1036 754 1265 809 3260 1173
1237 846 1037 785 1266 778 3261 1086
1238 822 1038 807 1267 816 3262 1140
1239 789 1039 739 1268 788 3263 1037
1240 779 1040 751 1269 798 3264 1028
1241 784 1041 776 1270 806 3265 977
1242 751 1042 730 1271 807 3266 1023
1243 752 1043 794 1272 775 3267 996
1244 741 1044 753 1273 796 3268 969
1245 769 1045 755 1274 782 3269 933
1246 753 1046 726 1275 753 3270 943
1247 725 1047 709 1276 753 3271 935
1248 732 1048 667 1277 683 3272 895
1249 718 1049 701 1278 661 3273 879
1250 698 1050 665 1279 675 3274 818
1251 743 1051 721 1280 679 3275 872
1252 666 1052 648 1281 645 3276 849
1253 673 1053 679 1282 670 3277 797
1254 658 1054 679 1283 649 3278 783
1255 682 1055 648 1284 582 3279 745
1256 725 1056 649 1285 617 3280 742
1257 633 1057 638 1286 639 3281 762
1258 649 1058 617 1287 601 3282 729
1259 629 1059 597 1288 607 3283 720
1260 587 1060 602 1289 607 3284 673
1261 625 1061 581 1290 615 3285 653
1262 585 1062 565 1291 563 3286 638
1263 601 1063 552 1292 624 3287 638
1264 582 1064 545 1293 539 3288 616
1265 587 1065 545 1294 546 3289 614
1266 615 1066 482 1295 544 3290 573
1267 559 1067 562 1296 503 3291 574
1268 572 1068 551 1297 523 3292 585
1269 560 1069 524 1298 498 3293 562
1270 525 1070 493 1299 469 3294 481
1271 539 1071 569 1300 499 3295 523
1272 482 1072 513 1301 483 3296 526
1273 495 1073 515 1302 469 3297 502
1274 543 1074 470 1303 465 3298 476
1275 497 1075 454 1304 468 3299 497
1276 480 1076 477 1305 461 3300 482
1277 486 1077 446 1306 433 3301 470
1278 458 1078 422 1307 414 3302 436
1279 498 1079 402 1308 400 3303 451
1280 496 1080 451 1309 462 3304 417
1281 448 1081 383 1310 414 3305 377
1282 465 1082 376 1311 414 3306 392
1283 501 1083 398 1312 405 3307 321
1284 432 1084 407 1313 410 3308 379
1285 426 1085 369 1314 421 3309 343
1286 427 1086 414 1315 352 3310 334
1287 389 1087 374 1316 383 3311 340
1288 398 1088 368 1317 323 3312 353
1289 373 1089 390 1318 315 3313 318
1290 376 1090 338 1319 353 3314 326
1291 376 1091 344 1320 355 3315 327
1292 359 1092 386 1321 333 3316 307
1293 357 1093 347 1322 322 3317 268
1294 372 1094 339 1323 341 3318 305
1295 416 1095 334 1324 290 3319 293
1296 345 1096 331 1325 305 3320 274
1297 350 1097 314 1326 292 3321 265
1298 347 1098 317 1327 293 3322 285
1299 330 1099 315 1328 291 3323 230
1300 323 1100 308 1329 267 3324 243
1301 311 1101 292 1330 247 3325 261
1302 290 1102 285 1331 259 3326 226
1303 291 1103 275 1332 274 3327 239
1304 313 1104 287 1333 247 3328 217
1305 338 1105 257 1334 251 3329 232
1306 301 1106 263 1335 248 3330 234
1307 279 1107 272 1336 222 3331 215
1308 301 1108 267 1337 249 3332 209
1309 278 1109 230 1338 223 3333 229
1310 271 1110 236 1339 231 3334 217
1311 266 1111 236 1340 225 3335 207
1312 254 1112 249 1341 229 3336 213
1313 262 1113 240 1342 247 3337 206
1314 242 1114 244 1343 223 3338 188
1315 258 1115 221 1344 232 3339 187
1316 235 1116 219 1345 209 3340 156
1317 226 1117 188 1346 187 3341 192
1318 230 1118 225 1347 184 3342 179
1319 244 1119 210 1348 217 3343 179
1320 231 1120 207 1349 202 3344 177
1321 226 1121 196 1350 163 3345 156
1322 234 1122 207 1351 171 3346 183
1323 213 1123 217 1352 169 3347 166
1324 201 1124 210 1353 168 3348 146
1325 202 1125 197 1354 171 3349 151
1326 190 1126 195 1355 155 3350 178
1327 194 1127 171 1356 148 3351 154
1328 189 1128 181 1357 133 3352 150
1329 187 1129 170 1358 174 3353 128
1330 198 1130 166 1359 140 3354 145
1331 205 1131 169 1360 145 3355 116
1332 179 1132 162 1361 155 3356 150
1333 172 1133 152 1362 135 3357 132
1334 174 1134 158 1363 135 3358 126
1335 174 1135 164 1364 149 3359 134
1336 156 1136 151 1365 143 3360 119
1337 183 1137 137 1366 138 3361 125
1338 148 1138 136 1367 130 3362 136
1339 130 1139 130 1368 150 3363 124
1340 151 1140 136 1369 119 3364 95
1341 157 1141 140 1370 128 3365 110
1342 153 1142 137 1371 123 3366 108
1343 161 1143 129 1372 128 3367 125
1344 137 1144 140 1373 104 3368 93
1345 136 1145 132 1374 125 3369 121
1346 141 1146 141 1375 114 3370 100
1347 145 1147 117 1376 112 3371 104
1348 119 1148 111 1377 99 3372 114
1349 123 1149 133 1378 113 3373 104
1350 147 1150 129 1379 111 3374 85
1351 113 1151 126 1380 95 3375 98
1352 146 1152 118 1381 91 3376 101
1353 127 1153 103 1382 80 3377 82
1354 107 1154 109 1383 113 3378 93
1355 129 1155 98 1384 119 3379 88
1356 137 1156 115 1385 76 3380 99
1357 122 1157 100 1386 110 3381 88
1358 106 1158 107 1387 83 3382 89
1359 110 1159 90 1388 97 3383 86
1360 137 1160 112 1389 93 3384 87
1361 119 1161 108 1390 75 3385 87
1362 132 1162 114 1391 101 3386 85
1363 114 1163 117 1392 77 3387 80
1364 99 1164 97 1393 80 3388 98
1365 81 1165 109 1394 92 3389 90
1366 123 1166 90 1395 61 3390 72
1367 107 1167 77 1396 86 3391 74
1368 106 1168 98 1397 77 3392 87
1369 124 1169 83 1398 86 3393 71
1370 84 1170 80 1399 92 3394 69
1371 86 1171 79 1400 62 3395 83
1372 93 1172 86 1401 69 3396 67
1373 93 1173 84 1402 90 3397 69
1374 84 1174 95 1403 77 3398 74
1375 92 1175 81 1404 80 3399 74
1376 86 1176 69 1405 67 3400 66
1377 86 1177 72 1406 67 3401 65
1378 75 1178 72 1407 75 3402 74
1379 77 1179 67 1408 56 3403 67
1380 74 1180 83 1409 66 3404 66
1381 72 1181 76 1410 83 3405 74
1382 61 1182 75 1411 65 3406 59
1383 73 1183 64 1412 45 3407 46
1384 68 1184 80 1413 49 3408 64
1385 75 1185 62 1414 61 3409 69
1386 79 1186 74 1415 48 3410 56
1387 65 1187 68 1416 64 3411 49
1388 73 1188 69 1417 48 3412 56
1389 60 1189 70 1418 63 3413 46
1390 68 1190 64 1419 53 3414 33
1391 56 1191 69 1420 53 3415 39
1392 53 1192 59 1421 75 3416 69
1393 66 1193 64 1422 59 3417 55
1394 73 1194 58 1423 60 3418 58
1395 82 1195 62 1424 54 3419 47
1396 67 1196 52 1425 46 3420 59
1397 65 1197 57 1426 52 3421 43
1398 57 1198 59 1427 49 3422 41
1399 65 1199 49 1428 55 3423 53
1400 71 1200 42 1429 56 3424 58
1401 51 1201 55 1430 36 3425 47
1402 57 1202 57 1431 54 3426 47
1403 43 1203 62 1432 56 3427 45
1404 50 1204 55 1433 44 3428 43
1405 48 1205 48 1434 43 3429 38
1406 57 1206 53 1435 44 3430 57
1407 59 1207 44 1436 45 3431 36
1408 71 1208 50 1437 41 3432 41
1409 63 1209 49 1438 48 3433 38
1410 46 1210 47 1439 42 3434 41
1411 41 1211 42 1440 34 3435 49
1412 49 1212 51 1441 41 3436 48
1413 49 1213 61 1442 51 3437 43
1414 55 1214 41 1443 50 3438 45
1415 43 1215 35 1444 47 3439 33
1416 50 1216 34 1445 43 3440 41
1417 53 1217 29 1446 44 3441 38
1418 47 1218 58 1447 45 3442 36
1419 43 1219 49 1448 39 3443 35
1420 46 1220 57 1449 50 3444 33
1421 47 1221 31 1450 37 3445 38
1422 49 1222 62 1451 40 3446 32
1423 56 1223 35 1452 35 3447 30
1424 36 1224 39 1453 30 3448 35
1425 33 1225 33 1454 48 3449 33
1426 41 1226 43 1455 26 3450 35
1427 51 1227 38 1456 29 3451 26
1428 32 1228 28 1457 28 3452 28
1429 35 1229 35 1458 34 3453 28
1430 51 1230 43 1459 45 3454 30
1431 46 1231 28 1460 31 3455 29
1432 26 1232 43 1461 42 3456 31
1433 28 1233 27 1462 35 3457 33
1434 38 1234 46 1463 28 3458 28
1435 47 1235 33 1464 43 3459 37
1436 43 1236 40 1465 23 3460 21
1437 59 1237 36 1466 27 3461 38
1438 43 1238 35 1467 30 3462 33
1439 31 1239 40 1468 23 3463 28
1440 34 1240 43 1469 36 3464 40
1441 44 1241 32 1470 28 3465 24
1442 37 1242 37 1471 28 3466 35
1443 34 1243 32 1472 33 3467 26
1444 52 1244 31 1473 32 3468 24
1445 39 1245 35 1474 41 3469 31
1446 34 1246 28 1475 28 3470 21
1447 40 1247 34 1476 24 3471 20
1448 44 1248 31 1477 29 3472 38
1449 38 1249 28 1478 34 3473 21
1450 43 1250 34 1479 37 3474 22
1451 37 1251 33 1480 24 3475 27
1452 30 1252 30 1481 26 3476 22
1453 19 1253 20 1482 28 3477 27
1454 36 1254 29 1483 25 3478 30
1455 30 1255 34 1484 18 3479 30
1456 39 1256 19 1485 25 3480 18
1457 23 1257 25 1486 33 3481 26
1458 36 1258 22 1487 25 3482 17
1459 32 1259 20 1488 33 3483 33
1460 41 1260 26 1489 29 3484 22
1461 29 1261 23 1490 24 3485 25
1462 26 1262 19 1491 22 3486 19
1463 30 1263 30 1492 22 3487 22
1464 38 1264 27 1493 22 3488 21
1465 32 1265 25 1494 26 3489 26
1466 41 1266 17 1495 23 3490 16
1467 29 1267 23 1496 28 3491 19
1468 20 1268 21 1497 27 3492 19
1469 24 1269 14 1498 30 3493 18
1470 20 1270 23 1499 18 3494 16
1471 28 1271 33 1500 23 3495 17
1472 32 1272 25 1501 13 3496 14
1473 33 1273 30 1502 24 3497 14
1474 31 1274 16 1503 23 3498 19
1475 30 1275 22 1504 20 3499 22
1476 31 1276 19 1505 23 3500 19
1477 21 1277 24 1506 25 3501 13
1478 27 1278 19 1507 22 3502 23
1479 23 1279 19 1508 21 3503 18
1480 30 1280 24 1509 23 3504 14
1481 17 1281 16 1510 20 3505 13
1482 18 1282 21 1511 24 3506 13
1483 23 1283 20 1512 23 3507 16
1484 17 1284 19 1513 34 3508 19
1485 23 1285 19 1514 20 3509 15
1486 24 1286 22 1515 18 3510 18
1487 19 1287 22 1516 17 3511 15
1488 25 1288 27 1517 23 3512 9
1489 20 1289 15 1518 17 3513 21
1490 23 1290 18 1519 16 3514 23
1491 28 1291 21 1520 22 3515 18
1492 31 1292 22 1521 20 3516 20
1493 20 1293 17 1522 19 3517 11
1494 19 1294 18 1523 23 3518 12
1495 25 1295 21 1524 15 3519 15
1496 24 1296 23 1525 18 3520 16
1497 57 1297 56 1526 43 3521 46
1498 49 1298 50 1527 59 3522 48
1499 77 1299 50 1528 47 3523 33
1500 56 1300 45 1529 45 3524 50
1501 62 1301 60 1530 44 3525 43
1502 62 1302 55 1531 40 3526 31
1503 56 1303 60 1532 50 3527 34
1504 68 1304 47 1533 51 3528 38
1505 52 1305 46 1534 26 3529 37
1506 51 1306 50 1535 43 3530 27
1507 38 1307 42 1536 34 3531 36
1508 43 1308 39 1537 35 3532 24
1509 52 1309 47 1538 39 3533 38
1510 39 1310 34 1539 39 3534 26
1511 42 1311 40 1540 39 3535 22
1512 40 1312 30 1541 35 3536 27
1513 33 1313 40 1542 35 3537 26
1514 53 1314 35 1543 34 3538 29
1515 27 1315 28 1544 30 3539 25
1516 40 1316 35 1545 29 3540 23
1517 24 1317 38 1546 31 3541 25
1518 41 1318 23 1547 20 3542 19
1519 38 1319 31 1548 38 3543 22
1520 29 1320 29 1549 27 3544 20
1521 33 1321 23 1550 34 3545 21
1522 24 1322 32 1551 27 3546 22
1523 26 1323 27 1552 23 3547 21
1524 24 1324 24 1553 22 3548 24
1525 27 1325 23 1554 24 3549 27
1526 36 1326 21 1555 30 3550 19
1527 29 1327 20 1556 26 3551 22
1528 27 1328 21 1557 20 3552 12
1529 26 1329 18 1558 17 3553 18
1530 31 1330 17 1559 18 3554 13
1531 38 1331 23 1560 18 3555 22
1532 25 1332 20 1561 16 3556 13
1533 17 1333 18 1562 22 3557 11
1534 27 1334 21 1563 13 3558 19
1535 23 1335 15 1564 21 3559 12
1536 18 1336 16 1565 16 3560 22
1537 24 1337 18 1566 14 3561 18
1538 16 1338 20 1567 13 3562 13
1539 26 1339 21 1568 15 3563 13
1540 16 1340 17 1569 16 3564 24
1541 25 1341 19 1570 17 3565 11
1542 21 1342 7 1571 13 3566 15
1543 18 1343 12 1572 13 3567 10
1544 21 1344 24 1573 12 3568 8
1545 24 1345 24 1574 17 3569 10
1546 16 1346 12 1575 10 3570 7
1547 14 1347 11 1576 14 3571 6
1548 15 1348 17 1577 11 3572 11
1549 18 1349 17 1578 11 3573 13
1550 25 1350 14 1579 9 3574 14
1551 15 1351 14 1580 13 3575 10
1552 18 1352 14 1581 10 3576 12
1553 12 1353 13 1582 12 3577 10
1554 9 1354 16 1583 7 3578 9
1555 13 1355 12 1584 15 3579 12
1556 9 1356 13 1585 11 3580 10
1557 12 1357 8 1586 7 3581 14
1558 14 1358 6 1587 10 3582 4
1559 10 1359 9 1588 8 3583 7
1560 13 1360 13 1589 7 3584 5
1561 9 1361 13 1590 5 3585 5
1562 18 1362 16 1591 16 3586 12
1563 14 1363 13 1592 10 3587 10
1564 15 1364 15 1593 9 3588 6
1565 12 1365 9 1594 12 3589 11
1566 17 1366 7 1595 11 3590 5
1567 13 1367 11 1596 15 3591 4
1568 14 1368 6 1597 9 3592 5
1569 8 1369 5 1598 8 3593 13
1570 15 1370 11 1599 15 3594 5
1571 6 1371 6 1600 11 3595 3
1572 16 1372 7 1601 5 3596 4
1573 11 1373 8 1602 7 3597 6
1574 6 1374 6 1603 5 3598 2
1575 9 1375 4 1604 10 3599 8
1576 10 1376 9 1605 6 3600 8
1577 14 1377 9 1606 7 3601 8
1578 9 1378 6 1607 6 3602 7
1579 11 1379 3 1608 1 3603 7
1580 7 1380 5 1609 5 3604 6
1581 8 1381 10 1610 4 3605 4
1582 10 1382 6 1611 10 3606 7
1583 7 1383 1 1612 4 3607 5
1584 2 1384 8 1613 13 3608 6
1585 10 1385 4 1614 2 3609 2
1586 5 1386 5 1615 3 3610 6
1587 7 1387 9 1616 6 3611 7
1588 8 1388 7 1617 3 3612 4
1589 6 1389 1 1618 4 3613 1
1590 9 1390 6 1619 4 3614 6
1591 4 1391 8 1620 6 3615 3
1592 8 1392 4 1621 5 3616 3
1593 7 1393 7 1622 7 3617 5
1594 7 1394 2 1623 6 3618 2
1595 7 1395 4 1624 3 3619 1
1596 5 1396 3 1625 4 3620 6
1597 5 1397 8 1626 7 3621 6
1598 5 1398 7 1627 5 3622 6
1599 3 1399 14 1628 5 3623 2
1600 4 1400 6 1629 6 3624 4
1601 4 1401 6 1630 8 3625 2
1602 4 1402 4 1631 5 3626 2
1603 6 1403 8 1632 7 3627 5
1604 4 1404 5 1633 6 3628 3
1605 1 1405 4 1634 3 3629 5
1606 6 1406 1 1635 6 3630 4
1607 7 1407 2 1636 6 3631 3
1608 2 1408 5 1637 3 3632 1
1609 2 1409 3 1638 6 3633 3
1610 8 1410 4 1639 3 3634 1
1611 5 1411 0 1640 5 3635 0
1612 4 1412 5 1641 5 3636 7
1613 6 1413 1 1642 6 3637 3
1614 6 1414 4 1643 4 3638 3
1615 2 1415 7 1644 5 3639 3
1616 7 1416 3 1645 2 3640 3
1617 5 1417 2 1646 3 3641 6
1618 6 1418 5 1647 4 3642 4
1619 6 1419 3 1648 4 3643 0
1620 3 1420 8 1649 3 3644 3
1621 1 1421 3 1650 2 3645 2
1622 5 1422 7 1651 4 3646 2
1623 3 1423 5 1652 4 3647 4
1624 4 1424 6 1653 2 3648 6
1625 2 1425 5 1654 2 3649 4
1626 2 1426 3 1655 4 3650 3
1627 2 1427 5 1656 2 3651 2
1628 3 1428 2 1657 5 3652 6
1629 6 1429 2 1658 2 3653 2
1630 2 1430 2 1659 4 3654 2
1631 2 1431 3 1660 3 3655 0
1632 3 1432 2 1661 5 3656 6
1633 4 1433 2 1662 5 3657 2
1634 4 1434 3 1663 3 3658 5
1635 1 1435 2 1664 3 3659 7
1636 3 1436 2 1665 4 3660 4
1637 5 1437 2 1666 2 3661 0
1638 5 1438 3 1667 1 3662 0
1639 7 1439 2 1668 3 3663 2
1640 6 1440 3 1669 5 3664 2
1641 4 1441 6 1670 3 3665 2
1642 2 1442 4 1671 3 3666 6
1643 3 1443 7 1672 2 3667 2
1644 2 1444 2 1673 3 3668 3
1645 3 1445 5 1674 0 3669 3
1646 4 1446 0 1675 5 3670 2
1647 3 1447 2 1676 1 3671 3
1648 0 1448 4 1677 1 3672 1
1649 2 1449 3 1678 3 3673 4
1650 5 1450 4 1679 1 3674 3
1651 2 1451 4 1680 1 3675 2
1652 3 1452 1 1681 5 3676 2
1653 0 1453 4 1682 2 3677 3
1654 4 1454 0 1683 2 3678 3
1655 4 1455 0 1684 2 3679 3
1656 0 1456 1 1685 2 3680 1
1657 3 1457 3 1686 1 3681 1
1658 2 1458 3 1687 0 3682 3
1659 2 1459 1 1688 2 3683 2
1660 4 1460 1 1689 2 3684 0
1661 2 1461 4 1690 0 3685 2
1662 3 1462 3 1691 2 3686 4
1663 4 1463 1 1692 1 3687 2
1664 2 1464 1 1693 2 3688 4
1665 3 1465 0 1694 2 3689 1
1666 1 1466 2 1695 1 3690 2
1667 2 1467 0 1696 2 3691 0
1668 2 1468 2 1697 1 3692 1
1669 1 1469 1 1698 0 3693 3
1670 0 1470 6 1699 1 3694 3
1671 3 1471 2 1700 2 3695 4
1672 3 1472 0 1701 0 3696 0
1673 1 1473 4 1702 0 3697 5
1674 5 1474 1 1703 2 3698 0
1675 2 1475 2 1704 2 3699 2
1676 2 1476 1 1705 2 3700 0
1677 1 1477 1 1706 2 3701 1
1678 1 1478 2 1707 2 3702 1
1679 3 1479 1 1708 1 3703 0
1680 4 1480 1 1709 1 3704 0
1681 4 1481 3 1710 0 3705 0
1682 5 1482 3 1711 1 3706 1
1683 0 1483 0 1712 1 3707 3
1684 2 1484 1 1713 2 3708 0
1685 4 1485 0 1714 0 3709 4
1686 2 1486 0 1715 2 3710 0
1687 1 1487 0 1716 3 3711 1
1688 2 1488 1 1717 1 3712 0
1689 1 1489 3 1718 3 3713 1
1690 0 1490 2 1719 1 3714 0
1691 1 1491 2 1720 1 3715 4
1692 1 1492 2 1721 2 3716 1
1693 3 1493 1 1722 2 3717 1
1694 1 1494 1 1723 2 3718 3
1695 2 1495 1 1724 2 3719 0
1696 276 1496 262 1725 239 3720 0
