0.01
0.01
0.80
8.87
8.87
8.87
5.54
3.40
1.55
1.28
0.77
0.67
0.41
0.18
0.12
0.14
0.05
0.12
0.04
0.06
0.02
0.01
0.01
-0.00
-0.00
0.01
-0.00
-0.01
-0.00
-0.00
-0.00
-0.00
-0.00
-0.00
-0.00
-0.00
-0.00
-0.00
-0.00
-0.01
0.03
0.00
-0.01
0.00
0.00
0.00
-0.01
0.00
-0.01
-0.01
0.00
0.00
-0.01
-0.01
0.00
0.00
-0.01
0.00
-0.01
0.00
-0.01
0.00
0.00
0.00
0.04
0.01
0.01
-0.00
-0.00
0.01
-0.00
-0.00
-0.00
0.01
0.01
-0.00
0.01
0.01
0.01
-0.00
-0.00
-0.00
-0.00
-0.00
-0.00
0.01
0.01
-0.00
0.01
-0.00
-0.00
-0.00
0.01
-0.00
-0.00
0.01
0.01
-0.00
-0.00
0.01
-0.00
-0.00
-0.01
-0.00
-0.00
-0.00
0.00
0.00
0.00
0.00
0.00
-0.00
-0.00
-0.00
-0.00
0.00
0.00
-0.00
0.00
-0.00
0.00
0.00
0.23
0.01
0.01
0.01
-0.00
0.01
-0.00
-0.00
-0.00
0.01
