  0  48 49 42  50 53 50
  1  47 50 42  50 54 50
  2  48 50 41  49 53 50
  3  47 50 41  49 53 50
  4  48 50 41  50 53 50
  5  47 50 41  50 53 50
  6  48 50 41  51 53 50
  7  47 50 41  50 53 50
  8  48 50 41  50 53 50
  9  47 50 41  50 53 49
 10  47 49 41  50 53 50
 11  47 50 41  50 53 50
 12  48 50 41  50 53 50
 13  47 50 41  50 53 50
 14  47 50 41  50 54 50
 15  47 51 42  50 53 50
 16  48 50 41  50 53 50
 17  48 50 41  50 54 50
 18  47 50 41  50 54 50
 19  48 50 41  50 54 50
 20  48 50 41  50 53 50
 21  48 50 41  50 53 50
 22  47 49 41  50 53 50
 23  47 50 41  50 52 50
 24  48 50 41  49 53 50
 25  47 50 41  50 53 51
 26  47 49 41  50 53 50
 27  47 50 41  50 53 51
 28  47 50 41  50 53 50
 29  47 50 41  50 53 50
 30  47 50 41  50 53 50
 31  48 50 41  50 53 50
 32  47 50 42  50 53 50
 33  48 50 42  50 53 50
 34  47 50 41  50 53 50
 35  48 50 41  50 54 50
 36  47 50 41  50 53 50
 37  47 49 42  50 54 51
 38  48 50 41  50 53 50
 39  47 49 41  50 53 50
 40  47 50 41  50 53 50
 41  47 49 41  50 54 50
 42  47 50 41  50 53 50
 43  48 50 42  50 53 50
 44  47 49 41  50 54 50
 45  48 50 41  51 54 50
 46  47 50 41  50 54 50
 47  48 50 41  50 53 50
 48  47 50 41  50 53 50
 49  48 50 41  50 53 50
 50  46 50 41  50 53 50
 51  47 50 41  50 53 50
 52  47 50 41  50 53 50
 53  47 50 41  50 54 51
 54  46 50 41  50 53 50
 55  47 50 41  50 54 50
 56  47 49 41  50 54 50
 57  47 49 41  50 53 50
 58  47 50 41  50 53 50
 59  48 51 41  50 53 50
 60  48 50 41  50 53 50
 61  47 50 42  50 54 50
 62  47 50 41  50 53 50
 63  47 50 41  50 53 50
 64  47 50 41  50 53 51
 65  47 50 41  50 53 50
 66  47 50 41  50 53 50
 67  47 49 41  50 53 50
 68  47 50 41  50 53 50
 69  47 50 41  50 54 50
 70  47 50 41  49 53 50
 71  47 50 41  49 53 50
 72  47 50 41  50 53 50
 73  48 50 41  50 53 50
 74  47 50 41  50 53 51
 75  47 50 41  50 53 50
 76  48 50 41  50 53 50
 77  48 50 41  50 54 50
 78  47 50 41  50 54 50
 79  47 49 41  50 53 50
 80  47 50 41  50 53 50
 81  47 50 41  50 53 50
 82  46 50 41  50 53 50
 83  48 50 41  50 54 50
 84  48 50 41  50 53 50
 85  47 50 41  50 53 50
 86  47 50 41  50 53 50
 87  48 50 42  50 54 50
 88  47 49 41  50 53 50
 89  47 49 41  50 53 50
 90  48 50 41  50 53 50
 91  48 50 41  50 53 50
 92  48 50 40  50 53 49
 93  47 50 41  50 54 50
 94  47 50 41  50 53 50
 95  48 50 41  49 53 50
 96  47 49 41  50 53 50
 97  48 50 41  50 53 50
 98  48 50 42  50 53 50
 99  47 50 42  50 53 50
100  47 50 41  49 53 51
101  47 50 41  50 53 50
102  46 50 41  50 53 50
103  47 50 41  50 54 50
104  47 50 41  50 53 50
105  47 50 41  50 53 50
106  48 50 41  50 53 50
107  47 50 41  49 53 49
108  47 50 42  50 54 50
109  47 50 42  50 53 50
110  47 50 41  50 54 50
111  48 49 41  50 53 50
112  47 50 41  50 54 50
113  47 49 41  50 53 49
114  48 50 41  50 53 50
115  47 50 41  50 53 50
116  48 50 41  50 53 50
117  47 50 41  50 54 50
118  47 50 41  50 53 50
119  47 49 41  50 53 50
120  47 50 41  50 54 50
121  47 50 41  50 53 50
122  47 50 41  50 54 50
123  47 50 41  50 53 50
124  47 50 41  50 53 50
125  47 50 41  50 53 50
126  47 50 41  49 53 50
127  47 50 41  50 54 50
128  48 50 41  49 53 50
129  47 49 41  50 53 50
130  47 50 41  50 53 50
131  47 50 41  50 53 50
132  47 50 42  50 54 50
133  47 50 41  50 53 51
134  47 50 41  50 53 51
135  47 50 41  49 53 50
136  47 50 41  50 53 50
137  47 50 41  50 53 50
138  48 50 40  50 53 51
139  47 50 40  50 53 50
140  47 50 41  49 53 50
141  47 49 41  50 53 50
142  47 50 42  50 53 50
143  48 50 41  50 53 50
144  47 50 41  50 53 50
145  47 50 41  50 53 50
146  47 50 41  50 53 49
147  47 51 41  50 53 50
148  47 50 41  50 54 50
149  47 50 41  50 54 50
150  47 50 41  50 53 50
151  48 50 41  50 53 50
152  48 50 42  50 53 50
153  48 50 41  50 53 50
154  47 50 42  49 53 50
155  47 50 41  50 54 50
156  47 50 41  49 53 50
157  47 49 41  50 53 50
158  47 50 41  50 53 50
159  48 50 41  50 53 50
160  47 50 41  50 53 50
161  48 49 41  50 53 50
162  47 50 41  50 53 50
163  48 50 41  49 53 50
164  47 50 41  50 54 50
165  48 49 41  50 54 50
166  48 50 41  50 54 50
167  47 49 41  50 53 51
168  47 50 41  50 53 50
169  47 49 41  50 53 51
170  47 50 41  50 53 50
171  47 50 41  51 54 50
172  47 50 41  50 53 50
173  48 50 41  50 53 50
174  48 50 41  50 53 50
175  47 50 41  50 53 50
176  47 50 41  50 53 50
177  48 50 41  50 53 50
178  48 50 41  50 53 50
179  47 49 41  50 54 51
180  48 50 41  50 53 51
181  48 50 41  50 53 50
182  48 50 41  50 53 50
183  47 50 41  50 53 50
184  47 50 40  50 54 50
185  47 50 41  50 54 50
186  47 50 41  50 53 50
187  47 50 41  50 54 50
188  47 49 40  50 54 50
189  47 50 41  50 54 50
190  48 50 41  50 53 50
191  47 50 41  50 53 50
192  47 50 41  50 53 50
193  47 50 41  50 53 49
194  47 50 41  50 53 50
195  47 50 41  50 53 50
196  47 50 41  50 53 50
197  46 50 42  50 53 50
198  48 49 41  50 53 49
199  47 49 41  50 53 50
200  48 50 41  50 53 50
201  47 50 41  50 53 50
202  47 50 41  50 53 50
203  47 50 41  50 53 50
204  47 50 41  50 54 50
205  47 50 41  50 54 50
206  47 49 41  50 54 50
207  47 50 41  50 54 50
208  47 50 41  50 53 50
209  47 50 41  50 54 50
210  47 49 41  50 53 50
211  47 50 41  50 53 50
212  48 50 41  51 53 51
213  47 50 40  50 53 50
214  48 49 41  50 53 51
215  47 50 41  50 53 51
216  48 50 41  50 54 50
217  47 50 41  50 54 50
218  46 50 41  50 54 50
219  47 50 41  50 53 50
220  47 50 41  50 53 50
221  47 50 41  50 54 50
222  47 49 41  50 53 50
223  48 50 41  50 53 50
224  48 49 41  50 54 50
225  47 49 41  50 53 50
226  47 50 41  51 53 50
227  48 50 41  50 53 51
228  47 50 41  50 53 50
229  47 49 41  51 54 51
230  47 49 41  50 54 50
231  47 50 41  50 54 51
232  47 50 41  50 54 50
233  47 49 41  50 53 50
234  47 50 41  50 53 50
235  48 49 41  50 53 50
236  47 50 41  50 54 50
237  47 50 41  50 53 51
238  47 50 41  50 53 50
239  48 50 41  49 53 51
240  47 50 41  50 53 51
241  48 50 41  50 54 50
242  582 50 41  70 53 50
243  487 50 41  62 53 50
244  237 50 41  54 53 50
245  159 50 41  53 54 50
246  78 50 42  50 54 50
247  67 50 41  51 53 50
248  55 50 41  50 54 50
249  50 50 42  49 53 50
250  49 50 41  50 54 50
251  49 50 41  49 53 51
252  48 50 41  50 53 50
253  47 50 41  50 53 50
254  48 50 41  50 53 50
255  49 50 41  50 53 50
256  47 50 41  50 53 50
257  48 49 41  50 53 50
258  48 49 41  50 53 50
259  47 50 41  50 53 50
260  47 50 41  50 54 50
261  47 49 41  50 54 50
262  47 50 41  50 53 49
263  47 49 41  50 54 50
264  47 50 41  50 53 49
265  47 50 41  50 53 50
266  47 50 40  50 53 50
267  47 50 41  50 54 50
268  47 50 41  50 53 50
269  47 49 41  50 53 49
270  48 50 41  50 53 50
271  47 50 40  50 54 50
272  48 50 41  50 53 50
273  47 50 41  50 53 50
274  46 50 41  50 53 50
275  47 50 41  50 54 50
276  47 50 41  50 54 51
277  48 50 41  50 53 50
278  46 49 40  50 54 50
279  47 50 41  50 54 50
280  47 50 41  50 53 50
281  47 50 41  50 53 50
282  48 50 41  50 53 50
283  47 49 41  50 53 50
284  47 50 41  50 53 50
285  47 50 41  50 53 50
286  47 50 41  50 53 50
287  48 50 41  50 54 50
288  48 50 41  50 54 50
289  47 50 41  50 54 51
290  48 50 41  50 53 50
291  47 50 41  50 53 50
292  47 50 41  50 54 50
293  47 50 41  50 53 50
294  47 49 41  50 53 50
295  46 50 41  50 53 49
296  47 50 41  50 54 50
297  48 51 41  50 53 50
298  47 50 41  50 53 50
299  47 50 41  50 53 49
300  47 50 41  50 54 50
301  47 50 41  50 53 50
302  47 50 41  50 53 50
303  47 50 42  50 54 50
304  47 49 41  50 54 50
305  47 50 41  50 54 49
306  47 50 41  49 54 50
307  48 50 41  49 53 50
308  46 50 41  50 53 50
309  48 50 41  50 53 50
310  47 50 41  50 54 50
311  47 50 41  50 53 50
312  47 50 40  50 53 50
313  47 49 41  50 53 50
314  46 50 41  50 53 50
315  47 50 41  50 53 50
316  47 50 41  50 54 50
317  47 50 41  49 54 50
318  47 50 41  50 54 50
319  47 50 41  50 53 50
320  47 50 41  50 53 50
321  47 50 41  50 53 50
322  47 51 41  50 53 50
323  47 50 41  50 54 51
324  47 49 41  50 53 50
325  47 50 41  50 53 51
326  47 50 42  50 54 50
327  47 50 41  50 53 50
328  48 50 41  50 53 50
329  48 50 41  50 53 50
330  46 50 41  49 53 50
331  47 50 41  49 53 50
332  47 50 41  49 53 50
333  47 50 41  50 53 50
334  47 50 41  50 53 50
335  47 50 41  50 53 50
336  47 50 41  49 53 50
337  47 50 41  50 53 51
338  47 50 41  50 53 50
339  47 49 41  50 53 50
340  47 50 41  50 53 50
341  47 50 41  50 53 50
342  47 50 41  50 53 50
343  46 50 41  50 53 50
344  47 50 41  50 53 50
345  46 50 42  50 53 50
346  47 50 41  50 53 50
347  47 50 41  50 53 50
348  48 50 41  50 53 50
349  46 50 41  50 53 50
350  48 50 41  50 53 50
351  47 50 41  50 54 50
352  47 51 41  50 53 50
353  48 50 41  50 53 51
354  47 50 41  50 53 51
355  47 50 41  50 53 50
356  47 49 41  50 53 50
357  46 50 41  49 53 50
358  47 50 42  50 53 50
359  47 49 42  51 54 50
360  47 50 41  50 54 50
361  48 50 41  50 54 50
362  47 50 41  50 54 50
363  47 50 42  50 54 50
364  48 50 41  50 53 50
365  47 50 41  50 53 51
366  47 50 41  50 53 50
367  47 49 41  50 53 50
368  48 50 42  50 53 50
369  47 50 41  50 53 50
370  46 49 41  50 54 50
371  47 50 41  50 54 49
372  48 50 41  50 54 49
373  47 50 41  50 53 50
374  47 50 41  50 54 51
375  47 50 41  51 54 50
376  47 50 41  50 53 50
377  47 50 41  50 53 50
378  46 50 41  50 53 50
379  47 50 41  50 53 49
380  47 49 41  50 53 50
381  47 50 41  50 53 51
382  47 50 41  50 53 50
383  47 50 41  50 53 50
384  46 50 40  50 53 50
385  47 50 41  50 53 50
386  47 50 41  50 53 50
387  48 50 41  50 53 50
388  47 50 41  50 53 50
389  47 50 41  50 53 49
390  46 50 41  50 53 50
391  47 50 41  50 53 50
392  47 50 41  50 53 50
393  47 50 41  50 53 50
394  47 50 41  50 53 50
395  47 50 41  50 53 50
396  48 50 41  50 53 51
397  47 50 41  49 54 49
398  47 50 41  50 53 50
399  47 50 41  50 53 50
400  47 50 41  50 53 50
401  47 50 41  50 54 50
402  47 50 41  50 54 50
403  47 50 42  50 54 49
404  48 50 41  50 53 50
405  47 50 41  50 54 50
406  47 50 41  50 54 50
407  48 51 41  50 53 50
408  47 50 41  50 53 50
409  47 50 40  50 52 49
410  47 50 41  49 53 50
411  47 50 41  50 53 50
412  48 50 41  50 53 50
413  47 50 41  50 54 50
414  47 50 41  50 54 50
415  47 50 41  50 53 50
416  48 50 41  50 54 50
417  47 50 41  49 53 50
418  47 50 41  50 54 50
419  46 50 41  50 53 50
420  48 50 41  50 53 50
421  47 50 41  51 53 50
422  47 50 41  50 54 51
423  47 49 42  50 53 50
424  48 50 42  50 53 50
425  47 50 41  49 53 50
426  47 49 42  50 53 50
427  47 50 41  50 54 51
428  48 50 41  50 53 50
429  47 50 41  50 53 50
430  47 50 41  50 53 50
431  47 50 40  50 53 50
432  48 50 41  51 54 50
433  47 50 41  50 53 50
434  47 50 41  50 54 50
435  47 50 41  51 53 50
436  47 49 41  50 53 50
437  48 50 41  50 54 50
438  46 50 41  50 53 50
439  47 50 41  50 53 50
440  47 50 41  50 53 50
441  47 50 41  49 53 50
442  47 50 41  50 54 50
443  47 50 41  51 54 50
444  47 50 41  50 54 50
445  47 50 41  50 54 50
446  47 50 42  50 53 50
447  47 50 41  49 54 50
448  47 50 42  50 54 50
449  47 50 41  50 53 50
450  47 50 41  50 53 50
451  48 50 41  50 53 50
452  47 50 40  50 53 50
453  48 50 41  49 53 50
454  47 50 41  50 53 50
455  47 50 41  50 53 50
456  47 50 41  50 54 50
457  47 50 41  50 54 50
458  47 50 41  50 54 50
459  46 50 41  50 54 50
460  47 49 41  50 53 50
461  48 50 41  50 54 50
462  47 50 41  50 53 50
463  47 50 41  50 53 50
464  47 50 41  50 53 50
465  47 50 41  50 53 50
466  47 50 41  50 54 50
467  48 50 41  50 54 50
468  47 50 41  50 53 50
469  48 50 41  50 54 50
470  47 50 41  50 54 50
471  47 50 41  50 53 50
472  47 50 41  51 53 50
473  47 50 42  50 53 50
474  47 50 42  50 53 50
475  47 49 41  50 53 49
476  47 50 42  50 53 50
477  47 50 41  50 53 50
478  47 49 41  50 54 49
479  47 50 41  50 54 50
480  46 50 41  50 54 50
481  47 50 41  50 53 50
482  47 50 41  50 54 50
483  47 50 41  49 53 49
484  47 50 41  50 53 50
485  47 50 41  50 53 50
486  47 50 41  49 53 50
487  47 50 41  50 53 49
488  48 50 41  50 53 50
489  47 50 41  50 53 50
490  48 50 41  50 53 50
491  47 50 41  50 54 51
492  48 50 41  50 53 50
493  47 50 41  50 53 51
494  47 50 41  50 54 50
495  46 50 41  50 54 50
496  47 50 41  50 54 50
497  47 50 41  50 54 50
498  47 50 41  50 54 50
499  47 50 41  50 53 49
500  48 50 41  50 53 49
501  48 50 42  50 53 50
502  48 49 41  50 53 50
503  47 50 41  51 53 50
504  48 51 41  50 53 50
505  48 50 41  50 53 50
506  46 50 41  50 53 50
507  47 50 41  50 53 50
508  47 50 41  50 53 50
509  46 50 41  50 54 51
510  47 50 41  50 54 50
511  47 50 41  50 53 50
512  47 50 41  50 53 50
513  47 50 42  50 54 50
514  47 50 41  50 53 50
515  47 50 41  50 53 50
516  47 50 41  50 53 50
517  47 50 41  50 53 50
518  47 49 42  50 53 50
519  47 50 41  50 53 50
520  47 51 41  50 53 50
521  47 50 41  50 53 50
522  46 50 41  50 53 50
523  47 50 41  50 53 50
524  47 50 41  50 53 50
525  47 50 41  50 54 50
526  46 50 41  50 54 50
527  47 50 41  50 53 51
528  47 50 41  50 54 50
529  47 51 41  50 54 50
530  47 50 41  49 53 50
531  48 50 41  50 53 50
532  48 50 41  50 53 50
533  47 50 41  50 52 49
534  47 50 41  50 53 49
535  48 50 41  50 53 50
536  47 50 40  50 53 50
537  49 50 41  50 53 50
538  49 50 41  50 53 50
539  47 50 41  50 53 50
540  47 50 41  50 53 50
541  47 50 41  50 54 50
542  47 50 41  50 53 50
543  47 50 41  51 53 50
544  47 50 41  51 53 50
545  47 50 42  50 53 50
546  47 50 41  50 53 50
547  48 51 41  50 53 50
548  47 51 41  50 53 50
549  48 50 41  50 53 50
550  47 50 41  50 53 50
551  47 50 41  50 53 50
552  47 50 41  50 54 50
553  47 50 41  51 53 50
554  47 50 41  50 53 50
555  47 50 41  51 54 51
556  47 50 41  50 53 50
557  46 50 41  50 53 50
558  47 50 41  50 54 50
559  47 50 41  50 53 50
560  47 50 41  51 53 50
561  48 50 41  50 54 50
562  47 50 41  50 53 50
563  47 50 41  50 53 50
564  48 50 41  50 53 49
565  47 50 41  50 53 49
566  47 50 41  50 53 50
567  47 50 41  50 53 50
568  48 50 41  50 53 50
569  47 50 41  50 53 50
570  48 49 41  50 53 50
571  46 50 41  50 53 50
572  48 50 41  50 53 50
573  48 50 41  50 53 50
574  47 50 41  51 53 50
575  48 50 41  50 53 50
576  47 50 41  50 53 50
577  47 50 41  50 53 50
578  47 50 41  50 53 50
579  47 50 41  50 53 50
580  47 50 41  50 54 50
581  47 49 41  50 53 50
582  47 50 41  50 53 50
583  48 50 41  50 54 50
584  47 50 41  50 53 50
585  47 50 42  50 54 50
586  48 50 41  50 53 49
587  48 50 41  50 53 50
588  47 50 41  50 54 50
589  47 50 42  50 53 50
590  47 50 41  50 53 50
591  47 50 41  50 53 50
592  46 49 41  50 53 50
593  47 50 41  50 54 50
594  47 50 41  50 53 50
595  47 50 41  50 53 49
596  47 50 41  50 53 50
597  47 50 41  50 53 50
598  47 50 41  50 54 50
599  47 50 41  50 53 50
600  47 50 41  49 53 50
601  47 50 41  50 53 50
602  47 50 41  50 54 50
603  47 50 41  50 54 50
604  47 50 41  50 54 50
605  47 50 41  50 53 50
606  48 50 41  50 53 50
607  47 50 41  50 53 50
608  48 50 41  49 54 49
609  47 50 41  50 53 50
610  48 50 41  50 53 50
611  47 51 41  50 53 50
612  47 49 41  50 54 51
613  46 50 41  50 54 50
614  46 49 41  50 54 50
615  46 50 42  50 53 50
616  47 49 41  50 54 50
617  47 50 41  51 53 50
618  47 49 41  50 53 49
619  47 49 41  50 53 50
620  47 50 41  50 53 50
621  47 50 41  50 53 50
622  47 50 41  50 53 50
623  47 50 41  50 53 50
624  48 50 41  50 53 50
625  47 50 40  50 53 50
626  47 50 41  50 53 50
627  47 50 41  50 53 50
628  47 50 41  50 53 50
629  47 50 41  50 53 50
630  47 50 42  50 54 50
631  47 50 41  50 53 50
632  47 50 41  50 53 50
633  47 50 41  50 53 50
634  47 50 41  50 53 50
635  47 50 41  50 53 50
636  47 49 41  50 54 50
637  47 50 40  50 53 50
638  47 50 41  50 53 50
639  47 50 41  50 53 50
640  46 51 41  50 53 50
641  48 50 42  50 53 50
642  47 50 41  50 53 49
643  48 50 42  50 53 50
644  46 50 41  50 54 50
645  47 50 40  50 54 50
646  46 50 41  50 53 50
647  47 50 41  50 53 50
648  47 50 41  50 53 49
649  46 49 41  51 53 50
650  46 50 41  50 53 50
651  48 50 41  50 53 50
652  47 50 41  50 53 49
653  47 50 41  49 53 50
654  46 50 41  49 53 49
655  47 50 41  50 53 50
656  47 50 41  49 53 50
657  47 50 41  50 53 50
658  47 50 41  50 53 50
659  48 50 41  50 53 50
660  47 50 41  50 53 50
661  47 49 41  50 54 50
662  47 50 41  50 53 50
663  47 50 41  50 53 50
664  47 50 41  50 54 50
665  47 50 42  50 54 50
666  46 50 41  50 53 50
667  47 50 41  50 53 49
668  47 50 41  50 53 50
669  47 50 41  50 53 49
670  47 50 41  50 53 50
671  47 50 41  50 53 50
672  47 50 41  50 54 49
673  48 50 41  50 53 50
674  46 49 41  50 53 50
675  47 50 41  50 54 50
676  47 50 41  50 53 50
677  47 50 41  50 54 50
678  47 50 41  50 53 50
679  46 50 41  50 54 50
680  48 50 41  50 53 50
681  47 50 41  50 53 49
682  47 50 41  50 53 50
683  47 50 41  50 53 50
684  48 50 41  50 53 49
685  47 50 41  50 53 49
686  47 50 41  50 53 50
687  47 50 41  50 53 50
688  47 50 41  50 54 50
689  48 50 41  49 53 50
690  47 49 41  50 53 50
691  47 50 41  50 53 50
692  48 50 41  50 53 50
693  47 50 41  50 53 50
694  47 50 41  50 53 50
695  46 50 41  50 53 50
696  47 50 41  50 53 50
697  47 50 41  50 54 50
698  47 50 41  50 53 50
699  47 50 41  50 53 50
700  48 50 41  49 53 51
701  47 49 41  50 54 50
702  48 50 41  50 53 50
703  47 50 41  50 53 50
704  47 50 41  50 53 50
705  47 50 41  50 53 50
706  47 50 41  50 54 50
707  47 50 41  50 53 50
708  47 50 41  50 54 50
709  47 50 41  50 53 50
710  47 50 41  50 54 50
711  47 50 41  50 54 50
712  47 50 41  50 53 50
713  48 50 41  50 54 50
714  47 50 41  50 54 50
715  47 50 42  50 53 50
716  47 50 41  49 53 50
717  48 51 41  50 53 50
718  47 50 41  50 53 50
719  47 50 41  51 53 50
720  46 50 41  50 53 50
721  48 50 41  50 53 50
722  47 50 41  50 53 50
723  46 50 41  50 53 50
724  47 50 41  50 53 50
725  48 50 42  50 53 50
726  47 50 42  50 53 50
727  48 50 41  50 53 50
728  47 50 41  50 53 50
729  47 50 42  50 53 50
730  47 50 41  49 54 50
731  47 50 41  50 53 51
732  48 50 41  50 53 50
733  47 50 41  50 53 50
734  47 50 41  50 53 51
735  47 50 41  50 54 50
736  46 50 41  49 53 50
737  47 50 41  50 53 50
738  47 49 41  51 54 50
739  47 50 41  50 53 50
740  48 50 41  50 53 50
741  48 50 41  50 53 50
742  47 50 41  50 53 50
743  47 50 41  50 53 50
744  47 50 41  50 53 50
745  47 50 41  50 54 50
746  48 50 41  50 54 50
747  47 50 41  50 53 50
748  47 50 41  50 54 50
749  47 50 41  50 54 50
750  47 50 41  50 53 50
751  47 50 41  49 53 50
752  47 50 41  50 54 50
753  47 50 41  50 54 50
754  48 50 41  50 53 50
755  47 50 41  50 53 50
756  47 50 41  50 54 50
757  47 50 41  50 53 50
758  47 50 41  50 53 50
759  47 50 41  50 54 50
760  47 49 41  50 54 50
761  46 50 41  49 53 49
762  48 50 41  49 54 50
763  47 50 41  50 53 50
764  47 50 41  50 53 50
765  47 51 41  50 53 50
766  47 50 41  50 53 50
767  47 50 41  50 53 50
