47 0 49 0 41 64827
48 0 50 6931 42 27778
49 0 51 20202 43 65
50 0 52 1 44 0
51 13507 53 0 45 0
52 49541 54 0 46 0
53 47134 55 0 47 0
54 36983 56 0 48 0
55 27652 57 0 49 0
56 21673 58 0 50 0
57 17456 59 0 51 0
58 13193 60 0 52 0
59 10855 61 0 53 0
60 8896 62 0 54 0
61 7302 63 0 55 0
62 6739 64 0 56 0
63 5797 65 0 57 0
64 5204 66 0 58 0
65 4527 67 0 59 0
66 4190 68 0 60 0
67 3827 69 0 61 0
68 3520 70 0 62 0
69 3570 71 0 63 0
70 3310 72 0 64 0
71 3360 73 0 65 0
72 3035 74 0 66 0
73 2863 75 0 67 0
74 2791 76 0 68 0
75 2707 77 0 69 0
76 2244 78 0 70 0
77 2350 79 0 71 0
78 2482 80 0 72 0
79 2568 81 0 73 0
80 2479 82 0 74 0
81 2502 83 0 75 0
82 2404 84 0 76 0
83 2396 85 0 77 0
84 2260 86 0 78 0
85 2320 87 0 79 0
86 2304 88 0 80 0
87 2258 89 0 81 0
88 2324 90 0 82 0
89 2257 91 0 83 0
90 2202 92 0 84 0
91 2201 93 0 85 0
92 2101 94 0 86 0
93 1964 95 0 87 0
94 2003 96 0 88 0
95 1966 97 0 89 0
96 1941 98 0 90 0
97 1835 99 0 91 0
98 1898 100 0 92 0
99 1897 101 0 93 0
100 1678 102 0 94 0
101 1751 103 0 95 0
102 1727 104 0 96 0
103 1751 105 0 97 0
104 1598 106 0 98 0
105 1588 107 0 99 0
106 1544 108 0 100 0
107 1521 109 0 101 0
108 1461 110 0 102 0
109 1397 111 0 103 0
110 1400 112 0 104 0
111 1334 113 0 105 0
112 1305 114 0 106 0
113 1188 115 0 107 0
114 1190 116 0 108 0
115 1095 117 0 109 0
116 1010 118 0 110 0
117 1023 119 0 111 0
118 909 120 0 112 0
119 963 121 0 113 0
120 917 122 0 114 0
121 950 123 0 115 0
122 852 124 0 116 0
123 849 125 0 117 0
124 818 126 0 118 0
125 783 127 0 119 0
126 781 128 0 120 0
127 757 129 0 121 0
128 694 130 0 122 0
129 696 131 0 123 0
130 707 132 0 124 0
131 629 133 0 125 0
132 602 134 0 126 0
133 617 135 0 127 0
134 586 136 0 128 0
135 554 137 0 129 0
136 500 138 0 130 0
137 510 139 0 131 0
138 513 140 0 132 0
139 495 141 0 133 0
140 397 142 0 134 0
141 372 143 0 135 0
142 407 144 0 136 0
143 447 145 0 137 0
144 386 146 0 138 0
145 415 147 0 139 0
146 390 148 0 140 0
147 990 149 0 141 0
148 931 150 0 142 0
149 852 151 0 143 0
150 716 152 0 144 0
151 682 153 0 145 0
152 604 154 0 146 0
153 539 155 0 147 0
154 527 156 0 148 0
155 450 157 0 149 0
156 424 158 0 150 0
157 389 159 0 151 0
158 337 160 0 152 0
159 307 161 0 153 0
160 301 162 0 154 0
161 270 163 0 155 0
162 236 164 0 156 0
163 239 165 0 157 0
164 211 166 0 158 0
165 193 167 0 159 0
166 185 168 0 160 0
167 213 169 0 161 0
168 150 170 0 162 0
169 158 171 0 163 0
170 146 172 0 164 0
171 150 173 0 165 0
172 131 174 0 166 0
173 115 175 0 167 0
174 123 176 0 168 0
175 108 177 0 169 0
176 109 178 0 170 0
177 93 179 0 171 0
178 96 180 0 172 0
179 88 181 0 173 0
180 83 182 0 174 0
181 92 183 0 175 0
182 81 184 0 176 0
183 92 185 0 177 0
184 87 186 0 178 0
185 72 187 0 179 0
186 74 188 0 180 0
187 56 189 0 181 0
188 52 190 0 182 0
189 61 191 0 183 0
190 59 192 0 184 0
191 70 193 0 185 0
192 57 194 0 186 0
193 44 195 0 187 0
194 51 196 0 188 0
195 46 197 0 189 0
196 1365 198 0 190 0
