946 3484 997 21018 822 33923 2766 36137
947 7448 998 37337 823 11278 2767 33
948 13540 999 26709 824 48847 2768 6423
949 20393 1000 56511 825 27318 2769 55679
950 26844 1001 22497 826 13713 2770 34571
951 30692 1002 6715 827 6011 2771 21659
952 31865 1003 1625 828 2410 2772 14340
953 29793 1004 328 829 848 2773 10356
954 26980 1005 56 830 297 2774 8288
955 22766 1006 9 831 65 2775 6827
956 18744 1007 2 832 17 2776 5759
957 15448 1008 0 833 9 2777 5146
958 12476 1009 0 834 0 2778 4561
959 10363 1010 0 835 0 2779 4219
960 8609 1011 0 836 0 2780 3937
961 7369 1012 0 837 0 2781 3724
962 6375 1013 0 838 0 2782 3516
963 5480 1014 0 839 0 2783 3317
964 4916 1015 0 840 0 2784 3259
965 4369 1016 0 841 0 2785 3210
966 3941 1017 0 842 0 2786 3096
967 3538 1018 0 843 0 2787 3167
968 3322 1019 0 844 0 2788 3090
969 3034 1020 0 845 0 2789 3077
970 2876 1021 0 846 0 2790 3188
971 2697 1022 0 847 0 2791 3153
972 2604 1023 0 848 0 2792 3106
973 2351 1024 0 849 0 2793 3200
974 2284 1025 0 850 0 2794 3120
975 2123 1026 0 851 0 2795 3071
976 2035 1027 0 852 0 2796 3085
977 1927 1028 0 853 0 2797 3185
978 1768 1029 0 854 0 2798 3040
979 1778 1030 0 855 0 2799 2906
980 1683 1031 0 856 0 2800 2880
981 1636 1032 0 857 0 2801 2899
982 1571 1033 0 858 0 2802 2847
983 1496 1034 0 859 0 2803 2699
984 1512 1035 0 860 0 2804 2622
985 1405 1036 0 861 0 2805 2474
986 1420 1037 0 862 0 2806 2454
987 1389 1038 0 863 0 2807 2285
988 1261 1039 0 864 0 2808 2175
989 1292 1040 0 865 0 2809 2070
990 1255 1041 0 866 0 2810 1974
991 1309 1042 0 867 0 2811 1842
992 1279 1043 0 868 0 2812 1790
993 1230 1044 0 869 0 2813 1670
994 1148 1045 0 870 0 2814 1566
995 1147 1046 0 871 0 2815 1491
996 1134 1047 0 872 0 2816 1409
997 1075 1048 0 873 0 2817 1358
998 1103 1049 0 874 0 2818 1227
999 1071 1050 0 875 0 2819 1201
1000 1115 1051 0 876 0 2820 1083
1001 1108 1052 0 877 0 2821 1006
1002 1046 1053 0 878 0 2822 960
1003 1092 1054 0 879 0 2823 920
1004 1088 1055 0 880 0 2824 871
1005 1129 1056 0 881 0 2825 779
1006 1065 1057 0 882 0 2826 743
1007 1023 1058 0 883 0 2827 702
1008 1091 1059 0 884 0 2828 623
1009 1039 1060 0 885 0 2829 602
1010 1024 1061 0 886 0 2830 587
1011 970 1062 0 887 0 2831 516
1012 1053 1063 0 888 0 2832 467
1013 1060 1064 0 889 0 2833 439
1014 1026 1065 0 890 0 2834 424
1015 1025 1066 0 891 0 2835 409
1016 1057 1067 0 892 0 2836 383
1017 1017 1068 0 893 0 2837 388
1018 1025 1069 0 894 0 2838 351
1019 1052 1070 0 895 0 2839 324
1020 1043 1071 0 896 0 2840 315
1021 1062 1072 0 897 0 2841 335
1022 1011 1073 0 898 0 2842 284
1023 1029 1074 0 899 0 2843 249
1024 1065 1075 0 900 0 2844 282
1025 1053 1076 0 901 0 2845 247
1026 1033 1077 0 902 0 2846 199
1027 1049 1078 0 903 0 2847 209
1028 1045 1079 0 904 0 2848 216
1029 1097 1080 0 905 0 2849 198
1030 1058 1081 0 906 0 2850 188
1031 1004 1082 0 907 0 2851 191
1032 1085 1083 0 908 0 2852 189
1033 1013 1084 0 909 0 2853 166
1034 984 1085 0 910 0 2854 138
1035 1076 1086 0 911 0 2855 156
1036 1005 1087 0 912 0 2856 148
1037 1061 1088 0 913 0 2857 141
1038 1017 1089 0 914 0 2858 144
1039 1030 1090 0 915 0 2859 136
1040 1014 1091 0 916 0 2860 139
1041 1041 1092 0 917 0 2861 147
1042 991 1093 0 918 0 2862 125
1043 1020 1094 0 919 0 2863 111
1044 1051 1095 0 920 0 2864 117
1045 1024 1096 0 921 0 2865 122
1046 1007 1097 0 922 0 2866 121
1047 994 1098 0 923 0 2867 102
1048 962 1099 0 924 0 2868 116
1049 926 1100 0 925 0 2869 94
1050 951 1101 0 926 0 2870 90
1051 1000 1102 0 927 0 2871 101
1052 1018 1103 0 928 0 2872 80
1053 909 1104 0 929 0 2873 89
1054 947 1105 0 930 0 2874 96
1055 961 1106 0 931 0 2875 72
1056 964 1107 0 932 0 2876 85
1057 881 1108 0 933 0 2877 75
1058 875 1109 0 934 0 2878 92
1059 927 1110 0 935 0 2879 87
1060 914 1111 0 936 0 2880 83
1061 876 1112 0 937 0 2881 63
1062 814 1113 0 938 0 2882 72
1063 872 1114 0 939 0 2883 70
1064 842 1115 0 940 0 2884 67
1065 792 1116 0 941 0 2885 66
1066 808 1117 0 942 0 2886 62
1067 784 1118 0 943 0 2887 51
1068 841 1119 0 944 0 2888 79
1069 750 1120 0 945 0 2889 67
1070 750 1121 0 946 0 2890 54
1071 768 1122 0 947 0 2891 57
1072 766 1123 0 948 0 2892 55
1073 750 1124 0 949 0 2893 71
1074 738 1125 0 950 0 2894 58
1075 680 1126 0 951 0 2895 45
1076 720 1127 0 952 0 2896 44
1077 673 1128 0 953 0 2897 49
1078 648 1129 0 954 0 2898 56
1079 668 1130 0 955 0 2899 48
1080 624 1131 0 956 0 2900 60
1081 625 1132 0 957 0 2901 38
1082 667 1133 0 958 0 2902 24
1083 628 1134 0 959 0 2903 45
1084 573 1135 0 960 0 2904 32
1085 593 1136 0 961 0 2905 45
1086 602 1137 0 962 0 2906 38
1087 573 1138 0 963 0 2907 35
1088 573 1139 0 964 0 2908 41
1089 573 1140 0 965 0 2909 27
1090 510 1141 0 966 0 2910 39
1091 514 1142 0 967 0 2911 28
1092 499 1143 0 968 0 2912 39
1093 505 1144 0 969 0 2913 42
1094 513 1145 0 970 0 2914 37
1095 487 1146 0 971 0 2915 30
1096 498 1147 0 972 0 2916 31
1097 483 1148 0 973 0 2917 27
1098 459 1149 0 974 0 2918 29
1099 485 1150 0 975 0 2919 35
1100 415 1151 0 976 0 2920 32
1101 428 1152 0 977 0 2921 28
1102 417 1153 0 978 0 2922 23
1103 395 1154 0 979 0 2923 28
1104 416 1155 0 980 0 2924 22
1105 420 1156 0 981 0 2925 29
1106 419 1157 0 982 0 2926 25
1107 392 1158 0 983 0 2927 28
1108 374 1159 0 984 0 2928 21
1109 390 1160 0 985 0 2929 24
1110 353 1161 0 986 0 2930 16
1111 285 1162 0 987 0 2931 21
1112 338 1163 0 988 0 2932 21
1113 335 1164 0 989 0 2933 22
1114 300 1165 0 990 0 2934 21
1115 320 1166 0 991 0 2935 24
1116 321 1167 0 992 0 2936 23
1117 272 1168 0 993 0 2937 25
1118 337 1169 0 994 0 2938 11
1119 315 1170 0 995 0 2939 17
1120 319 1171 0 996 0 2940 19
1121 258 1172 0 997 0 2941 23
1122 277 1173 0 998 0 2942 15
1123 284 1174 0 999 0 2943 18
1124 271 1175 0 1000 0 2944 15
1125 274 1176 0 1001 0 2945 9
1126 241 1177 0 1002 0 2946 15
1127 234 1178 0 1003 0 2947 17
1128 259 1179 0 1004 0 2948 24
1129 238 1180 0 1005 0 2949 16
1130 209 1181 0 1006 0 2950 17
1131 235 1182 0 1007 0 2951 11
1132 196 1183 0 1008 0 2952 6
1133 196 1184 0 1009 0 2953 13
1134 230 1185 0 1010 0 2954 7
1135 211 1186 0 1011 0 2955 19
1136 202 1187 0 1012 0 2956 10
1137 209 1188 0 1013 0 2957 6
1138 207 1189 0 1014 0 2958 6
1139 198 1190 0 1015 0 2959 8
1140 178 1191 0 1016 0 2960 9
1141 175 1192 0 1017 0 2961 17
1142 148 1193 0 1018 0 2962 8
1143 173 1194 0 1019 0 2963 14
1144 164 1195 0 1020 0 2964 16
1145 162 1196 0 1021 0 2965 14
1146 152 1197 0 1022 0 2966 12
1147 157 1198 0 1023 0 2967 10
1148 146 1199 0 1024 0 2968 15
1149 146 1200 0 1025 0 2969 5
1150 157 1201 0 1026 0 2970 13
1151 153 1202 0 1027 0 2971 8
1152 133 1203 0 1028 0 2972 6
1153 120 1204 0 1029 0 2973 8
1154 133 1205 0 1030 0 2974 6
1155 135 1206 0 1031 0 2975 12
1156 135 1207 0 1032 0 2976 8
1157 129 1208 0 1033 0 2977 8
1158 137 1209 0 1034 0 2978 7
1159 122 1210 0 1035 0 2979 4
1160 119 1211 0 1036 0 2980 4
1161 134 1212 0 1037 0 2981 13
1162 105 1213 0 1038 0 2982 7
1163 137 1214 0 1039 0 2983 4
1164 108 1215 0 1040 0 2984 2
1165 111 1216 0 1041 0 2985 4
1166 115 1217 0 1042 0 2986 18
1167 85 1218 0 1043 0 2987 9
1168 123 1219 0 1044 0 2988 7
1169 112 1220 0 1045 0 2989 4
1170 112 1221 0 1046 0 2990 9
1171 117 1222 0 1047 0 2991 7
1172 105 1223 0 1048 0 2992 5
1173 108 1224 0 1049 0 2993 7
1174 94 1225 0 1050 0 2994 2
1175 79 1226 0 1051 0 2995 4
1176 88 1227 0 1052 0 2996 8
1177 91 1228 0 1053 0 2997 8
1178 93 1229 0 1054 0 2998 4
1179 91 1230 0 1055 0 2999 4
1180 96 1231 0 1056 0 3000 5
1181 81 1232 0 1057 0 3001 4
1182 93 1233 0 1058 0 3002 4
1183 78 1234 0 1059 0 3003 6
1184 85 1235 0 1060 0 3004 6
1185 76 1236 0 1061 0 3005 8
1186 74 1237 0 1062 0 3006 10
1187 77 1238 0 1063 0 3007 3
1188 71 1239 0 1064 0 3008 8
1189 68 1240 0 1065 0 3009 6
1190 72 1241 0 1066 0 3010 4
1191 69 1242 0 1067 0 3011 4
1192 71 1243 0 1068 0 3012 9
1193 67 1244 0 1069 0 3013 8
1194 67 1245 0 1070 0 3014 2
1195 70 1246 0 1071 0 3015 9
1196 76 1247 0 1072 0 3016 7
1197 61 1248 0 1073 0 3017 4
1198 79 1249 0 1074 0 3018 2
1199 54 1250 0 1075 0 3019 5
1200 49 1251 0 1076 0 3020 3
1201 68 1252 0 1077 0 3021 2
1202 81 1253 0 1078 0 3022 4
1203 66 1254 0 1079 0 3023 1
1204 58 1255 0 1080 0 3024 1
1205 51 1256 0 1081 0 3025 7
1206 65 1257 0 1082 0 3026 2
1207 56 1258 0 1083 0 3027 1
1208 53 1259 0 1084 0 3028 3
1209 41 1260 0 1085 0 3029 0
1210 51 1261 0 1086 0 3030 2
1211 51 1262 0 1087 0 3031 2
1212 58 1263 0 1088 0 3032 1
1213 49 1264 0 1089 0 3033 1
1214 39 1265 0 1090 0 3034 6
1215 49 1266 0 1091 0 3035 3
1216 62 1267 0 1092 0 3036 3
1217 58 1268 0 1093 0 3037 4
1218 45 1269 0 1094 0 3038 1
1219 57 1270 0 1095 0 3039 1
1220 42 1271 0 1096 0 3040 5
1221 41 1272 0 1097 0 3041 2
1222 47 1273 0 1098 0 3042 3
1223 42 1274 0 1099 0 3043 4
1224 33 1275 0 1100 0 3044 2
1225 51 1276 0 1101 0 3045 1
1226 44 1277 0 1102 0 3046 1
1227 45 1278 0 1103 0 3047 0
1228 51 1279 0 1104 0 3048 4
1229 51 1280 0 1105 0 3049 1
1230 51 1281 0 1106 0 3050 2
1231 38 1282 0 1107 0 3051 4
1232 54 1283 0 1108 0 3052 1
1233 44 1284 0 1109 0 3053 2
1234 57 1285 0 1110 0 3054 6
1235 33 1286 0 1111 0 3055 2
1236 38 1287 0 1112 0 3056 3
1237 33 1288 0 1113 0 3057 3
1238 40 1289 0 1114 0 3058 3
1239 37 1290 0 1115 0 3059 5
1240 45 1291 0 1116 0 3060 2
1241 44 1292 0 1117 0 3061 2
1242 41 1293 0 1118 0 3062 3
1243 40 1294 0 1119 0 3063 2
1244 36 1295 0 1120 0 3064 5
1245 48 1296 0 1121 0 3065 2
1246 37 1297 0 1122 0 3066 2
1247 37 1298 0 1123 0 3067 3
1248 22 1299 0 1124 0 3068 3
1249 52 1300 0 1125 0 3069 0
1250 32 1301 0 1126 0 3070 2
1251 37 1302 0 1127 0 3071 4
1252 41 1303 0 1128 0 3072 1
1253 33 1304 0 1129 0 3073 5
1254 43 1305 0 1130 0 3074 7
1255 32 1306 0 1131 0 3075 2
1256 32 1307 0 1132 0 3076 0
1257 28 1308 0 1133 0 3077 2
1258 42 1309 0 1134 0 3078 3
1259 36 1310 0 1135 0 3079 4
1260 26 1311 0 1136 0 3080 2
1261 27 1312 0 1137 0 3081 4
1262 22 1313 0 1138 0 3082 0
1263 25 1314 0 1139 0 3083 1
1264 34 1315 0 1140 0 3084 1
1265 30 1316 0 1141 0 3085 0
1266 37 1317 0 1142 0 3086 2
1267 18 1318 0 1143 0 3087 2
1268 33 1319 0 1144 0 3088 0
1269 33 1320 0 1145 0 3089 1
1270 29 1321 0 1146 0 3090 0
1271 33 1322 0 1147 0 3091 1
1272 34 1323 0 1148 0 3092 2
1273 25 1324 0 1149 0 3093 1
1274 32 1325 0 1150 0 3094 0
1275 17 1326 0 1151 0 3095 2
1276 27 1327 0 1152 0 3096 0
1277 35 1328 0 1153 0 3097 0
1278 25 1329 0 1154 0 3098 2
1279 28 1330 0 1155 0 3099 2
1280 26 1331 0 1156 0 3100 2
1281 28 1332 0 1157 0 3101 4
1282 22 1333 0 1158 0 3102 1
1283 31 1334 0 1159 0 3103 0
1284 30 1335 0 1160 0 3104 1
1285 23 1336 0 1161 0 3105 2
1286 28 1337 0 1162 0 3106 0
1287 37 1338 0 1163 0 3107 1
1288 21 1339 0 1164 0 3108 0
1289 28 1340 0 1165 0 3109 1
1290 26 1341 0 1166 0 3110 1
1291 24 1342 0 1167 0 3111 0
1292 25 1343 0 1168 0 3112 2
1293 24 1344 0 1169 0 3113 2
1294 20 1345 0 1170 0 3114 0
1295 22 1346 0 1171 0 3115 2
1296 23 1347 0 1172 0 3116 1
1297 25 1348 0 1173 0 3117 0
1298 27 1349 0 1174 0 3118 1
1299 21 1350 0 1175 0 3119 0
1300 29 1351 0 1176 0 3120 0
1301 18 1352 0 1177 0 3121 0
1302 20 1353 0 1178 0 3122 1
1303 29 1354 0 1179 0 3123 1
1304 20 1355 0 1180 0 3124 2
1305 24 1356 0 1181 0 3125 1
1306 20 1357 0 1182 0 3126 0
1307 21 1358 0 1183 0 3127 1
1308 15 1359 0 1184 0 3128 1
1309 14 1360 0 1185 0 3129 1
1310 19 1361 0 1186 0 3130 2
1311 30 1362 0 1187 0 3131 0
1312 20 1363 0 1188 0 3132 1
1313 17 1364 0 1189 0 3133 1
1314 20 1365 0 1190 0 3134 1
1315 24 1366 0 1191 0 3135 0
1316 21 1367 0 1192 0 3136 0
1317 24 1368 0 1193 0 3137 0
1318 17 1369 0 1194 0 3138 2
1319 22 1370 0 1195 0 3139 1
1320 23 1371 0 1196 0 3140 1
1321 15 1372 0 1197 0 3141 3
1322 21 1373 0 1198 0 3142 2
1323 21 1374 0 1199 0 3143 2
1324 24 1375 0 1200 0 3144 1
1325 19 1376 0 1201 0 3145 0
1326 10 1377 0 1202 0 3146 0
1327 28 1378 0 1203 0 3147 0
1328 22 1379 0 1204 0 3148 1
1329 26 1380 0 1205 0 3149 0
1330 22 1381 0 1206 0 3150 1
1331 22 1382 0 1207 0 3151 1
1332 14 1383 0 1208 0 3152 1
1333 14 1384 0 1209 0 3153 0
1334 16 1385 0 1210 0 3154 0
1335 17 1386 0 1211 0 3155 0
1336 18 1387 0 1212 0 3156 0
1337 17 1388 0 1213 0 3157 0
1338 16 1389 0 1214 0 3158 1
1339 10 1390 0 1215 0 3159 0
1340 8 1391 0 1216 0 3160 1
1341 20 1392 0 1217 0 3161 1
1342 26 1393 0 1218 0 3162 1
1343 13 1394 0 1219 0 3163 0
1344 19 1395 0 1220 0 3164 1
1345 16 1396 0 1221 0 3165 0
1346 62 1397 0 1222 0 3166 1
1347 34 1398 0 1223 0 3167 3
1348 39 1399 0 1224 0 3168 2
1349 38 1400 0 1225 0 3169 2
1350 35 1401 0 1226 0 3170 4
1351 36 1402 0 1227 0 3171 2
1352 41 1403 0 1228 0 3172 4
1353 48 1404 0 1229 0 3173 1
1354 36 1405 0 1230 0 3174 4
1355 32 1406 0 1231 0 3175 1
1356 32 1407 0 1232 0 3176 1
1357 28 1408 0 1233 0 3177 2
1358 30 1409 0 1234 0 3178 3
1359 38 1410 0 1235 0 3179 0
1360 48 1411 0 1236 0 3180 1
1361 27 1412 0 1237 0 3181 1
1362 38 1413 0 1238 0 3182 1
1363 31 1414 0 1239 0 3183 0
1364 29 1415 0 1240 0 3184 3
1365 26 1416 0 1241 0 3185 2
1366 34 1417 0 1242 0 3186 0
1367 32 1418 0 1243 0 3187 3
1368 32 1419 0 1244 0 3188 1
1369 20 1420 0 1245 0 3189 0
1370 27 1421 0 1246 0 3190 0
1371 24 1422 0 1247 0 3191 0
1372 26 1423 0 1248 0 3192 2
1373 24 1424 0 1249 0 3193 2
1374 25 1425 0 1250 0 3194 1
1375 23 1426 0 1251 0 3195 2
1376 20 1427 0 1252 0 3196 2
1377 24 1428 0 1253 0 3197 3
1378 18 1429 0 1254 0 3198 0
1379 23 1430 0 1255 0 3199 2
1380 18 1431 0 1256 0 3200 2
1381 25 1432 0 1257 0 3201 0
1382 22 1433 0 1258 0 3202 0
1383 22 1434 0 1259 0 3203 0
1384 18 1435 0 1260 0 3204 3
1385 16 1436 0 1261 0 3205 2
1386 20 1437 0 1262 0 3206 5
1387 23 1438 0 1263 0 3207 0
1388 18 1439 0 1264 0 3208 0
1389 15 1440 0 1265 0 3209 2
1390 20 1441 0 1266 0 3210 0
1391 13 1442 0 1267 0 3211 1
1392 12 1443 0 1268 0 3212 0
1393 15 1444 0 1269 0 3213 1
1394 18 1445 0 1270 0 3214 0
1395 26 1446 0 1271 0 3215 0
1396 12 1447 0 1272 0 3216 1
1397 11 1448 0 1273 0 3217 2
1398 8 1449 0 1274 0 3218 2
1399 14 1450 0 1275 0 3219 1
1400 12 1451 0 1276 0 3220 0
1401 7 1452 0 1277 0 3221 2
1402 13 1453 0 1278 0 3222 0
1403 11 1454 0 1279 0 3223 0
1404 7 1455 0 1280 0 3224 0
1405 7 1456 0 1281 0 3225 1
1406 10 1457 0 1282 0 3226 0
1407 14 1458 0 1283 0 3227 0
1408 11 1459 0 1284 0 3228 1
1409 11 1460 0 1285 0 3229 1
1410 11 1461 0 1286 0 3230 1
1411 14 1462 0 1287 0 3231 0
1412 16 1463 0 1288 0 3232 2
1413 10 1464 0 1289 0 3233 1
1414 15 1465 0 1290 0 3234 0
1415 9 1466 0 1291 0 3235 0
1416 11 1467 0 1292 0 3236 1
1417 13 1468 0 1293 0 3237 0
1418 2 1469 0 1294 0 3238 0
1419 7 1470 0 1295 0 3239 0
1420 11 1471 0 1296 0 3240 1
1421 10 1472 0 1297 0 3241 2
1422 5 1473 0 1298 0 3242 0
1423 13 1474 0 1299 0 3243 1
1424 4 1475 0 1300 0 3244 0
1425 6 1476 0 1301 0 3245 1
1426 5 1477 0 1302 0 3246 0
1427 6 1478 0 1303 0 3247 1
1428 8 1479 0 1304 0 3248 1
1429 7 1480 0 1305 0 3249 1
1430 6 1481 0 1306 0 3250 0
1431 6 1482 0 1307 0 3251 0
1432 2 1483 0 1308 0 3252 1
1433 15 1484 0 1309 0 3253 1
1434 8 1485 0 1310 0 3254 1
1435 9 1486 0 1311 0 3255 0
1436 7 1487 0 1312 0 3256 0
1437 3 1488 0 1313 0 3257 1
1438 13 1489 0 1314 0 3258 1
1439 4 1490 0 1315 0 3259 0
1440 5 1491 0 1316 0 3260 2
1441 6 1492 0 1317 0 3261 1
1442 5 1493 0 1318 0 3262 0
1443 6 1494 0 1319 0 3263 0
1444 6 1495 0 1320 0 3264 1
1445 2 1496 0 1321 0 3265 1
1446 6 1497 0 1322 0 3266 0
1447 4 1498 0 1323 0 3267 0
1448 7 1499 0 1324 0 3268 0
1449 5 1500 0 1325 0 3269 0
1450 6 1501 0 1326 0 3270 0
1451 3 1502 0 1327 0 3271 0
1452 13 1503 0 1328 0 3272 0
1453 3 1504 0 1329 0 3273 1
1454 8 1505 0 1330 0 3274 0
1455 7 1506 0 1331 0 3275 0
1456 5 1507 0 1332 0 3276 0
1457 6 1508 0 1333 0 3277 0
1458 1 1509 0 1334 0 3278 0
1459 8 1510 0 1335 0 3279 1
1460 6 1511 0 1336 0 3280 0
1461 6 1512 0 1337 0 3281 0
1462 7 1513 0 1338 0 3282 1
1463 8 1514 0 1339 0 3283 1
1464 2 1515 0 1340 0 3284 0
1465 4 1516 0 1341 0 3285 0
1466 5 1517 0 1342 0 3286 0
1467 1 1518 0 1343 0 3287 0
1468 3 1519 0 1344 0 3288 1
1469 2 1520 0 1345 0 3289 0
1470 4 1521 0 1346 0 3290 0
1471 4 1522 0 1347 0 3291 2
1472 4 1523 0 1348 0 3292 0
1473 1 1524 0 1349 0 3293 1
1474 1 1525 0 1350 0 3294 1
1475 2 1526 0 1351 0 3295 2
1476 2 1527 0 1352 0 3296 0
1477 3 1528 0 1353 0 3297 0
1478 1 1529 0 1354 0 3298 1
1479 2 1530 0 1355 0 3299 2
1480 5 1531 0 1356 0 3300 1
1481 2 1532 0 1357 0 3301 1
1482 3 1533 0 1358 0 3302 0
1483 4 1534 0 1359 0 3303 0
1484 1 1535 0 1360 0 3304 0
1485 2 1536 0 1361 0 3305 0
1486 1 1537 0 1362 0 3306 1
1487 4 1538 0 1363 0 3307 0
1488 2 1539 0 1364 0 3308 0
1489 4 1540 0 1365 0 3309 0
1490 3 1541 0 1366 0 3310 0
1491 1 1542 0 1367 0 3311 1
1492 3 1543 0 1368 0 3312 0
1493 0 1544 0 1369 0 3313 0
1494 2 1545 0 1370 0 3314 1
1495 1 1546 0 1371 0 3315 0
1496 1 1547 0 1372 0 3316 1
1497 5 1548 0 1373 0 3317 1
1498 2 1549 0 1374 0 3318 1
1499 0 1550 0 1375 0 3319 0
1500 4 1551 0 1376 0 3320 1
1501 5 1552 0 1377 0 3321 0
1502 3 1553 0 1378 0 3322 1
1503 4 1554 0 1379 0 3323 0
1504 2 1555 0 1380 0 3324 0
1505 1 1556 0 1381 0 3325 1
1506 4 1557 0 1382 0 3326 1
1507 5 1558 0 1383 0 3327 0
1508 5 1559 0 1384 0 3328 0
1509 0 1560 0 1385 0 3329 0
1510 2 1561 0 1386 0 3330 0
1511 1 1562 0 1387 0 3331 0
1512 5 1563 0 1388 0 3332 0
1513 4 1564 0 1389 0 3333 0
1514 1 1565 0 1390 0 3334 1
1515 1 1566 0 1391 0 3335 0
1516 4 1567 0 1392 0 3336 0
1517 2 1568 0 1393 0 3337 0
1518 1 1569 0 1394 0 3338 0
1519 4 1570 0 1395 0 3339 0
1520 6 1571 0 1396 0 3340 0
1521 5 1572 0 1397 0 3341 0
1522 1 1573 0 1398 0 3342 0
1523 0 1574 0 1399 0 3343 1
1524 4 1575 0 1400 0 3344 0
1525 3 1576 0 1401 0 3345 0
1526 4 1577 0 1402 0 3346 0
1527 1 1578 0 1403 0 3347 0
1528 2 1579 0 1404 0 3348 0
1529 1 1580 0 1405 0 3349 0
1530 1 1581 0 1406 0 3350 0
1531 2 1582 0 1407 0 3351 0
1532 0 1583 0 1408 0 3352 0
1533 0 1584 0 1409 0 3353 0
1534 4 1585 0 1410 0 3354 0
1535 0 1586 0 1411 0 3355 0
1536 1 1587 0 1412 0 3356 0
1537 0 1588 0 1413 0 3357 0
1538 0 1589 0 1414 0 3358 0
1539 2 1590 0 1415 0 3359 0
1540 1 1591 0 1416 0 3360 0
1541 0 1592 0 1417 0 3361 0
1542 0 1593 0 1418 0 3362 0
1543 2 1594 0 1419 0 3363 0
1544 1 1595 0 1420 0 3364 0
1545 208 1596 0 1421 0 3365 0
