  0  54 45 58  44 50 54
  1  55 45 56  44 50 54
  2  55 45 57  44 50 54
  3  55 45 56  44 49 54
  4  55 45 57  45 50 54
  5  55 45 57  44 50 53
  6  55 45 57  44 50 53
  7  55 45 57  44 50 53
  8  55 45 57  45 50 53
  9  55 45 57  44 50 54
 10  55 46 57  44 50 53
 11  55 46 57  44 50 53
 12  55 45 57  44 49 53
 13  56 46 56  44 50 53
 14  55 45 57  44 50 54
 15  55 44 57  43 49 53
 16  55 45 57  45 50 54
 17  55 45 56  45 50 53
 18  55 45 57  44 49 54
 19  55 45 56  45 50 54
 20  55 45 57  45 50 53
 21  56 45 57  44 50 53
 22  56 46 57  44 49 54
 23  55 46 57  44 50 53
 24  55 45 57  44 49 54
 25  55 45 57  45 50 53
 26  55 45 56  44 50 53
 27  54 45 57  45 50 53
 28  55 45 57  45 50 53
 29  55 45 57  44 50 54
 30  55 45 56  44 49 53
 31  55 46 57  44 50 53
 32  55 45 57  44 50 54
 33  55 46 57  45 50 54
 34  55 45 57  44 49 54
 35  55 46 57  45 49 54
 36  55 45 57  45 49 54
 37  55 45 57  45 50 54
 38  55 46 56  44 50 53
 39  56 45 57  44 50 53
 40  55 45 57  44 50 54
 41  55 45 57  45 50 54
 42  55 45 56  44 50 54
 43  54 45 57  44 49 54
 44  55 46 57  44 50 54
 45  54 45 57  45 50 54
 46  55 46 57  44 50 54
 47  55 46 57  44 50 54
 48  56 45 57  44 50 54
 49  55 45 57  44 49 53
 50  55 45 57  44 50 54
 51  55 45 57  44 49 54
 52  55 44 56  44 50 54
 53  55 45 57  44 49 54
 54  54 45 57  44 50 54
 55  56 45 57  44 49 53
 56  56 46 56  44 50 54
 57  55 45 57  44 50 53
 58  55 46 57  44 50 53
 59  56 45 57  44 50 54
 60  55 45 57  45 50 54
 61  55 45 57  44 50 53
 62  55 45 57  44 50 54
 63  55 45 56  44 50 54
 64  55 45 57  44 50 53
 65  54 45 57  44 51 53
 66  55 45 57  44 50 54
 67  55 45 56  44 50 53
 68  56 45 57  45 50 53
 69  56 45 57  45 50 54
 70  56 45 57  45 50 53
 71  56 45 56  45 49 54
 72  55 45 57  44 49 53
 73  55 45 56  44 49 53
 74  55 45 57  45 49 54
 75  55 45 57  44 50 54
 76  56 45 57  45 50 54
 77  55 44 56  44 50 54
 78  55 45 56  44 50 53
 79  55 45 56  45 50 54
 80  55 45 57  44 50 53
 81  55 45 56  45 50 53
 82  55 46 57  45 50 54
 83  55 45 56  45 49 53
 84  56 45 57  45 50 54
 85  55 45 57  44 50 54
 86  55 44 56  44 49 54
 87  55 45 57  45 50 54
 88  55 45 57  44 50 54
 89  55 44 56  44 49 54
 90  54 46 57  44 50 53
 91  55 46 56  44 50 54
 92  55 45 56  44 50 54
 93  56 46 57  45 50 53
 94  55 45 57  43 50 53
 95  55 45 56  45 49 54
 96  55 45 57  44 50 53
 97  55 46 56  45 50 54
 98  56 45 57  44 50 53
 99  54 45 57  44 50 53
100  55 45 57  44 50 54
101  55 46 57  44 50 53
102  55 45 57  44 50 54
103  56 47 57  44 50 53
104  55 46 56  45 50 53
105  55 45 57  45 50 53
106  55 45 56  44 50 53
107  55 45 57  45 50 53
108  55 44 57  45 50 53
109  54 45 57  45 50 53
110  55 45 57  44 50 54
111  56 45 57  45 50 54
112  55 45 56  44 51 54
113  55 46 57  44 50 54
114  55 45 56  44 50 54
115  55 45 56  44 50 54
116  55 46 56  45 50 54
117  54 45 57  44 50 54
118  55 45 56  44 50 54
119  55 45 57  45 50 54
120  55 44 56  45 50 54
121  55 46 57  45 50 53
122  56 45 57  45 50 54
123  56 44 57  44 50 54
124  55 45 57  45 50 54
125  56 45 57  44 50 54
126  55 44 56  44 50 54
127  55 45 57  44 50 54
128  54 46 57  45 50 54
129  55 45 56  44 50 53
130  55 46 57  44 50 54
131  54 45 57  44 50 54
132  55 45 56  45 49 54
133  55 44 57  44 50 53
134  55 45 57  45 50 54
135  55 45 56  45 50 53
136  55 45 57  45 50 54
137  55 45 56  45 50 54
138  55 45 56  45 50 54
139  55 45 57  45 50 53
140  55 45 57  44 50 54
141  55 46 56  45 50 54
142  55 45 57  44 50 54
143  55 46 56  45 50 54
144  55 46 57  44 50 54
145  55 45 57  44 50 53
146  55 46 57  45 50 53
147  55 45 56  45 50 54
148  55 45 56  45 50 54
149  56 45 56  44 49 54
150  56 45 56  44 50 55
151  55 44 56  44 50 54
152  56 45 57  45 50 54
153  55 45 56  45 50 54
154  55 45 56  44 50 53
155  55 46 56  45 50 54
156  55 45 57  45 50 54
157  55 45 57  44 50 53
158  54 45 57  45 50 54
159  55 45 57  44 50 54
160  55 44 56  44 50 53
161  55 45 57  44 50 53
162  55 45 57  44 49 54
163  55 45 57  44 49 53
164  55 45 57  45 50 54
165  55 45 56  44 50 54
166  55 45 56  44 50 53
167  55 45 56  45 50 54
168  55 45 56  45 49 54
169  56 46 56  45 50 53
170  56 46 56  45 50 54
171  55 45 56  45 50 54
172  55 45 56  44 50 54
173  55 45 57  45 50 53
174  55 45 57  44 50 54
175  55 46 57  45 50 53
176  55 45 57  45 50 54
177  55 45 57  45 50 53
178  55 45 57  44 50 53
179  55 45 57  45 51 53
180  55 45 57  44 50 53
181  55 46 56  44 50 53
182  55 45 57  44 50 54
183  55 46 56  45 50 53
184  55 45 57  44 50 54
185  55 45 57  45 50 54
186  55 45 57  44 50 53
187  55 45 57  44 50 54
188  55 46 57  44 50 54
189  55 45 57  44 50 53
190  55 45 57  44 50 53
191  54 45 56  44 49 53
192  55 45 56  44 49 53
193  55 45 57  44 50 54
194  55 45 56  44 50 54
195  55 45 56  45 50 53
196  55 45 56  44 50 54
197  55 46 56  44 49 54
198  55 46 57  45 50 54
199  55 46 56  45 49 53
200  55 45 56  44 49 53
201  55 45 56  44 50 53
202  56 45 57  44 50 54
203  55 45 57  44 50 53
204  55 45 57  44 50 54
205  55 45 57  44 50 53
206  55 45 57  44 50 54
207  55 45 57  44 50 54
208  55 45 57  45 50 54
209  56 45 57  45 50 54
210  55 45 56  45 50 53
211  56 45 56  44 49 54
212  56 45 56  44 49 54
213  56 46 57  44 50 54
214  55 45 56  45 50 53
215  55 45 57  45 51 53
216  55 46 56  44 50 53
217  55 45 57  44 50 53
218  55 45 56  44 50 53
219  55 45 57  45 50 54
220  55 45 57  45 50 54
221  56 45 57  45 50 54
222  55 45 57  44 50 54
223  56 45 57  44 49 54
224  55 45 57  45 50 54
225  56 45 57  44 50 54
226  55 45 57  45 50 54
227  54 45 57  45 50 54
228  55 45 57  44 50 54
229  55 45 57  45 49 54
230  55 45 57  45 50 54
231  54 44 56  44 50 54
232  56 45 57  44 50 54
233  55 45 56  45 50 54
234  55 45 56  44 50 53
235  55 46 56  45 50 54
236  55 45 57  44 50 54
237  55 45 56  44 50 54
238  55 45 57  45 50 54
239  55 46 57  45 50 54
240  56 45 56  45 50 54
241  414 80 65  66 56 55
242  907 861 875  67 73 81
243  631 680 727  61 68 73
244  458 463 456  54 61 64
245  258 361 328  49 57 60
246  181 263 212  48 55 58
247  139 203 164  46 53 57
248  109 115 136  45 51 54
249  87 91 91  45 51 54
250  73 71 80  45 51 54
251  62 52 73  45 50 54
252  61 51 85  45 49 54
253  63 48 63  45 50 54
254  62 47 66  45 50 54
255  66 49 58  45 50 54
256  55 46 57  45 50 54
257  55 45 57  45 50 54
258  56 46 61  45 50 54
259  56 50 57  44 50 53
260  56 45 57  44 50 54
261  54 45 58  45 51 54
262  56 45 57  45 50 53
263  55 45 57  45 50 54
264  54 45 58  45 51 53
265  60 44 56  44 50 53
266  55 45 57  45 50 53
267  55 45 56  45 50 54
268  54 45 56  44 49 53
269  55 46 56  45 50 53
270  55 46 56  45 50 54
271  54 45 56  45 49 54
272  55 45 57  44 50 53
273  55 45 56  45 50 54
274  54 45 56  44 50 54
275  55 44 56  45 50 54
276  55 45 56  45 50 53
277  55 45 56  45 49 54
278  55 45 56  44 50 54
279  55 44 56  44 50 53
280  55 45 56  44 49 54
281  55 45 56  44 49 54
282  54 45 56  45 50 53
283  55 45 56  44 49 54
284  55 45 56  44 49 54
285  55 45 56  45 50 54
286  55 45 56  44 49 53
287  55 45 56  45 50 53
288  54 45 56  45 49 53
289  55 45 56  45 49 53
290  54 45 56  45 50 54
291  54 45 56  45 50 54
292  55 45 56  44 49 53
293  55 44 56  45 50 54
294  54 45 57  45 49 54
295  55 44 56  45 50 54
296  54 44 56  44 50 54
297  55 44 64  45 50 54
298  55 45 57  45 50 54
299  55 45 57  44 50 54
300  55 45 57  45 50 53
301  55 45 57  45 50 54
302  55 45 57  44 50 54
303  55 45 55  44 50 54
304  55 45 56  45 50 53
305  55 44 57  44 50 53
306  55 45 56  44 50 53
307  56 44 57  44 50 53
308  55 44 56  44 50 54
309  56 45 57  45 51 54
310  55 45 56  45 50 54
311  55 45 57  44 50 54
312  55 45 56  45 49 54
313  54 45 56  45 50 54
314  55 45 56  45 49 53
315  54 45 57  45 50 54
316  55 44 56  44 49 54
317  54 44 56  44 50 54
318  55 45 56  44 50 54
319  54 45 56  44 50 53
320  55 45 56  45 50 54
321  54 44 56  44 50 53
322  55 45 56  44 50 54
323  55 44 56  44 50 54
324  55 45 56  45 50 54
325  55 44 57  45 50 53
326  55 45 56  44 49 54
327  55 45 56  45 50 53
328  54 45 56  45 50 54
329  55 45 56  45 50 53
330  55 44 56  44 50 54
331  54 44 56  45 51 53
332  54 45 55  44 50 54
333  55 45 56  44 50 54
334  54 45 56  44 50 54
335  55 45 56  44 50 54
336  55 44 56  43 50 54
337  55 45 56  44 50 54
338  55 45 56  44 50 53
339  55 45 56  45 49 53
340  55 45 57  45 50 53
341  55 51 57  45 50 53
342  54 45 56  44 50 54
343  55 45 56  44 50 54
344  55 44 57  44 50 53
345  55 45 55  45 49 53
346  56 44 56  44 50 54
347  55 44 56  45 50 54
348  55 44 56  45 50 53
349  55 45 56  44 50 54
350  54 44 56  45 50 53
351  54 45 55  45 49 54
352  54 45 56  45 50 54
353  55 45 57  45 50 53
354  55 44 56  45 50 53
355  54 45 56  44 50 53
356  55 45 56  45 50 53
357  55 45 56  45 50 53
358  54 43 55  44 49 54
359  54 45 56  45 50 53
360  55 45 55  45 50 54
361  54 44 56  44 50 53
362  54 45 56  44 50 54
363  55 45 56  44 50 53
364  54 44 56  45 49 54
365  59 45 56  45 49 54
366  55 44 56  44 50 53
367  54 45 56  45 50 53
368  55 45 56  44 50 53
369  54 45 56  45 50 53
370  54 44 56  44 50 54
371  55 45 56  44 50 54
372  64 45 56  45 50 54
373  56 45 57  44 50 54
374  55 44 56  44 50 54
375  54 45 57  45 50 54
376  54 45 56  44 50 54
377  55 45 56  45 50 54
378  53 45 57  45 50 54
379  55 44 56  44 50 53
380  54 45 56  45 50 54
381  55 45 56  45 50 54
382  54 45 56  44 50 54
383  55 45 56  44 50 53
384  56 45 57  44 50 54
385  55 44 56  44 49 53
386  55 45 57  44 50 54
387  55 45 57  44 49 53
388  54 45 56  45 50 54
389  55 45 56  45 50 53
390  54 44 56  45 50 53
391  54 44 56  45 49 53
392  55 45 57  44 49 54
393  55 44 56  45 50 54
394  55 44 57  45 49 54
395  55 44 56  44 49 53
396  55 45 57  45 50 54
397  55 45 56  44 49 53
398  55 44 56  44 50 54
399  54 44 56  45 50 54
400  55 44 56  45 50 54
401  55 45 56  45 49 53
402  55 45 56  45 50 54
403  55 45 56  44 50 53
404  55 45 56  44 50 53
405  55 45 56  45 50 54
406  54 45 57  45 50 53
407  54 44 56  44 50 53
408  54 44 56  45 50 54
409  55 44 56  44 49 54
410  54 45 56  44 50 54
411  55 45 56  45 50 54
412  55 45 57  44 50 54
413  54 44 56  44 50 54
414  55 45 56  45 50 54
415  55 45 56  44 50 54
416  54 45 56  45 49 54
417  56 45 56  45 49 53
418  55 45 57  44 50 53
419  54 45 56  44 50 54
420  55 45 56  44 49 54
421  55 44 62  44 50 53
422  54 45 57  44 49 54
423  55 44 57  44 50 54
424  54 45 57  44 49 54
425  54 45 56  45 50 53
426  55 45 56  45 50 54
427  54 45 56  44 50 53
428  54 45 56  44 50 54
429  55 45 56  45 50 54
430  55 44 56  45 50 54
431  55 45 56  45 50 54
432  55 44 56  45 50 53
433  55 45 57  44 50 54
434  55 44 56  44 49 54
435  55 45 57  45 50 54
436  55 44 56  45 50 54
437  56 45 56  44 50 53
438  55 44 56  44 50 53
439  55 45 56  44 50 53
440  55 44 55  44 50 53
441  55 44 56  45 50 54
442  55 45 56  45 50 54
443  55 46 56  44 50 53
444  54 44 56  45 50 54
445  55 45 56  45 50 54
446  55 44 56  45 50 54
447  55 44 55  44 50 54
448  55 45 56  44 49 53
449  55 45 57  44 49 54
450  54 44 56  44 50 53
451  55 45 56  44 50 54
452  54 45 56  44 50 54
453  54 45 56  44 50 53
454  54 45 56  45 50 54
455  55 44 56  45 50 54
456  54 44 56  44 50 53
457  55 45 57  45 50 54
458  55 45 57  45 50 54
459  54 44 56  44 49 53
460  55 45 56  45 50 54
461  55 45 56  44 50 54
462  55 45 56  44 50 53
463  55 45 56  44 50 53
464  55 45 56  45 50 54
465  54 45 56  44 50 53
466  55 45 56  44 50 54
467  55 45 56  43 50 53
468  55 44 56  44 50 53
469  55 44 56  44 49 53
470  55 45 57  44 49 53
471  54 45 56  44 50 53
472  55 45 56  45 49 53
473  55 45 56  44 50 53
474  55 45 56  44 50 54
475  55 45 56  45 49 54
476  55 45 56  45 49 54
477  54 45 56  45 49 54
478  55 45 57  44 49 54
479  55 45 56  44 50 53
480  55 45 56  45 50 54
481  55 44 56  44 49 53
482  55 44 57  44 50 54
483  55 45 57  44 50 53
484  55 44 56  44 49 54
485  54 45 56  44 50 53
486  55 45 56  45 50 54
487  55 45 56  45 49 53
488  54 45 56  45 50 54
489  54 45 56  45 50 53
490  55 44 56  44 50 54
491  54 45 57  45 50 54
492  55 44 56  44 50 53
493  54 44 55  44 49 53
494  54 45 57  44 50 54
495  55 45 56  44 50 53
496  54 44 56  44 50 54
497  55 45 56  45 50 54
498  54 44 56  44 50 53
499  54 44 56  44 49 54
500  55 45 56  44 50 53
501  55 45 56  44 50 54
502  54 45 56  44 50 54
503  55 45 56  44 50 53
504  55 44 56  44 50 53
505  55 44 56  45 50 53
506  55 44 56  45 50 53
507  55 45 56  45 50 53
508  54 45 57  44 50 53
509  55 45 56  45 50 53
510  54 45 56  44 49 54
511  55 45 57  44 50 53
512  54 45 57  45 50 54
513  55 45 56  44 50 54
514  55 45 56  45 50 54
515  55 44 55  45 50 54
516  54 45 57  44 50 53
517  55 44 56  45 50 54
518  55 45 57  44 50 54
519  55 44 56  44 50 53
520  55 44 57  44 50 53
521  54 44 56  45 50 54
522  55 44 56  44 50 53
523  55 45 56  44 50 54
524  54 44 57  44 50 53
525  55 44 56  44 49 54
526  55 45 57  45 50 54
527  54 45 56  45 50 53
528  55 44 57  45 50 53
529  54 45 57  45 50 53
530  54 44 56  44 50 53
531  54 44 56  45 49 53
532  55 45 56  45 49 54
533  55 45 56  44 50 53
534  55 45 57  45 50 54
535  55 44 56  45 50 54
536  55 44 56  44 49 54
537  55 45 56  44 50 53
538  55 44 56  44 50 53
539  54 45 56  45 49 53
540  55 44 56  45 50 53
541  54 45 56  45 50 53
542  55 45 56  45 49 54
543  55 45 56  44 50 53
544  55 45 56  45 50 54
545  54 46 56  45 50 54
546  55 45 56  45 50 54
547  55 45 56  44 50 54
548  55 45 56  45 49 53
549  55 44 56  44 49 54
550  55 45 56  44 49 54
551  54 44 56  44 50 54
552  55 44 57  45 50 54
553  54 45 56  44 50 53
554  55 45 56  44 49 53
555  55 44 56  44 50 53
556  55 45 56  44 50 53
557  55 45 57  44 50 53
558  55 44 57  45 50 54
559  55 45 56  44 50 54
560  55 45 57  45 50 54
561  55 44 56  44 49 54
562  55 45 56  45 49 54
563  54 44 56  45 50 54
564  55 44 56  45 50 54
565  55 45 56  44 50 54
566  55 44 56  45 50 53
567  55 45 56  44 50 54
568  55 45 56  45 50 54
569  55 44 56  44 50 54
570  54 44 56  45 50 53
571  54 45 56  45 50 54
572  55 45 56  45 49 54
573  55 45 56  44 49 53
574  55 45 56  44 50 54
575  55 45 56  45 50 54
576  54 45 56  44 49 53
577  55 45 57  45 50 53
578  54 44 57  44 49 53
579  55 45 56  44 50 53
580  54 44 56  45 50 53
581  55 45 56  45 50 54
582  54 44 56  44 50 53
583  55 45 56  45 49 53
584  54 44 56  44 50 53
585  54 45 56  44 50 54
586  54 45 57  44 51 54
587  54 45 57  44 50 53
588  54 44 57  44 49 53
589  55 45 56  45 49 54
590  54 44 57  44 50 54
591  55 45 56  44 50 53
592  55 44 56  45 50 54
593  55 45 56  44 50 53
594  55 44 56  44 49 54
595  54 45 56  45 50 54
596  55 44 56  44 50 54
597  55 44 57  44 50 53
598  55 45 56  44 50 53
599  55 45 56  44 50 53
600  55 45 56  45 50 53
601  54 45 56  44 50 54
602  55 45 57  44 50 54
603  55 45 56  45 50 53
604  54 45 56  44 49 54
605  56 45 56  44 50 54
606  55 45 56  45 49 54
607  55 44 56  44 50 54
608  55 45 57  45 50 54
609  54 44 56  45 50 53
610  54 45 57  44 50 54
611  54 44 57  45 50 53
612  54 45 57  45 50 54
613  54 44 55  44 49 54
614  55 45 56  45 50 54
615  55 45 56  44 50 54
616  55 45 56  45 50 54
617  55 44 56  45 50 54
618  55 44 56  44 50 53
619  55 44 56  45 50 54
620  55 45 56  45 50 54
621  55 44 56  44 50 53
622  55 45 56  45 50 54
623  55 43 56  45 50 53
624  55 45 56  44 49 53
625  54 45 56  44 49 53
626  54 45 56  45 50 54
627  54 45 56  45 50 53
628  55 45 56  45 50 54
629  54 44 56  45 50 53
630  55 45 57  44 50 54
631  54 45 56  45 50 54
632  55 45 56  45 50 54
633  55 45 56  45 50 53
634  55 44 56  45 49 54
635  54 45 56  44 50 54
636  54 45 56  45 50 54
637  54 45 56  45 50 54
638  55 44 56  44 50 54
639  55 45 56  45 50 54
640  54 44 56  44 49 53
641  55 45 56  44 50 54
642  54 45 57  45 50 53
643  54 45 56  44 49 54
644  54 44 56  44 49 54
645  54 46 56  45 49 54
646  55 44 56  44 49 53
647  55 45 56  44 49 53
648  54 45 57  45 50 54
649  56 45 56  45 49 54
650  55 45 56  44 50 54
651  55 45 56  45 51 54
652  55 45 56  45 50 53
653  55 45 57  45 50 53
654  54 44 56  44 50 53
655  54 45 56  45 50 54
656  54 45 56  44 50 54
657  55 45 56  44 49 53
658  54 45 56  44 49 53
659  55 44 56  45 50 54
660  54 44 56  45 50 54
661  55 45 56  45 50 53
662  55 44 56  44 50 53
663  55 45 56  45 50 53
664  55 45 56  45 51 54
665  55 45 56  45 50 53
666  55 45 56  44 50 54
667  55 45 56  44 50 53
668  55 44 56  45 50 54
669  54 45 56  45 50 54
670  54 45 56  44 50 53
671  54 45 56  44 50 54
672  54 44 56  44 50 53
673  54 44 56  45 50 53
674  54 44 56  45 50 54
675  54 45 56  45 50 53
676  55 45 56  45 50 53
677  54 44 55  44 50 53
678  54 45 56  44 50 53
679  55 44 56  45 50 54
680  55 45 56  44 50 54
681  54 44 56  44 50 54
682  55 45 57  44 50 54
683  54 44 56  44 50 53
684  55 44 56  44 50 53
685  54 44 56  45 50 53
686  54 44 56  44 50 54
687  54 44 56  44 50 53
688  55 45 57  44 50 54
689  54 45 56  44 50 54
690  55 44 56  44 50 54
691  55 44 57  44 49 54
692  55 45 56  45 50 54
693  55 45 56  45 50 54
694  55 45 56  44 50 54
695  54 45 57  44 50 54
696  55 45 56  44 51 54
697  55 45 56  45 50 54
698  55 45 56  45 50 54
699  55 44 56  45 50 53
700  55 44 56  44 50 53
701  54 45 56  45 50 53
702  54 45 56  45 50 53
703  55 45 56  44 50 54
704  54 45 57  45 50 54
705  55 45 57  44 49 53
706  55 45 56  45 50 54
707  55 45 56  44 50 54
708  55 45 57  45 50 53
709  54 45 56  45 50 53
710  55 45 56  45 50 53
711  54 45 56  44 50 53
712  54 44 56  45 50 53
713  54 45 55  44 50 53
714  55 45 56  45 50 53
715  55 45 56  44 50 53
716  54 45 56  44 50 54
717  54 45 56  45 50 53
718  54 45 56  45 50 54
719  55 45 56  45 50 54
720  54 45 56  45 50 54
721  54 45 56  44 50 54
722  54 44 56  45 50 53
723  54 45 56  44 50 53
724  55 44 56  44 50 53
725  54 45 56  44 50 54
726  55 45 56  45 50 54
727  55 45 56  44 50 53
728  54 45 56  44 50 53
729  55 45 56  44 50 53
730  55 45 56  45 50 54
731  55 45 57  45 50 53
732  55 45 56  44 50 53
733  55 45 57  44 50 53
734  54 45 57  45 50 54
735  55 45 57  45 50 54
736  55 44 56  44 50 54
737  55 45 56  44 50 53
738  55 45 56  44 50 54
739  54 44 56  45 50 53
740  54 44 56  44 50 54
741  55 45 56  44 50 54
742  55 45 56  44 50 54
743  55 45 57  44 50 53
744  55 44 56  44 50 54
745  55 45 56  45 50 53
746  55 45 56  44 50 53
747  54 45 56  45 49 54
748  55 45 56  44 49 54
749  54 45 56  45 50 53
750  55 45 56  44 50 53
751  55 45 56  45 50 53
752  54 45 56  44 51 54
753  54 44 56  45 50 54
754  55 45 57  45 50 53
755  54 44 56  44 50 53
756  55 44 56  44 50 53
757  54 45 57  45 50 54
758  55 46 57  44 50 54
759  55 44 57  44 49 54
760  55 45 56  45 51 53
761  54 46 56  44 50 54
762  55 44 56  45 50 53
763  54 45 56  45 50 53
764  55 45 56  44 50 54
765  55 44 56  44 50 53
766  55 44 56  45 50 54
767  55 45 56  45 50 53
