1101 3 902 6 1134 25 3138 0
1102 8 903 18 1135 45 3139 0
1103 32 904 43 1136 77 3140 5
1104 64 905 73 1137 124 3141 12
1105 135 906 153 1138 184 3142 21
1106 189 907 188 1139 223 3143 48
1107 303 908 277 1140 317 3144 107
1108 382 909 377 1141 429 3145 156
1109 440 910 391 1142 486 3146 207
1110 522 911 489 1143 542 3147 254
1111 547 912 559 1144 636 3148 316
1112 666 913 681 1145 731 3149 404
1113 716 914 658 1146 795 3150 488
1114 744 915 734 1147 889 3151 541
1115 839 916 759 1148 902 3152 635
1116 852 917 839 1149 931 3153 741
1117 944 918 870 1150 1026 3154 794
1118 954 919 925 1151 1154 3155 894
1119 1005 920 946 1152 1079 3156 926
1120 1027 921 962 1153 1106 3157 995
1121 1058 922 972 1154 1123 3158 1042
1122 1044 923 1061 1155 1186 3159 1074
1123 979 924 1033 1156 1173 3160 1141
1124 1101 925 1088 1157 1222 3161 1194
1125 1107 926 1037 1158 1192 3162 1227
1126 1072 927 1028 1159 1182 3163 1214
1127 1112 928 1069 1160 1126 3164 1196
1128 1068 929 1062 1161 1183 3165 1253
1129 1050 930 1114 1162 1165 3166 1211
1130 1028 931 1020 1163 1110 3167 1182
1131 1060 932 1107 1164 1145 3168 1145
1132 1049 933 1056 1165 1059 3169 1245
1133 1057 934 1062 1166 1109 3170 1200
1134 986 935 1044 1167 998 3171 1157
1135 1008 936 1085 1168 1123 3172 1053
1136 973 937 1044 1169 1057 3173 1086
1137 963 938 1039 1170 1017 3174 1112
1138 1031 939 982 1171 994 3175 1139
1139 968 940 998 1172 1050 3176 1066
1140 924 941 989 1173 957 3177 1083
1141 946 942 998 1174 1002 3178 975
1142 906 943 963 1175 957 3179 1048
1143 920 944 955 1176 961 3180 962
1144 937 945 905 1177 936 3181 964
1145 942 946 917 1178 952 3182 977
1146 835 947 898 1179 874 3183 935
1147 886 948 888 1180 927 3184 938
1148 787 949 865 1181 881 3185 926
1149 834 950 858 1182 890 3186 835
1150 845 951 865 1183 891 3187 873
1151 792 952 848 1184 820 3188 880
1152 835 953 883 1185 839 3189 805
1153 846 954 799 1186 851 3190 884
1154 796 955 842 1187 810 3191 820
1155 807 956 787 1188 797 3192 796
1156 837 957 826 1189 765 3193 737
1157 748 958 829 1190 812 3194 802
1158 723 959 793 1191 766 3195 783
1159 760 960 798 1192 813 3196 722
1160 729 961 794 1193 778 3197 777
1161 718 962 781 1194 753 3198 717
1162 749 963 776 1195 745 3199 704
1163 748 964 798 1196 764 3200 721
1164 744 965 801 1197 792 3201 623
1165 756 966 716 1198 794 3202 662
1166 706 967 717 1199 781 3203 708
1167 730 968 793 1200 747 3204 668
1168 705 969 752 1201 807 3205 703
1169 694 970 773 1202 783 3206 625
1170 693 971 758 1203 742 3207 626
1171 733 972 756 1204 805 3208 608
1172 698 973 756 1205 767 3209 599
1173 706 974 750 1206 774 3210 613
1174 738 975 725 1207 784 3211 651
1175 697 976 774 1208 785 3212 639
1176 707 977 741 1209 809 3213 628
1177 764 978 805 1210 810 3214 596
1178 736 979 796 1211 834 3215 612
1179 732 980 770 1212 819 3216 597
1180 717 981 757 1213 755 3217 561
1181 734 982 754 1214 845 3218 604
1182 737 983 796 1215 822 3219 629
1183 731 984 807 1216 847 3220 583
1184 707 985 778 1217 874 3221 591
1185 761 986 850 1218 809 3222 616
1186 719 987 761 1219 846 3223 595
1187 789 988 804 1220 911 3224 599
1188 744 989 808 1221 881 3225 587
1189 752 990 852 1222 850 3226 634
1190 751 991 871 1223 842 3227 602
1191 774 992 841 1224 908 3228 559
1192 756 993 823 1225 933 3229 625
1193 760 994 795 1226 894 3230 642
1194 815 995 776 1227 895 3231 659
1195 822 996 861 1228 935 3232 672
1196 811 997 773 1229 857 3233 631
1197 848 998 875 1230 907 3234 681
1198 874 999 869 1231 1008 3235 724
1199 805 1000 836 1232 986 3236 740
1200 835 1001 887 1233 938 3237 745
1201 825 1002 903 1234 967 3238 700
1202 837 1003 841 1235 992 3239 759
1203 822 1004 912 1236 1005 3240 775
1204 863 1005 881 1237 965 3241 821
1205 835 1006 868 1238 943 3242 860
1206 863 1007 884 1239 966 3243 842
1207 824 1008 890 1240 1033 3244 859
1208 842 1009 901 1241 941 3245 843
1209 896 1010 887 1242 962 3246 906
1210 929 1011 870 1243 999 3247 890
1211 886 1012 927 1244 1052 3248 958
1212 890 1013 923 1245 986 3249 987
1213 884 1014 907 1246 923 3250 987
1214 845 1015 936 1247 1016 3251 1004
1215 888 1016 851 1248 932 3252 1045
1216 866 1017 854 1249 974 3253 966
1217 870 1018 881 1250 954 3254 1122
1218 849 1019 925 1251 973 3255 1123
1219 877 1020 899 1252 993 3256 1119
1220 897 1021 921 1253 920 3257 1132
1221 881 1022 899 1254 960 3258 1135
1222 874 1023 889 1255 945 3259 1134
1223 900 1024 838 1256 954 3260 1208
1224 908 1025 811 1257 872 3261 1154
1225 868 1026 886 1258 904 3262 1146
1226 892 1027 908 1259 944 3263 1160
1227 875 1028 861 1260 890 3264 1158
1228 834 1029 826 1261 923 3265 1157
1229 878 1030 861 1262 876 3266 1185
1230 847 1031 847 1263 914 3267 1157
1231 823 1032 856 1264 874 3268 1225
1232 828 1033 856 1265 912 3269 1220
1233 852 1034 858 1266 842 3270 1159
1234 833 1035 812 1267 879 3271 1128
1235 868 1036 815 1268 865 3272 1137
1236 850 1037 802 1269 838 3273 1204
1237 902 1038 837 1270 844 3274 1100
1238 797 1039 785 1271 787 3275 1140
1239 846 1040 801 1272 787 3276 1101
1240 760 1041 790 1273 794 3277 1089
1241 775 1042 804 1274 789 3278 1125
1242 801 1043 835 1275 761 3279 1111
1243 762 1044 756 1276 745 3280 1033
1244 815 1045 741 1277 737 3281 1039
1245 796 1046 780 1278 772 3282 1046
1246 772 1047 758 1279 769 3283 984
1247 750 1048 721 1280 681 3284 1025
1248 754 1049 699 1281 748 3285 1035
1249 766 1050 677 1282 687 3286 996
1250 758 1051 753 1283 700 3287 927
1251 711 1052 685 1284 718 3288 931
1252 738 1053 687 1285 672 3289 895
1253 751 1054 720 1286 682 3290 865
1254 709 1055 729 1287 668 3291 854
1255 738 1056 660 1288 681 3292 849
1256 701 1057 673 1289 640 3293 841
1257 697 1058 649 1290 619 3294 794
1258 697 1059 649 1291 588 3295 834
1259 656 1060 713 1292 613 3296 739
1260 657 1061 621 1293 615 3297 727
1261 698 1062 661 1294 611 3298 734
1262 689 1063 681 1295 582 3299 736
1263 640 1064 628 1296 510 3300 730
1264 631 1065 611 1297 556 3301 698
1265 615 1066 679 1298 547 3302 683
1266 619 1067 590 1299 564 3303 715
1267 587 1068 575 1300 590 3304 630
1268 637 1069 575 1301 550 3305 604
1269 632 1070 587 1302 555 3306 610
1270 583 1071 541 1303 503 3307 610
1271 582 1072 519 1304 487 3308 572
1272 572 1073 508 1305 497 3309 532
1273 576 1074 513 1306 466 3310 524
1274 544 1075 538 1307 459 3311 494
1275 531 1076 552 1308 464 3312 521
1276 525 1077 521 1309 480 3313 481
1277 524 1078 512 1310 496 3314 499
1278 548 1079 585 1311 432 3315 452
1279 492 1080 470 1312 433 3316 460
1280 500 1081 529 1313 431 3317 508
1281 499 1082 421 1314 418 3318 468
1282 463 1083 471 1315 400 3319 434
1283 453 1084 484 1316 435 3320 460
1284 485 1085 439 1317 402 3321 403
1285 470 1086 434 1318 362 3322 412
1286 450 1087 465 1319 369 3323 399
1287 423 1088 438 1320 371 3324 379
1288 440 1089 429 1321 343 3325 372
1289 450 1090 414 1322 317 3326 330
1290 422 1091 442 1323 354 3327 374
1291 440 1092 388 1324 339 3328 351
1292 371 1093 422 1325 340 3329 368
1293 396 1094 395 1326 335 3330 350
1294 391 1095 381 1327 316 3331 337
1295 396 1096 424 1328 318 3332 307
1296 397 1097 399 1329 318 3333 312
1297 382 1098 378 1330 292 3334 326
1298 419 1099 348 1331 310 3335 294
1299 366 1100 337 1332 297 3336 280
1300 362 1101 336 1333 289 3337 289
1301 391 1102 319 1334 264 3338 284
1302 339 1103 332 1335 250 3339 263
1303 321 1104 305 1336 278 3340 264
1304 340 1105 303 1337 240 3341 236
1305 336 1106 375 1338 248 3342 242
1306 313 1107 300 1339 251 3343 261
1307 329 1108 311 1340 258 3344 257
1308 331 1109 307 1341 238 3345 258
1309 319 1110 314 1342 262 3346 221
1310 283 1111 282 1343 244 3347 229
1311 322 1112 272 1344 227 3348 231
1312 318 1113 271 1345 206 3349 207
1313 279 1114 265 1346 226 3350 205
1314 254 1115 236 1347 207 3351 200
1315 254 1116 256 1348 212 3352 215
1316 280 1117 277 1349 208 3353 221
1317 261 1118 246 1350 211 3354 181
1318 224 1119 262 1351 186 3355 192
1319 254 1120 230 1352 199 3356 184
1320 265 1121 214 1353 179 3357 201
1321 223 1122 191 1354 186 3358 165
1322 275 1123 226 1355 189 3359 164
1323 247 1124 237 1356 197 3360 181
1324 216 1125 217 1357 185 3361 178
1325 254 1126 209 1358 180 3362 176
1326 244 1127 222 1359 165 3363 174
1327 227 1128 232 1360 147 3364 153
1328 215 1129 205 1361 170 3365 163
1329 199 1130 203 1362 157 3366 153
1330 205 1131 218 1363 175 3367 188
1331 204 1132 200 1364 136 3368 154
1332 194 1133 190 1365 136 3369 152
1333 194 1134 213 1366 148 3370 135
1334 200 1135 178 1367 149 3371 150
1335 165 1136 186 1368 159 3372 172
1336 189 1137 156 1369 151 3373 131
1337 190 1138 150 1370 155 3374 153
1338 195 1139 172 1371 124 3375 113
1339 196 1140 185 1372 134 3376 116
1340 173 1141 185 1373 125 3377 119
1341 170 1142 151 1374 116 3378 135
1342 181 1143 165 1375 121 3379 124
1343 158 1144 148 1376 99 3380 130
1344 154 1145 148 1377 125 3381 116
1345 158 1146 159 1378 114 3382 128
1346 185 1147 122 1379 126 3383 107
1347 149 1148 129 1380 115 3384 103
1348 137 1149 143 1381 104 3385 102
1349 122 1150 162 1382 128 3386 116
1350 144 1151 127 1383 107 3387 98
1351 136 1152 106 1384 119 3388 102
1352 146 1153 124 1385 94 3389 99
1353 133 1154 120 1386 90 3390 107
1354 136 1155 110 1387 106 3391 92
1355 132 1156 113 1388 105 3392 92
1356 124 1157 135 1389 107 3393 101
1357 138 1158 116 1390 88 3394 102
1358 146 1159 119 1391 96 3395 106
1359 111 1160 125 1392 95 3396 107
1360 118 1161 105 1393 89 3397 89
1361 94 1162 105 1394 95 3398 88
1362 122 1163 108 1395 89 3399 89
1363 130 1164 117 1396 90 3400 104
1364 111 1165 121 1397 86 3401 102
1365 98 1166 101 1398 75 3402 85
1366 113 1167 110 1399 77 3403 81
1367 112 1168 99 1400 74 3404 69
1368 106 1169 109 1401 65 3405 70
1369 113 1170 92 1402 82 3406 86
1370 91 1171 115 1403 66 3407 77
1371 91 1172 97 1404 73 3408 95
1372 102 1173 99 1405 78 3409 81
1373 95 1174 96 1406 82 3410 80
1374 106 1175 93 1407 78 3411 78
1375 89 1176 101 1408 75 3412 80
1376 91 1177 82 1409 68 3413 81
1377 105 1178 82 1410 58 3414 67
1378 85 1179 80 1411 62 3415 60
1379 98 1180 110 1412 60 3416 68
1380 90 1181 76 1413 65 3417 64
1381 88 1182 72 1414 66 3418 57
1382 70 1183 81 1415 71 3419 62
1383 90 1184 86 1416 59 3420 61
1384 75 1185 68 1417 55 3421 64
1385 91 1186 81 1418 72 3422 57
1386 79 1187 67 1419 45 3423 54
1387 82 1188 78 1420 59 3424 62
1388 82 1189 79 1421 59 3425 57
1389 73 1190 65 1422 56 3426 58
1390 83 1191 69 1423 54 3427 59
1391 81 1192 66 1424 62 3428 59
1392 86 1193 77 1425 51 3429 69
1393 71 1194 69 1426 54 3430 61
1394 65 1195 59 1427 58 3431 66
1395 65 1196 75 1428 47 3432 47
1396 76 1197 74 1429 48 3433 52
1397 67 1198 58 1430 54 3434 36
1398 72 1199 75 1431 39 3435 48
1399 74 1200 66 1432 68 3436 39
1400 82 1201 63 1433 54 3437 57
1401 80 1202 57 1434 46 3438 51
1402 55 1203 60 1435 54 3439 46
1403 66 1204 63 1436 57 3440 67
1404 64 1205 65 1437 52 3441 43
1405 58 1206 54 1438 48 3442 56
1406 56 1207 49 1439 49 3443 54
1407 57 1208 58 1440 54 3444 62
1408 49 1209 57 1441 46 3445 48
1409 63 1210 77 1442 40 3446 63
1410 51 1211 53 1443 45 3447 49
1411 65 1212 53 1444 37 3448 50
1412 57 1213 62 1445 39 3449 42
1413 70 1214 55 1446 27 3450 48
1414 56 1215 40 1447 49 3451 53
1415 57 1216 52 1448 45 3452 44
1416 51 1217 57 1449 44 3453 47
1417 52 1218 46 1450 27 3454 42
1418 40 1219 61 1451 40 3455 33
1419 49 1220 42 1452 45 3456 43
1420 62 1221 37 1453 43 3457 45
1421 50 1222 44 1454 36 3458 37
1422 49 1223 39 1455 27 3459 35
1423 53 1224 61 1456 39 3460 27
1424 49 1225 39 1457 27 3461 44
1425 34 1226 44 1458 43 3462 34
1426 61 1227 48 1459 41 3463 28
1427 40 1228 60 1460 33 3464 34
1428 46 1229 43 1461 31 3465 44
1429 48 1230 48 1462 43 3466 30
1430 48 1231 35 1463 35 3467 33
1431 51 1232 38 1464 35 3468 26
1432 42 1233 48 1465 32 3469 35
1433 45 1234 41 1466 38 3470 30
1434 51 1235 34 1467 48 3471 31
1435 55 1236 44 1468 42 3472 36
1436 41 1237 37 1469 29 3473 43
1437 34 1238 45 1470 30 3474 29
1438 38 1239 40 1471 32 3475 35
1439 37 1240 29 1472 38 3476 29
1440 32 1241 36 1473 38 3477 41
1441 35 1242 34 1474 35 3478 33
1442 42 1243 29 1475 23 3479 27
1443 36 1244 33 1476 35 3480 29
1444 36 1245 30 1477 30 3481 28
1445 42 1246 36 1478 27 3482 24
1446 37 1247 36 1479 41 3483 32
1447 44 1248 27 1480 32 3484 33
1448 39 1249 31 1481 29 3485 29
1449 39 1250 29 1482 34 3486 33
1450 30 1251 36 1483 24 3487 22
1451 47 1252 36 1484 25 3488 24
1452 33 1253 28 1485 34 3489 27
1453 41 1254 33 1486 33 3490 35
1454 28 1255 35 1487 26 3491 23
1455 34 1256 36 1488 37 3492 33
1456 31 1257 25 1489 29 3493 14
1457 21 1258 27 1490 25 3494 29
1458 31 1259 27 1491 27 3495 33
1459 48 1260 41 1492 27 3496 21
1460 31 1261 37 1493 26 3497 29
1461 36 1262 23 1494 34 3498 27
1462 26 1263 42 1495 28 3499 20
1463 38 1264 30 1496 24 3500 25
1464 32 1265 33 1497 25 3501 19
1465 30 1266 26 1498 29 3502 14
1466 26 1267 36 1499 27 3503 23
1467 20 1268 30 1500 24 3504 16
1468 23 1269 31 1501 24 3505 24
1469 22 1270 29 1502 31 3506 18
1470 33 1271 18 1503 24 3507 23
1471 24 1272 35 1504 15 3508 28
1472 27 1273 29 1505 14 3509 18
1473 38 1274 21 1506 18 3510 19
1474 27 1275 28 1507 25 3511 27
1475 43 1276 27 1508 16 3512 19
1476 26 1277 31 1509 23 3513 24
1477 27 1278 28 1510 20 3514 19
1478 21 1279 18 1511 21 3515 16
1479 26 1280 32 1512 17 3516 22
1480 32 1281 29 1513 20 3517 13
1481 18 1282 26 1514 25 3518 16
1482 33 1283 29 1515 23 3519 18
1483 25 1284 23 1516 27 3520 16
1484 20 1285 28 1517 15 3521 20
1485 33 1286 32 1518 27 3522 23
1486 28 1287 23 1519 20 3523 15
1487 26 1288 25 1520 31 3524 20
1488 25 1289 21 1521 19 3525 21
1489 15 1290 22 1522 26 3526 14
1490 15 1291 24 1523 23 3527 20
1491 27 1292 23 1524 18 3528 13
1492 25 1293 25 1525 13 3529 11
1493 27 1294 25 1526 19 3530 20
1494 30 1295 21 1527 18 3531 19
1495 17 1296 17 1528 12 3532 21
1496 25 1297 30 1529 20 3533 16
1497 31 1298 24 1530 11 3534 14
1498 16 1299 20 1531 17 3535 13
1499 27 1300 22 1532 19 3536 13
1500 23 1301 17 1533 18 3537 15
1501 65 1302 68 1534 50 3538 42
1502 78 1303 70 1535 46 3539 35
1503 56 1304 62 1536 51 3540 29
1504 58 1305 46 1537 48 3541 42
1505 60 1306 60 1538 33 3542 29
1506 62 1307 57 1539 29 3543 45
1507 66 1308 39 1540 33 3544 31
1508 51 1309 55 1541 44 3545 23
1509 59 1310 59 1542 40 3546 37
1510 64 1311 53 1543 44 3547 36
1511 56 1312 47 1544 32 3548 40
1512 42 1313 38 1545 38 3549 42
1513 39 1314 40 1546 27 3550 39
1514 54 1315 37 1547 41 3551 27
1515 62 1316 43 1548 38 3552 36
1516 51 1317 41 1549 40 3553 28
1517 47 1318 50 1550 26 3554 39
1518 37 1319 33 1551 29 3555 34
1519 38 1320 33 1552 29 3556 44
1520 35 1321 33 1553 32 3557 22
1521 44 1322 25 1554 25 3558 22
1522 42 1323 36 1555 32 3559 27
1523 35 1324 33 1556 29 3560 29
1524 38 1325 40 1557 15 3561 20
1525 30 1326 35 1558 34 3562 16
1526 29 1327 35 1559 27 3563 25
1527 43 1328 36 1560 29 3564 17
1528 30 1329 34 1561 30 3565 27
1529 33 1330 26 1562 19 3566 25
1530 14 1331 32 1563 27 3567 19
1531 28 1332 27 1564 26 3568 16
1532 30 1333 24 1565 20 3569 17
1533 20 1334 18 1566 20 3570 20
1534 23 1335 18 1567 14 3571 17
1535 21 1336 24 1568 13 3572 15
1536 25 1337 28 1569 23 3573 12
1537 30 1338 24 1570 20 3574 15
1538 18 1339 16 1571 27 3575 20
1539 24 1340 21 1572 16 3576 11
1540 25 1341 16 1573 18 3577 21
1541 23 1342 20 1574 23 3578 14
1542 21 1343 21 1575 21 3579 19
1543 17 1344 23 1576 22 3580 10
1544 26 1345 22 1577 9 3581 14
1545 26 1346 14 1578 17 3582 19
1546 13 1347 20 1579 19 3583 22
1547 15 1348 20 1580 20 3584 18
1548 25 1349 16 1581 9 3585 12
1549 15 1350 20 1582 11 3586 13
1550 21 1351 14 1583 18 3587 9
1551 8 1352 21 1584 12 3588 5
1552 21 1353 13 1585 12 3589 11
1553 18 1354 18 1586 11 3590 12
1554 15 1355 15 1587 10 3591 6
1555 19 1356 16 1588 10 3592 10
1556 23 1357 15 1589 11 3593 7
1557 15 1358 19 1590 9 3594 10
1558 18 1359 12 1591 8 3595 9
1559 22 1360 13 1592 11 3596 8
1560 14 1361 11 1593 9 3597 8
1561 9 1362 15 1594 10 3598 10
1562 14 1363 8 1595 15 3599 11
1563 7 1364 16 1596 10 3600 8
1564 12 1365 17 1597 8 3601 9
1565 9 1366 11 1598 13 3602 8
1566 13 1367 11 1599 5 3603 10
1567 15 1368 9 1600 8 3604 7
1568 12 1369 10 1601 10 3605 9
1569 12 1370 12 1602 9 3606 11
1570 11 1371 12 1603 3 3607 9
1571 12 1372 9 1604 9 3608 11
1572 9 1373 6 1605 13 3609 6
1573 8 1374 9 1606 13 3610 10
1574 8 1375 13 1607 7 3611 4
1575 7 1376 12 1608 8 3612 8
1576 9 1377 5 1609 5 3613 4
1577 4 1378 13 1610 5 3614 4
1578 13 1379 12 1611 7 3615 11
1579 6 1380 10 1612 6 3616 6
1580 8 1381 6 1613 8 3617 7
1581 5 1382 9 1614 7 3618 4
1582 10 1383 10 1615 10 3619 5
1583 8 1384 6 1616 8 3620 7
1584 7 1385 9 1617 4 3621 9
1585 5 1386 11 1618 3 3622 5
1586 8 1387 12 1619 4 3623 4
1587 8 1388 7 1620 8 3624 7
1588 7 1389 16 1621 6 3625 3
1589 5 1390 8 1622 8 3626 7
1590 7 1391 11 1623 3 3627 4
1591 2 1392 4 1624 6 3628 2
1592 3 1393 11 1625 1 3629 4
1593 6 1394 3 1626 5 3630 6
1594 10 1395 7 1627 6 3631 5
1595 7 1396 6 1628 4 3632 5
1596 7 1397 5 1629 5 3633 5
1597 13 1398 7 1630 5 3634 8
1598 11 1399 7 1631 5 3635 3
1599 11 1400 7 1632 3 3636 4
1600 2 1401 8 1633 5 3637 7
1601 2 1402 8 1634 5 3638 5
1602 7 1403 8 1635 8 3639 4
1603 7 1404 6 1636 5 3640 3
1604 4 1405 2 1637 5 3641 2
1605 6 1406 6 1638 6 3642 1
1606 4 1407 9 1639 6 3643 2
1607 5 1408 4 1640 4 3644 4
1608 6 1409 10 1641 4 3645 7
1609 1 1410 5 1642 6 3646 4
1610 9 1411 5 1643 3 3647 4
1611 4 1412 9 1644 2 3648 6
1612 3 1413 3 1645 5 3649 4
1613 6 1414 7 1646 8 3650 4
1614 5 1415 2 1647 3 3651 3
1615 5 1416 5 1648 4 3652 0
1616 0 1417 5 1649 1 3653 5
1617 6 1418 9 1650 5 3654 4
1618 4 1419 6 1651 4 3655 5
1619 13 1420 5 1652 3 3656 3
1620 5 1421 3 1653 3 3657 2
1621 6 1422 7 1654 4 3658 1
1622 3 1423 6 1655 4 3659 3
1623 4 1424 3 1656 1 3660 6
1624 6 1425 5 1657 4 3661 6
1625 6 1426 4 1658 2 3662 3
1626 3 1427 3 1659 3 3663 2
1627 7 1428 4 1660 1 3664 7
1628 2 1429 5 1661 2 3665 4
1629 7 1430 8 1662 5 3666 2
1630 6 1431 5 1663 3 3667 1
1631 3 1432 3 1664 2 3668 4
1632 4 1433 4 1665 1 3669 4
1633 4 1434 4 1666 1 3670 1
1634 3 1435 2 1667 4 3671 6
1635 5 1436 3 1668 3 3672 1
1636 1 1437 3 1669 1 3673 3
1637 3 1438 8 1670 3 3674 1
1638 7 1439 6 1671 3 3675 4
1639 4 1440 4 1672 3 3676 7
1640 3 1441 5 1673 5 3677 1
1641 2 1442 8 1674 1 3678 0
1642 0 1443 1 1675 4 3679 3
1643 2 1444 3 1676 5 3680 1
1644 2 1445 4 1677 4 3681 1
1645 2 1446 1 1678 3 3682 1
1646 3 1447 3 1679 6 3683 5
1647 5 1448 4 1680 2 3684 2
1648 6 1449 3 1681 1 3685 4
1649 2 1450 1 1682 1 3686 5
1650 6 1451 3 1683 5 3687 3
1651 4 1452 5 1684 1 3688 3
1652 1 1453 1 1685 2 3689 1
1653 2 1454 1 1686 1 3690 3
1654 2 1455 6 1687 2 3691 5
1655 0 1456 2 1688 3 3692 8
1656 4 1457 4 1689 0 3693 2
1657 3 1458 2 1690 2 3694 2
1658 2 1459 1 1691 1 3695 3
1659 0 1460 3 1692 2 3696 1
1660 4 1461 2 1693 3 3697 2
1661 2 1462 1 1694 1 3698 2
1662 5 1463 3 1695 2 3699 2
1663 1 1464 1 1696 2 3700 2
1664 2 1465 3 1697 2 3701 2
1665 4 1466 0 1698 5 3702 1
1666 3 1467 4 1699 0 3703 5
1667 3 1468 3 1700 6 3704 2
1668 0 1469 2 1701 1 3705 2
1669 4 1470 3 1702 2 3706 1
1670 5 1471 6 1703 2 3707 3
1671 2 1472 4 1704 1 3708 0
1672 1 1473 0 1705 2 3709 1
1673 1 1474 1 1706 1 3710 3
1674 1 1475 0 1707 5 3711 2
1675 4 1476 4 1708 4 3712 2
1676 5 1477 1 1709 0 3713 4
1677 2 1478 2 1710 2 3714 1
1678 3 1479 1 1711 3 3715 2
1679 4 1480 1 1712 2 3716 0
1680 1 1481 2 1713 2 3717 2
1681 3 1482 1 1714 0 3718 2
1682 4 1483 1 1715 5 3719 1
1683 5 1484 3 1716 1 3720 2
1684 3 1485 1 1717 4 3721 1
1685 4 1486 4 1718 1 3722 1
1686 1 1487 0 1719 0 3723 1
1687 5 1488 1 1720 1 3724 3
1688 3 1489 3 1721 1 3725 1
1689 3 1490 2 1722 2 3726 1
1690 0 1491 0 1723 3 3727 2
1691 4 1492 1 1724 1 3728 3
1692 1 1493 0 1725 3 3729 3
1693 2 1494 2 1726 2 3730 0
1694 1 1495 3 1727 4 3731 5
1695 1 1496 2 1728 1 3732 0
1696 0 1497 1 1729 0 3733 2
1697 2 1498 2 1730 2 3734 0
1698 2 1499 2 1731 2 3735 4
1699 2 1500 1 1732 1 3736 2
1700 265 1501 230 1733 238 3737 2
