0 1257828 1030368 1294983
25 1260353 1030948 1295296
50 1582764 1147372 1387981
75 2083139 1816574 2051972
100 1837770 1649255 1901342
125 1626964 1437804 1686560
150 1493418 1294075 1549062
175 1404128 1197539 1454267
200 1346353 1136217 1395999
225 1309711 1095187 1353059
250 1291531 1070266 1331870
275 1277895 1054668 1317701
300 1270380 1045266 1310643
325 1265567 1040878 1304941
350 1263126 1037380 1301278
375 1262218 1034701 1299432
400 1260913 1033794 1299027
425 1260149 1033170 1298234
450 1259888 1032832 1298186
475 1259316 1032647 1297720
