55 0 45 0 56 0
56 0 46 0 57 0
57 0 47 0 58 0
58 0 48 0 59 0
59 1162 49 1123 60 1060
60 1572 50 1660 61 1667
61 2114 51 2075 62 2157
62 2490 52 2504 63 2718
63 2747 53 2794 64 3120
64 2948 54 3086 65 3134
65 3056 55 3388 66 3277
66 2872 56 3076 67 3243
67 3000 57 3109 68 3256
68 2777 58 2968 69 3166
69 2826 59 2967 70 3053
70 2854 60 2904 71 3042
71 2744 61 2769 72 3056
72 2528 62 2790 73 2937
73 2484 63 2725 74 2714
74 2306 64 2646 75 2774
75 2355 65 2627 76 2733
76 2299 66 2492 77 2527
77 2249 67 2658 78 2106
78 1868 68 2526 79 2649
79 2403 69 2594 80 2717
80 2363 70 2805 81 2708
81 2433 71 2481 82 2731
82 2407 72 2690 83 2637
83 2509 73 2688 84 2746
84 2385 74 2529 85 2852
85 2523 75 2548 86 2729
86 2367 76 2634 87 2741
87 2441 77 2276 88 2776
88 2514 78 2423 89 2867
89 2703 79 2579 90 2776
90 2550 80 2712 91 2729
91 2396 81 2696 92 2628
92 2450 82 2523 93 2634
93 2404 83 2552 94 2723
94 2438 84 2447 95 2584
95 2394 85 2362 96 2597
96 2391 86 2396 97 2603
97 2334 87 2477 98 2482
98 2295 88 2431 99 2478
99 2374 89 2213 100 2371
100 2232 90 2138 101 2369
101 2173 91 2170 102 2121
102 2193 92 2049 103 2042
103 2085 93 2055 104 2172
104 2072 94 1971 105 2063
105 2129 95 1907 106 1943
106 1991 96 1906 107 1865
107 1876 97 1782 108 1713
108 1835 98 1697 109 1713
109 1776 99 1736 110 1598
110 1667 100 1521 111 1612
111 1698 101 1494 112 1556
112 1580 102 1653 113 1470
113 1581 103 1464 114 1363
114 1361 104 1425 115 1322
115 1157 105 1291 116 1085
116 1302 106 1267 117 1133
117 1287 107 1266 118 1193
118 1316 108 982 119 1020
119 1257 109 1093 120 1137
120 1202 110 1064 121 1160
121 1218 111 1084 122 973
122 1098 112 960 123 911
123 1037 113 998 124 886
124 954 114 918 125 892
125 972 115 939 126 826
126 933 116 881 127 811
127 987 117 828 128 721
128 886 118 806 129 695
129 872 119 827 130 684
130 860 120 757 131 701
131 738 121 738 132 617
132 750 122 694 133 611
133 756 123 612 134 573
134 729 124 620 135 575
135 671 125 625 136 561
136 620 126 586 137 489
137 656 127 585 138 493
138 586 128 551 139 465
139 611 129 515 140 423
140 585 130 473 141 408
141 496 131 502 142 352
142 424 132 465 143 399
143 470 133 434 144 378
144 468 134 443 145 383
145 467 135 434 146 358
146 436 136 404 147 332
147 382 137 339 148 339
148 377 138 334 149 310
149 419 139 355 150 316
150 425 140 306 151 290
151 381 141 255 152 282
152 386 142 273 153 271
153 368 143 308 154 248
154 341 144 308 155 244
155 925 145 858 156 685
156 876 146 773 157 641
157 746 147 694 158 550
158 748 148 647 159 507
159 640 149 534 160 440
160 555 150 485 161 426
161 540 151 450 162 352
162 440 152 419 163 318
163 417 153 392 164 293
164 417 154 323 165 281
165 389 155 342 166 231
166 321 156 290 167 223
167 300 157 265 168 215
168 303 158 236 169 187
169 263 159 226 170 192
170 265 160 230 171 174
171 213 161 169 172 150
172 210 162 154 173 148
173 189 163 144 174 142
174 180 164 160 175 150
175 163 165 136 176 114
176 157 166 140 177 100
177 149 167 112 178 119
178 151 168 146 179 102
179 138 169 112 180 94
180 111 170 116 181 87
181 90 171 95 182 89
182 97 172 93 183 75
183 96 173 84 184 59
184 71 174 80 185 71
185 90 175 65 186 79
186 85 176 72 187 54
187 81 177 65 188 69
188 98 178 53 189 54
189 70 179 57 190 56
190 75 180 56 191 37
191 53 181 62 192 35
192 63 182 54 193 41
193 46 183 56 194 36
194 50 184 45 195 37
195 61 185 50 196 34
196 47 186 40 197 26
197 49 187 46 198 33
198 49 188 37 199 34
199 41 189 43 200 32
200 38 190 27 201 24
201 36 191 31 202 15
202 38 192 34 203 23
203 32 193 27 204 23
204 932 194 792 205 726
