0.01
-0.00
0.31
7.22
5.62
3.70
2.80
1.93
1.40
0.62
0.41
0.23
0.06
0.05
0.03
0.02
0.04
0.01
0.00
0.01
0.05
0.00
0.00
0.00
0.00
0.00
-0.01
0.00
0.00
0.00
0.01
0.01
0.00
0.00
0.00
0.00
-0.01
0.00
0.00
0.00
-0.01
0.00
0.00
0.00
0.00
0.00
0.00
0.00
0.00
0.00
0.00
0.00
0.00
0.00
-0.01
0.00
-0.01
-0.01
-0.01
0.00
0.00
0.00
0.00
0.00
0.00
0.00
-0.01
0.00
-0.01
-0.01
0.00
0.00
0.00
0.00
0.00
0.00
0.00
-0.01
-0.01
0.00
0.00
0.00
-0.01
0.00
-0.01
0.00
-0.01
0.00
0.00
0.00
0.00
-0.01
-0.01
0.00
0.00
0.00
0.00
-0.01
0.00
0.00
0.00
0.00
0.06
0.00
0.00
-0.01
0.00
-0.01
-0.01
-0.01
0.00
-0.01
