0.04
0.04
1.74
6.55
5.14
3.16
2.02
1.46
0.89
0.33
0.33
0.33
0.04
-0.24
0.04
0.04
0.04
0.04
0.04
0.04
0.04
0.04
0.33
0.04
0.04
0.33
0.04
0.04
0.04
-0.24
0.04
0.04
-0.24
0.04
0.04
0.04
0.04
0.04
-0.24
0.04
0.04
-0.24
-0.24
0.04
-0.24
-0.24
0.04
-0.24
0.04
-0.24
-0.24
0.04
0.04
-0.24
0.04
-0.24
0.04
0.04
0.04
0.04
0.04
0.04
0.04
0.04
0.04
0.04
0.04
0.04
0.04
0.04
0.33
0.04
0.04
-0.24
0.04
-0.24
0.04
-0.24
0.04
0.04
0.04
0.04
0.04
0.04
0.04
0.04
0.04
-0.24
0.04
0.04
0.04
0.04
0.33
0.04
0.04
0.04
0.04
0.04
0.04
0.04
-0.24
0.04
0.04
0.04
0.04
0.04
-0.24
0.04
0.04
0.04
0.04
0.04
