-0.00
0.01
2.99
7.10
4.80
3.36
1.69
1.05
0.70
0.45
0.27
0.15
0.06
0.05
0.07
0.06
0.09
0.00
0.00
0.01
0.01
0.01
-0.01
0.01
0.00
-0.01
0.04
0.00
0.00
-0.01
0.00
0.00
-0.01
0.00
0.00
-0.01
0.00
0.00
0.00
0.00
0.00
0.00
0.00
-0.01
0.00
0.00
0.00
0.00
0.00
-0.01
0.00
-0.01
-0.01
0.00
0.00
-0.01
0.00
-0.01
0.00
0.00
0.00
0.00
0.00
0.00
0.00
0.00
0.00
0.00
0.01
0.00
0.01
0.00
0.00
0.00
-0.01
0.00
-0.01
0.00
-0.01
0.00
-0.01
0.00
-0.01
0.00
0.00
0.00
0.00
0.00
0.00
-0.01
0.00
0.00
-0.01
-0.01
0.00
-0.01
0.00
0.00
0.00
0.00
0.00
0.00
0.00
-0.01
0.00
0.00
0.00
0.01
0.00
0.00
0.00
-0.01
-0.01
-0.01
0.00
0.00
-0.01
0.00
0.00
-0.01
-0.01
0.00
-0.01
-0.01
0.00
-0.01
0.04
0.00
-0.01
0.00
-0.01
-0.01
0.00
0.08
0.01
0.00
-0.01
-0.01
0.00
-0.01
0.00
-0.01
0.00
