0.16
0.16
5.76
6.02
4.42
2.55
1.21
0.94
0.41
0.14
0.14
0.14
0.14
0.14
0.14
0.14
0.14
0.14
0.14
0.14
-0.13
-0.13
0.14
0.14
0.14
0.14
-0.13
0.14
0.14
-0.13
0.14
0.14
0.14
-0.13
0.14
-0.13
0.14
0.14
0.14
-0.13
-0.13
-0.13
-0.13
0.14
-0.13
-0.13
0.14
-0.13
0.14
0.14
0.14
0.14
0.14
-0.13
0.14
0.14
0.14
-0.13
0.14
0.14
-0.13
0.14
0.14
-0.13
-0.13
0.14
-0.13
-0.13
-0.13
-0.13
0.14
0.14
-0.13
0.14
0.14
0.14
0.14
-0.13
-0.13
-0.13
-0.13
0.14
-0.13
-0.13
-0.13
0.14
0.14
-0.13
0.14
0.14
0.14
-0.13
0.14
-0.13
-0.13
-0.13
-0.13
-0.40
-0.13
-0.13
0.14
0.14
0.14
-0.13
-0.13
-0.13
0.14
-0.13
0.14
0.14
-0.13
0.14
0.14
0.14
0.14
0.14
-0.13
0.14
0.14
-0.13
0.14
0.14
-0.13
-0.13
-0.13
0.14
0.14
-0.13
0.14
-0.13
0.14
-0.13
-0.13
0.14
-0.13
-0.13
0.14
-0.13
0.14
0.14
-0.13
0.14
0.14
