  0  55 45 56  44 50 52
  1  54 44 56  44 50 53
  2  55 45 56  44 50 53
  3  55 45 56  44 49 53
  4  55 45 56  44 50 53
  5  55 44 57  43 50 53
  6  55 44 56  44 49 53
  7  55 44 56  44 50 53
  8  55 45 56  45 49 53
  9  54 45 56  44 49 54
 10  55 45 56  44 49 53
 11  54 44 56  44 50 54
 12  55 45 56  44 49 53
 13  55 44 56  44 49 53
 14  55 45 56  44 49 54
 15  55 45 56  44 49 53
 16  55 44 56  44 49 53
 17  54 44 56  44 49 53
 18  55 45 56  44 49 53
 19  55 44 57  44 50 53
 20  55 44 56  44 49 52
 21  55 45 56  44 49 53
 22  55 44 56  44 49 53
 23  54 45 57  44 49 53
 24  54 44 56  44 49 53
 25  55 45 56  44 49 53
 26  55 45 57  45 49 53
 27  54 45 56  44 49 53
 28  55 44 56  44 50 53
 29  55 45 56  44 50 53
 30  54 44 56  44 49 53
 31  55 45 56  45 49 53
 32  55 45 56  44 49 53
 33  55 44 56  44 50 53
 34  55 45 56  44 49 53
 35  55 45 56  44 49 53
 36  54 45 56  44 49 54
 37  54 45 56  44 49 53
 38  54 44 56  44 49 53
 39  55 45 57  44 49 53
 40  55 45 56  44 49 53
 41  55 45 57  44 49 53
 42  54 45 56  44 50 53
 43  54 45 56  44 50 53
 44  55 44 56  44 49 54
 45  55 45 57  44 50 53
 46  55 45 56  43 49 53
 47  55 44 56  44 49 53
 48  54 44 56  44 49 53
 49  54 45 57  44 49 53
 50  55 45 56  44 49 53
 51  55 45 56  44 49 54
 52  54 45 56  43 49 54
 53  54 44 56  44 49 53
 54  54 45 56  44 50 53
 55  55 45 57  44 49 54
 56  55 44 56  45 49 53
 57  54 44 57  44 49 53
 58  55 45 56  44 49 54
 59  55 45 56  44 49 54
 60  54 44 56  44 49 53
 61  55 45 56  44 48 54
 62  54 44 56  44 50 53
 63  54 45 56  43 49 53
 64  55 45 56  44 49 53
 65  55 45 56  44 49 53
 66  54 45 56  44 49 53
 67  55 45 56  44 49 53
 68  54 45 57  44 49 53
 69  55 45 56  43 49 53
 70  55 44 56  44 49 53
 71  54 45 56  44 49 53
 72  55 45 57  44 50 53
 73  55 44 56  44 49 53
 74  54 44 56  44 49 54
 75  55 45 56  44 49 53
 76  54 45 56  44 50 53
 77  54 45 56  44 49 53
 78  54 45 56  44 49 53
 79  55 45 56  44 49 53
 80  55 45 56  44 49 53
 81  55 45 56  44 49 53
 82  55 45 57  44 49 53
 83  55 45 56  44 49 53
 84  55 45 56  43 50 54
 85  55 45 56  44 50 54
 86  54 44 56  44 50 53
 87  54 45 56  44 49 54
 88  55 44 56  44 49 53
 89  54 45 56  44 49 53
 90  54 44 56  44 49 52
 91  55 45 56  44 49 54
 92  55 45 56  44 49 53
 93  54 45 56  43 49 53
 94  54 45 56  44 49 53
 95  55 45 56  44 49 53
 96  55 44 56  43 49 53
 97  54 45 56  44 49 53
 98  55 45 56  44 50 53
 99  54 44 56  44 49 53
100  54 44 56  44 49 53
101  55 45 56  44 49 53
102  55 44 56  44 49 53
103  55 44 57  44 49 53
104  55 45 56  44 49 53
105  55 44 57  44 50 54
106  55 45 56  44 50 53
107  55 45 57  44 49 53
108  55 45 56  44 49 53
109  54 45 57  44 49 53
110  55 45 57  44 49 54
111  54 44 57  44 49 53
112  54 44 57  44 50 53
113  55 45 56  45 49 54
114  55 44 57  44 49 53
115  55 44 57  44 49 53
116  55 44 56  44 49 53
117  55 44 56  45 50 53
118  55 45 57  44 49 53
119  55 44 56  44 49 53
120  55 45 56  44 49 53
121  55 45 57  44 50 53
122  54 45 56  44 49 53
123  55 45 57  44 50 53
124  54 44 56  44 49 53
125  55 45 56  44 49 53
126  55 45 57  44 50 53
127  54 44 56  44 49 53
128  55 45 56  45 49 53
129  55 44 57  44 50 53
130  55 45 57  44 49 54
131  55 45 57  44 49 53
132  55 45 56  44 49 53
133  54 45 56  44 49 54
134  55 44 56  44 50 53
135  55 44 56  44 49 53
136  55 45 56  44 49 53
137  55 44 56  44 49 53
138  55 45 56  44 49 53
139  54 45 56  44 49 53
140  55 44 56  44 49 53
141  55 45 56  44 49 53
142  55 44 57  45 49 53
143  55 44 56  44 49 53
144  55 45 57  44 49 54
145  54 45 57  44 50 53
146  55 44 56  44 50 53
147  55 45 57  44 50 54
148  55 44 57  44 49 53
149  55 45 56  44 50 54
150  55 44 56  44 50 53
151  54 45 56  44 50 53
152  54 45 56  44 49 53
153  55 45 56  45 49 53
154  55 44 56  45 49 53
155  55 45 56  45 49 53
156  55 46 57  45 49 53
157  54 45 56  44 49 53
158  55 45 57  44 49 53
159  55 45 57  44 49 53
160  54 44 56  43 50 54
161  55 45 56  44 50 54
162  55 44 57  44 50 54
163  54 44 56  44 50 54
164  55 44 56  44 49 54
165  55 45 56  44 49 53
166  55 44 56  44 49 53
167  55 45 57  44 49 53
168  55 45 57  45 49 53
169  55 45 56  45 50 54
170  54 45 57  44 49 53
171  55 45 56  44 48 53
172  54 45 56  45 49 53
173  55 45 56  44 49 53
174  55 44 57  44 49 53
175  55 45 56  44 49 53
176  55 45 57  44 50 53
177  55 44 56  44 49 53
178  55 45 57  44 49 53
179  55 44 56  44 49 53
180  55 44 56  44 49 54
181  55 44 56  44 49 53
182  55 44 56  44 49 53
183  55 45 56  44 49 53
184  55 45 56  44 49 53
185  54 44 56  44 49 53
186  54 45 56  44 49 53
187  55 45 56  43 49 53
188  55 44 56  43 49 53
189  55 45 57  45 50 53
190  55 44 56  43 49 53
191  54 45 56  44 50 54
192  55 45 57  44 50 53
193  54 45 56  43 49 53
194  54 44 56  44 50 54
195  55 44 56  44 49 53
196  54 44 56  43 49 53
197  54 45 56  44 49 52
198  55 45 57  43 49 53
199  54 45 56  44 49 53
200  54 45 55  43 49 53
201  54 45 56  44 49 53
202  55 45 56  44 49 54
203  55 45 56  44 49 53
204  54 45 56  44 49 53
205  54 45 56  44 49 53
206  55 45 56  44 49 53
207  55 45 56  44 49 54
208  55 44 56  44 49 53
209  55 45 57  44 49 53
210  54 45 57  44 49 54
211  54 45 57  44 49 53
212  55 45 56  43 49 53
213  54 45 56  44 50 53
214  54 44 56  44 49 53
215  54 45 56  44 49 53
216  55 45 56  44 49 53
217  55 45 56  44 49 53
218  55 45 56  44 50 53
219  55 45 56  44 49 54
220  54 45 56  44 49 54
221  55 45 56  44 50 53
222  55 45 57  44 49 54
223  54 45 57  44 49 54
224  55 45 57  44 49 53
225  55 44 57  44 49 53
226  54 45 56  44 49 53
227  55 45 57  44 49 53
228  54 44 56  44 49 53
229  54 45 56  44 49 53
230  55 45 56  44 49 53
231  55 45 56  44 49 54
232  55 45 55  44 49 54
233  55 45 56  44 50 54
234  54 45 56  44 50 53
235  55 45 56  45 49 53
236  55 45 56  44 49 53
237  54 45 56  43 49 53
238  55 45 56  44 49 54
239  55 44 55  44 49 53
240  54 45 56  44 49 53
241  74 46 56  49 50 54
242  818 710 938  69 74 86
243  903 933 1023  67 76 83
244  679 769 799  59 68 71
245  483 514 504  56 61 65
246  325 349 350  51 57 61
247  208 211 221  47 53 57
248  130 159 160  45 52 56
249  102 130 121  45 51 54
250  87 93 102  45 50 54
251  81 75 90  45 50 54
252  90 56 92  45 49 53
253  61 52 66  45 49 53
254  62 51 67  44 50 53
255  65 46 61  45 49 53
256  56 45 58  43 49 53
257  55 45 57  44 49 53
258  55 45 58  45 49 53
259  62 46 57  44 50 53
260  57 45 57  44 49 53
261  54 45 61  45 49 54
262  54 45 56  43 50 53
263  55 45 56  44 49 53
264  54 44 56  43 49 53
265  54 44 56  44 49 54
266  54 44 56  44 49 53
267  54 45 57  44 49 53
268  55 44 55  44 49 53
269  55 45 56  44 49 54
270  54 44 56  44 49 54
271  54 45 56  43 49 53
272  55 45 56  44 50 53
273  54 45 56  44 50 54
274  54 43 67  45 50 54
275  55 45 58  44 49 53
276  54 44 56  44 50 53
277  55 44 56  44 49 53
278  54 43 56  43 49 53
279  54 45 57  44 50 53
280  54 43 56  45 49 53
281  55 44 56  44 49 53
282  54 43 56  44 49 53
283  54 44 55  44 49 53
284  54 45 56  43 49 53
285  54 45 56  44 49 54
286  54 44 55  44 49 53
287  54 44 56  44 50 53
288  54 44 56  44 50 53
289  53 43 55  44 50 53
290  54 44 55  44 50 53
291  54 44 56  44 49 53
292  54 44 60  44 49 53
293  54 44 56  44 49 53
294  54 44 56  44 50 53
295  54 44 55  44 49 53
296  54 44 56  44 50 54
297  54 45 55  44 49 53
298  54 45 56  44 50 53
299  55 44 55  44 50 54
300  54 45 55  43 49 53
301  54 45 56  44 49 53
302  55 44 55  44 49 53
303  54 43 56  44 49 53
304  54 44 56  44 49 53
305  54 44 55  44 49 53
306  54 56 56  44 49 53
307  54 45 55  44 49 53
308  54 44 55  44 49 53
309  54 44 55  45 49 54
310  54 44 55  44 50 54
311  53 45 55  44 49 53
312  54 44 56  44 49 53
313  55 45 56  44 49 53
314  54 44 56  44 50 53
315  54 44 56  44 49 53
316  54 44 56  44 50 53
317  54 45 56  44 49 53
318  54 44 60  44 50 54
319  53 44 56  44 50 53
320  54 44 56  44 49 54
321  54 44 56  44 49 54
322  54 44 55  44 49 53
323  54 45 55  44 49 54
324  54 44 55  44 49 53
325  54 44 55  44 49 53
326  54 45 56  44 49 53
327  54 44 56  44 49 54
328  54 45 56  43 49 53
329  54 44 56  44 50 53
330  54 44 55  44 49 53
331  54 44 56  44 50 53
332  54 44 55  44 49 53
333  54 43 55  44 49 53
334  54 44 55  44 49 53
335  54 44 55  44 49 53
336  65 44 55  44 49 53
337  57 45 55  44 49 54
338  55 44 55  44 49 53
339  55 44 56  45 49 53
340  55 44 55  44 49 53
341  55 53 55  45 49 53
342  54 46 56  44 49 53
343  55 45 56  44 49 53
344  54 44 56  44 49 53
345  54 44 55  44 49 53
346  54 44 55  44 49 53
347  54 44 56  44 49 53
348  54 44 55  43 50 53
349  54 44 55  44 49 53
350  55 44 56  44 50 53
351  54 44 55  43 49 53
352  55 45 56  44 49 53
353  55 44 55  44 49 53
354  54 45 56  44 49 53
355  54 44 55  44 49 53
356  54 44 55  44 49 53
357  54 45 56  44 50 53
358  54 44 55  44 49 53
359  54 43 55  44 50 53
360  54 44 55  45 50 53
361  54 43 55  44 50 53
362  54 44 56  44 50 53
363  54 43 55  44 49 53
364  54 43 55  44 49 53
365  54 44 56  45 49 54
366  54 43 55  44 49 53
367  54 44 56  44 49 54
368  54 44 55  44 49 53
369  54 44 56  44 49 53
370  54 44 56  44 49 53
371  54 43 55  44 50 53
372  55 44 56  44 50 53
373  54 43 55  44 50 54
374  54 44 56  44 50 53
375  54 44 55  44 50 53
376  54 45 56  44 50 54
377  54 44 55  44 49 53
378  54 44 55  44 49 53
379  54 44 56  44 49 54
380  54 45 55  44 49 53
381  54 44 55  45 49 53
382  54 43 55  44 50 53
383  54 44 56  44 49 53
384  54 44 56  44 49 53
385  54 44 56  44 50 53
386  54 44 55  45 49 53
387  54 45 56  44 49 53
388  54 44 56  43 49 53
389  55 44 55  44 49 54
390  54 44 56  44 50 53
391  54 44 56  44 49 53
392  55 44 55  44 49 54
393  54 44 55  44 50 53
394  54 43 55  44 49 53
395  54 44 56  44 49 53
396  54 43 56  45 49 53
397  54 44 56  44 49 54
398  54 43 56  45 49 52
399  54 44 56  45 49 53
400  54 44 69  44 50 55
401  54 44 74  44 49 54
402  54 43 58  44 50 54
403  54 44 56  44 49 54
404  54 44 56  44 49 54
405  54 44 56  44 49 53
406  53 44 55  43 49 53
407  54 44 55  44 49 53
408  54 43 56  44 49 53
409  54 44 55  44 49 53
410  53 43 56  44 49 53
411  54 45 56  44 49 53
412  54 44 55  44 49 54
413  54 45 56  44 49 54
414  54 44 55  44 49 54
415  54 44 55  44 49 54
416  54 44 56  44 49 53
417  54 45 56  44 49 54
418  54 44 55  44 49 53
419  54 45 55  44 49 53
420  54 43 55  44 49 54
421  54 43 55  43 50 53
422  54 44 55  44 49 53
423  55 43 55  44 50 54
424  54 44 55  43 49 52
425  54 44 56  44 49 53
426  54 44 57  44 50 53
427  54 44 56  43 49 53
428  54 44 56  44 49 53
429  54 44 56  44 49 53
430  54 44 56  44 49 53
431  54 44 55  44 49 53
432  55 44 56  44 49 53
433  54 44 55  44 49 53
434  55 44 55  43 49 53
435  55 44 55  44 49 53
436  54 44 56  44 49 53
437  54 44 56  44 49 53
438  55 44 55  44 50 53
439  54 44 56  44 50 54
440  54 44 55  44 50 54
441  54 44 55  44 50 53
442  54 45 56  45 50 54
443  53 44 55  44 49 53
444  54 44 56  44 49 53
445  54 45 55  44 49 53
446  54 44 56  44 50 53
447  54 44 55  44 49 53
448  54 44 55  44 49 54
449  54 43 55  43 49 53
450  54 44 55  44 50 53
451  54 44 55  44 49 53
452  54 44 55  44 50 54
453  54 45 56  44 50 54
454  54 44 56  43 49 53
455  54 45 55  44 50 53
456  54 45 56  44 49 54
457  54 45 56  43 49 53
458  54 44 56  44 49 53
459  54 44 55  44 49 53
460  53 44 56  43 49 53
461  54 43 55  44 49 53
462  54 44 55  44 49 53
463  54 43 55  43 49 53
464  54 44 56  44 49 54
465  54 43 55  44 49 54
466  54 44 55  44 49 54
467  54 43 55  44 49 54
468  54 44 55  44 49 54
469  54 44 55  44 50 53
470  54 44 55  43 49 54
471  54 44 56  45 50 53
472  54 44 56  44 50 53
473  54 44 56  44 49 53
474  54 44 56  45 49 53
475  55 44 56  44 49 53
476  54 44 56  43 49 52
477  55 45 55  44 49 53
478  54 44 56  44 49 53
479  54 45 56  44 49 54
480  54 44 56  44 49 54
481  54 44 56  44 50 54
482  54 44 56  44 50 53
483  54 43 56  43 50 53
484  54 44 56  45 50 53
485  54 44 55  44 50 53
486  54 44 57  44 50 53
487  54 44 55  44 49 53
488  54 45 57  44 49 53
489  54 44 56  44 49 53
490  54 44 56  43 49 53
491  54 44 56  43 49 53
492  55 44 56  44 50 54
493  54 44 55  44 49 53
494  54 44 55  44 49 54
495  54 44 55  44 49 53
496  54 44 55  44 49 53
497  54 44 55  45 49 53
498  54 44 56  44 49 53
499  54 44 55  44 49 53
500  54 44 56  44 49 53
501  54 44 56  45 49 53
502  55 44 56  44 49 53
503  55 43 56  44 50 53
504  54 44 56  44 49 54
505  54 44 55  44 49 53
506  54 43 55  44 50 54
507  54 44 56  44 50 54
508  54 44 56  44 49 53
509  54 44 55  44 49 54
510  54 43 56  44 49 53
511  54 44 56  44 49 53
512  55 44 56  45 49 53
513  54 43 55  44 49 53
514  54 44 56  44 49 53
515  54 43 56  44 49 53
516  54 44 56  44 50 53
517  54 44 56  44 50 53
518  54 44 56  44 49 53
519  54 44 56  44 50 54
520  54 43 55  44 49 53
521  55 44 55  44 50 53
522  54 44 56  44 50 53
523  54 44 56  44 49 53
524  54 47 55  44 49 53
525  54 48 56  44 49 53
526  54 43 55  44 49 53
527  54 44 56  44 49 53
528  54 44 55  44 49 53
529  54 45 55  44 48 53
530  54 45 56  44 48 53
531  54 44 56  45 50 53
532  54 44 55  44 49 53
533  54 44 55  44 49 54
534  54 44 55  44 49 54
535  55 43 56  44 49 53
536  54 43 55  44 49 53
537  54 44 56  44 49 53
538  54 43 56  44 49 53
539  54 44 56  44 49 53
540  54 44 56  44 49 53
541  54 44 56  44 49 53
542  53 44 56  44 50 53
543  54 45 55  45 49 53
544  54 43 56  44 49 53
545  54 44 55  44 50 53
546  55 44 56  44 49 53
547  54 45 56  45 49 53
548  54 44 56  44 49 53
549  54 44 56  44 49 54
550  54 44 55  44 50 53
551  54 43 55  44 50 53
552  54 44 55  44 49 53
553  53 44 56  44 49 53
554  54 44 56  44 50 53
555  54 44 56  44 49 53
556  54 44 55  44 49 53
557  54 44 56  45 49 53
558  55 43 56  44 49 53
559  54 44 55  44 49 54
560  54 44 56  44 49 53
561  54 43 56  44 50 53
562  54 44 55  44 49 53
563  54 45 55  44 50 53
564  54 44 56  44 49 53
565  54 44 56  44 50 53
566  53 43 55  44 49 54
567  54 44 56  44 49 54
568  54 44 56  44 50 53
569  53 45 56  44 49 54
570  55 44 56  45 50 53
571  58 44 56  45 49 53
572  54 44 55  45 49 53
573  54 44 55  44 50 53
574  55 45 56  44 49 54
575  54 44 55  44 49 53
576  54 43 56  44 49 53
577  54 44 55  44 49 53
578  54 45 55  44 49 54
579  54 44 56  44 49 53
580  54 44 56  44 49 53
581  54 44 56  44 49 53
582  54 44 56  44 49 53
583  54 44 56  44 50 54
584  54 43 56  44 49 53
585  54 44 55  44 49 53
586  54 43 56  44 49 53
587  54 44 55  45 49 53
588  54 44 56  44 50 54
589  54 44 55  43 49 53
590  54 44 55  44 49 53
591  54 44 55  44 49 53
592  53 44 55  44 49 53
593  54 44 56  44 50 53
594  54 44 55  44 49 53
595  54 44 55  44 49 53
596  54 43 55  44 49 53
597  54 44 55  44 50 54
598  53 44 56  44 50 54
599  54 44 55  45 49 53
600  54 44 56  44 49 53
601  54 45 55  44 49 54
602  54 43 55  44 49 53
603  53 44 56  44 49 53
604  53 44 55  44 49 53
605  53 44 55  44 49 53
606  54 44 55  44 49 53
607  55 44 55  44 50 53
608  53 44 56  44 50 53
609  54 44 55  44 50 53
610  54 43 56  44 49 53
611  54 44 56  45 49 53
612  54 44 56  44 49 53
613  54 49 56  44 49 53
614  54 44 55  44 49 54
615  54 44 55  44 49 53
616  55 44 55  44 49 53
617  54 44 56  43 49 54
618  54 44 56  44 49 53
619  54 44 56  44 49 53
620  54 44 55  44 49 53
621  55 44 55  44 49 53
622  54 44 55  44 49 53
623  54 44 55  44 49 53
624  56 44 56  44 49 53
625  54 44 56  44 49 53
626  55 45 56  44 50 54
627  55 44 56  44 49 53
628  53 45 56  44 49 53
629  54 44 55  44 49 53
630  54 44 55  44 49 54
631  54 44 56  44 49 54
632  54 44 55  44 49 53
633  54 44 55  44 49 53
634  54 44 55  44 50 53
635  53 43 56  45 49 53
636  54 44 56  44 50 53
637  55 44 55  44 50 53
638  54 44 55  45 49 53
639  54 44 56  44 49 53
640  54 45 56  44 49 54
641  54 44 55  44 49 53
642  54 43 56  44 49 53
643  54 44 55  44 49 53
644  54 45 56  44 49 53
645  54 44 55  44 49 54
646  54 44 56  44 49 53
647  54 44 55  44 49 53
648  54 44 55  44 50 54
649  54 44 55  44 50 53
650  54 45 55  44 49 53
651  54 44 55  45 49 54
652  53 43 55  43 50 53
653  54 44 56  44 50 53
654  54 44 56  44 49 54
655  54 44 55  44 49 53
656  54 44 56  44 49 54
657  54 44 55  44 50 53
658  54 44 56  44 49 53
659  54 44 56  44 49 53
660  54 45 56  44 49 53
661  54 44 56  44 49 52
662  54 44 55  44 49 53
663  54 44 56  44 50 53
664  54 44 55  44 49 53
665  54 44 55  44 49 53
666  54 44 56  44 49 53
667  54 43 56  44 49 53
668  54 44 55  44 49 53
669  53 45 55  44 49 54
670  54 44 56  44 49 53
671  54 45 56  44 49 53
672  54 43 56  44 49 53
673  55 44 57  44 50 53
674  54 43 56  43 49 53
675  54 45 55  45 49 53
676  54 44 55  44 49 53
677  54 44 56  44 50 53
678  54 44 55  44 49 53
679  54 44 55  44 49 54
680  53 44 55  44 49 53
681  54 43 56  44 49 53
682  54 44 56  44 49 53
683  54 44 55  44 49 54
684  54 45 56  44 49 53
685  54 44 56  44 49 53
686  54 45 57  45 50 53
687  54 44 56  44 50 54
688  54 43 56  44 49 53
689  54 44 55  44 49 53
690  54 44 55  44 49 53
691  54 44 56  44 49 53
692  54 44 55  44 49 54
693  53 44 55  43 49 53
694  54 44 55  44 49 53
695  54 45 55  44 49 53
696  54 44 56  44 49 53
697  54 45 55  45 49 54
698  54 44 56  44 50 53
699  54 45 56  44 50 54
700  54 45 56  44 49 54
701  54 44 55  44 49 53
702  54 44 56  44 49 54
703  54 44 55  44 49 53
704  54 43 55  44 49 53
705  54 44 56  43 49 53
706  54 44 56  44 49 53
707  54 43 56  44 49 53
708  54 44 55  44 49 53
709  54 44 56  44 49 53
710  55 44 56  44 49 53
711  54 44 55  45 50 54
712  54 44 56  44 50 53
713  54 43 56  44 50 54
714  54 44 55  44 50 53
715  54 44 55  44 49 54
716  54 44 55  45 50 53
717  54 44 56  44 49 53
718  54 44 55  43 49 53
719  54 44 55  44 49 53
720  54 44 56  44 49 53
721  54 43 55  43 50 53
722  54 44 56  44 49 53
723  54 44 56  44 50 53
724  54 44 56  44 49 53
725  54 44 56  44 50 53
726  54 44 55  44 49 54
727  54 44 55  44 49 53
728  54 43 55  44 49 54
729  54 44 56  44 49 53
730  54 45 56  44 49 53
731  54 44 55  44 49 53
732  54 44 55  44 49 53
733  54 44 55  44 49 53
734  54 44 56  44 49 53
735  54 44 55  44 49 53
736  54 44 56  44 49 53
737  54 44 55  44 49 54
738  54 44 56  44 49 54
739  54 44 56  44 49 54
740  54 43 55  44 50 53
741  53 44 56  44 50 53
742  54 44 56  44 50 53
743  54 44 56  44 49 53
744  54 44 55  44 49 53
745  54 44 56  44 49 53
746  54 44 55  44 49 53
747  54 44 57  45 50 54
748  54 44 57  44 49 54
749  54 44 56  44 49 53
750  55 44 56  44 49 54
751  54 43 55  44 49 54
752  54 44 56  44 50 54
753  54 43 55  44 50 54
754  54 44 56  44 49 53
755  54 44 56  44 50 53
756  55 44 56  44 50 53
757  54 44 55  44 49 53
758  54 44 55  44 49 54
759  54 43 55  44 49 53
760  54 44 55  44 49 53
761  54 43 56  44 49 53
762  55 44 55  44 49 53
763  54 45 56  44 49 53
764  54 45 55  44 49 53
765  55 45 56  44 49 53
766  54 44 56  45 49 53
767  54 44 55  44 50 53
