0 1245260 1017039 1279683
25 1247629 1018052 1279991
50 1562984 1132250 1367530
75 2051797 1765572 2036948
100 1818393 1608461 1886226
125 1608727 1404902 1673542
150 1475795 1271066 1532269
175 1389651 1176008 1438918
200 1329414 1117664 1382018
225 1292859 1077846 1340034
250 1274366 1052873 1317570
275 1262469 1038753 1304782
300 1254884 1031032 1296532
325 1249876 1026657 1290563
350 1248664 1023047 1287538
375 1247332 1020552 1285495
400 1247113 1020111 1284950
425 1246020 1019326 1283734
450 1246282 1018940 1283261
475 1246402 1018959 1282785
