1094 16 894 15 1125 8 3114 0
1095 50 895 43 1126 22 3115 3
1096 87 896 96 1127 55 3116 4
1097 120 897 135 1128 77 3117 14
1098 212 898 203 1129 127 3118 31
1099 282 899 326 1130 183 3119 68
1100 401 900 365 1131 256 3120 122
1101 461 901 472 1132 350 3121 162
1102 572 902 584 1133 408 3122 229
1103 637 903 638 1134 511 3123 308
1104 693 904 689 1135 600 3124 390
1105 824 905 780 1136 645 3125 501
1106 865 906 820 1137 763 3126 551
1107 900 907 935 1138 878 3127 711
1108 965 908 954 1139 898 3128 755
1109 1060 909 1001 1140 966 3129 851
1110 1025 910 998 1141 1016 3130 939
1111 1055 911 1062 1142 977 3131 1021
1112 1072 912 1149 1143 1061 3132 1054
1113 1137 913 1091 1144 1163 3133 1162
1114 1155 914 1098 1145 1131 3134 1170
1115 1130 915 1198 1146 1221 3135 1284
1116 1116 916 1181 1147 1210 3136 1195
1117 1195 917 1225 1148 1257 3137 1280
1118 1173 918 1183 1149 1248 3138 1239
1119 1063 919 1178 1150 1293 3139 1346
1120 1174 920 1128 1151 1162 3140 1319
1121 1147 921 1145 1152 1228 3141 1241
1122 1181 922 1125 1153 1184 3142 1389
1123 1098 923 1222 1154 1229 3143 1342
1124 1025 924 1154 1155 1175 3144 1236
1125 1072 925 1160 1156 1200 3145 1266
1126 1122 926 1158 1157 1162 3146 1209
1127 1070 927 1171 1158 1204 3147 1235
1128 1082 928 1050 1159 1188 3148 1180
1129 1066 929 1114 1160 1121 3149 1135
1130 1001 930 1058 1161 1049 3150 1169
1131 990 931 1130 1162 1133 3151 1118
1132 977 932 1066 1163 1095 3152 1053
1133 993 933 1016 1164 1044 3153 1005
1134 939 934 1033 1165 996 3154 1048
1135 982 935 982 1166 979 3155 1010
1136 910 936 1025 1167 997 3156 1016
1137 920 937 980 1168 993 3157 989
1138 847 938 922 1169 973 3158 1048
1139 873 939 983 1170 1000 3159 925
1140 945 940 890 1171 881 3160 937
1141 840 941 885 1172 966 3161 922
1142 859 942 939 1173 946 3162 910
1143 809 943 914 1174 909 3163 922
1144 832 944 861 1175 876 3164 881
1145 845 945 847 1176 891 3165 851
1146 826 946 852 1177 889 3166 842
1147 784 947 831 1178 802 3167 793
1148 785 948 863 1179 863 3168 798
1149 753 949 822 1180 796 3169 802
1150 787 950 812 1181 722 3170 793
1151 770 951 835 1182 814 3171 796
1152 735 952 794 1183 840 3172 775
1153 790 953 793 1184 804 3173 749
1154 712 954 775 1185 765 3174 718
1155 747 955 870 1186 784 3175 693
1156 724 956 826 1187 773 3176 722
1157 702 957 766 1188 807 3177 687
1158 715 958 770 1189 769 3178 708
1159 716 959 848 1190 779 3179 689
1160 667 960 801 1191 757 3180 686
1161 755 961 817 1192 750 3181 691
1162 744 962 756 1193 770 3182 663
1163 770 963 790 1194 765 3183 623
1164 717 964 757 1195 744 3184 650
1165 699 965 804 1196 842 3185 633
1166 723 966 814 1197 809 3186 602
1167 723 967 799 1198 757 3187 639
1168 723 968 806 1199 813 3188 626
1169 728 969 753 1200 845 3189 595
1170 759 970 789 1201 776 3190 587
1171 729 971 799 1202 782 3191 616
1172 731 972 780 1203 803 3192 590
1173 733 973 826 1204 822 3193 633
1174 785 974 853 1205 825 3194 614
1175 753 975 826 1206 855 3195 577
1176 773 976 852 1207 802 3196 572
1177 754 977 853 1208 877 3197 605
1178 770 978 883 1209 877 3198 579
1179 789 979 802 1210 784 3199 621
1180 777 980 869 1211 819 3200 644
1181 797 981 860 1212 899 3201 615
1182 738 982 909 1213 844 3202 638
1183 777 983 867 1214 861 3203 610
1184 797 984 794 1215 933 3204 681
1185 831 985 867 1216 908 3205 596
1186 808 986 920 1217 896 3206 647
1187 823 987 909 1218 915 3207 656
1188 815 988 947 1219 893 3208 694
1189 840 989 896 1220 941 3209 701
1190 897 990 913 1221 901 3210 724
1191 788 991 843 1222 935 3211 733
1192 852 992 911 1223 994 3212 746
1193 822 993 921 1224 942 3213 786
1194 872 994 949 1225 988 3214 788
1195 852 995 967 1226 1009 3215 825
1196 890 996 929 1227 951 3216 787
1197 886 997 952 1228 965 3217 781
1198 896 998 920 1229 942 3218 882
1199 852 999 942 1230 983 3219 943
1200 901 1000 977 1231 955 3220 916
1201 860 1001 913 1232 918 3221 918
1202 919 1002 904 1233 984 3222 974
1203 855 1003 878 1234 958 3223 969
1204 907 1004 872 1235 977 3224 967
1205 875 1005 942 1236 962 3225 1046
1206 881 1006 942 1237 906 3226 1059
1207 861 1007 929 1238 989 3227 1078
1208 890 1008 919 1239 937 3228 1113
1209 861 1009 877 1240 978 3229 1105
1210 862 1010 938 1241 994 3230 1089
1211 888 1011 930 1242 965 3231 1188
1212 837 1012 953 1243 980 3232 1100
1213 892 1013 903 1244 959 3233 1076
1214 927 1014 864 1245 967 3234 1156
1215 884 1015 885 1246 902 3235 1179
1216 904 1016 908 1247 976 3236 1179
1217 864 1017 897 1248 937 3237 1297
1218 856 1018 874 1249 949 3238 1234
1219 868 1019 846 1250 940 3239 1270
1220 860 1020 906 1251 935 3240 1141
1221 910 1021 883 1252 888 3241 1232
1222 856 1022 816 1253 960 3242 1214
1223 840 1023 867 1254 877 3243 1203
1224 872 1024 913 1255 879 3244 1175
1225 875 1025 865 1256 875 3245 1183
1226 864 1026 898 1257 865 3246 1227
1227 781 1027 825 1258 920 3247 1182
1228 799 1028 848 1259 815 3248 1136
1229 873 1029 851 1260 847 3249 1160
1230 820 1030 802 1261 849 3250 1155
1231 845 1031 818 1262 821 3251 1141
1232 795 1032 823 1263 838 3252 1037
1233 789 1033 773 1264 756 3253 1108
1234 841 1034 775 1265 876 3254 1090
1235 773 1035 773 1266 793 3255 1075
1236 800 1036 788 1267 764 3256 1066
1237 835 1037 722 1268 779 3257 1053
1238 794 1038 746 1269 754 3258 964
1239 771 1039 715 1270 747 3259 1005
1240 734 1040 716 1271 744 3260 984
1241 783 1041 701 1272 721 3261 945
1242 785 1042 684 1273 777 3262 928
1243 721 1043 710 1274 699 3263 923
1244 712 1044 704 1275 755 3264 886
1245 727 1045 684 1276 674 3265 841
1246 720 1046 658 1277 723 3266 873
1247 677 1047 669 1278 696 3267 855
1248 740 1048 651 1279 695 3268 775
1249 681 1049 675 1280 681 3269 861
1250 703 1050 686 1281 676 3270 765
1251 710 1051 592 1282 630 3271 735
1252 633 1052 627 1283 651 3272 744
1253 674 1053 615 1284 614 3273 714
1254 628 1054 611 1285 593 3274 687
1255 646 1055 584 1286 582 3275 679
1256 639 1056 600 1287 582 3276 696
1257 641 1057 526 1288 609 3277 651
1258 608 1058 581 1289 570 3278 660
1259 583 1059 540 1290 556 3279 663
1260 573 1060 566 1291 533 3280 674
1261 582 1061 520 1292 550 3281 582
1262 622 1062 527 1293 530 3282 599
1263 560 1063 528 1294 539 3283 532
1264 586 1064 503 1295 546 3284 551
1265 571 1065 506 1296 510 3285 542
1266 578 1066 510 1297 498 3286 514
1267 551 1067 498 1298 468 3287 519
1268 585 1068 482 1299 460 3288 499
1269 519 1069 493 1300 505 3289 484
1270 501 1070 454 1301 498 3290 462
1271 479 1071 469 1302 461 3291 483
1272 510 1072 461 1303 428 3292 437
1273 478 1073 431 1304 476 3293 459
1274 517 1074 420 1305 449 3294 415
1275 484 1075 428 1306 401 3295 423
1276 456 1076 398 1307 439 3296 415
1277 476 1077 403 1308 431 3297 364
1278 444 1078 423 1309 353 3298 366
1279 470 1079 364 1310 392 3299 370
1280 449 1080 400 1311 392 3300 382
1281 414 1081 418 1312 401 3301 413
1282 411 1082 368 1313 389 3302 370
1283 440 1083 359 1314 390 3303 304
1284 404 1084 387 1315 350 3304 335
1285 408 1085 369 1316 353 3305 321
1286 402 1086 341 1317 343 3306 325
1287 400 1087 374 1318 308 3307 308
1288 382 1088 315 1319 320 3308 308
1289 411 1089 358 1320 331 3309 295
1290 341 1090 336 1321 317 3310 288
1291 358 1091 342 1322 306 3311 302
1292 397 1092 317 1323 343 3312 254
1293 365 1093 326 1324 306 3313 257
1294 366 1094 309 1325 293 3314 303
1295 314 1095 290 1326 288 3315 258
1296 351 1096 292 1327 301 3316 248
1297 300 1097 288 1328 279 3317 245
1298 341 1098 272 1329 295 3318 244
1299 330 1099 271 1330 237 3319 245
1300 297 1100 278 1331 278 3320 227
1301 306 1101 255 1332 261 3321 236
1302 289 1102 262 1333 269 3322 203
1303 283 1103 244 1334 243 3323 225
1304 294 1104 213 1335 263 3324 235
1305 274 1105 245 1336 233 3325 216
1306 239 1106 237 1337 235 3326 205
1307 275 1107 254 1338 238 3327 238
1308 276 1108 234 1339 201 3328 187
1309 251 1109 228 1340 198 3329 215
1310 262 1110 213 1341 197 3330 184
1311 236 1111 211 1342 202 3331 189
1312 239 1112 215 1343 213 3332 200
1313 245 1113 211 1344 208 3333 172
1314 218 1114 208 1345 204 3334 188
1315 241 1115 206 1346 198 3335 168
1316 228 1116 191 1347 153 3336 179
1317 252 1117 198 1348 168 3337 194
1318 217 1118 181 1349 173 3338 146
1319 197 1119 184 1350 169 3339 166
1320 233 1120 183 1351 187 3340 142
1321 212 1121 185 1352 182 3341 159
1322 195 1122 176 1353 162 3342 149
1323 219 1123 177 1354 156 3343 155
1324 198 1124 175 1355 176 3344 146
1325 205 1125 164 1356 164 3345 144
1326 193 1126 140 1357 157 3346 161
1327 183 1127 174 1358 135 3347 118
1328 184 1128 166 1359 142 3348 149
1329 194 1129 173 1360 138 3349 120
1330 186 1130 142 1361 134 3350 142
1331 183 1131 173 1362 126 3351 138
1332 167 1132 151 1363 138 3352 135
1333 160 1133 147 1364 136 3353 114
1334 152 1134 152 1365 127 3354 136
1335 158 1135 141 1366 116 3355 106
1336 160 1136 133 1367 144 3356 130
1337 157 1137 144 1368 116 3357 131
1338 159 1138 116 1369 118 3358 116
1339 157 1139 137 1370 137 3359 103
1340 156 1140 133 1371 124 3360 99
1341 148 1141 137 1372 99 3361 105
1342 146 1142 117 1373 114 3362 99
1343 140 1143 141 1374 120 3363 107
1344 129 1144 138 1375 114 3364 104
1345 138 1145 126 1376 116 3365 117
1346 143 1146 112 1377 93 3366 109
1347 140 1147 127 1378 92 3367 93
1348 125 1148 101 1379 108 3368 90
1349 111 1149 108 1380 101 3369 84
1350 134 1150 115 1381 94 3370 96
1351 125 1151 113 1382 90 3371 92
1352 117 1152 131 1383 105 3372 94
1353 105 1153 94 1384 93 3373 92
1354 102 1154 93 1385 100 3374 84
1355 127 1155 118 1386 97 3375 79
1356 121 1156 100 1387 101 3376 93
1357 111 1157 102 1388 76 3377 94
1358 112 1158 82 1389 89 3378 85
1359 107 1159 85 1390 77 3379 72
1360 118 1160 99 1391 79 3380 78
1361 114 1161 107 1392 80 3381 88
1362 101 1162 88 1393 83 3382 85
1363 91 1163 96 1394 75 3383 82
1364 78 1164 76 1395 93 3384 76
1365 97 1165 80 1396 77 3385 61
1366 102 1166 80 1397 69 3386 89
1367 106 1167 69 1398 71 3387 69
1368 97 1168 78 1399 73 3388 80
1369 99 1169 62 1400 71 3389 62
1370 105 1170 61 1401 62 3390 67
1371 84 1171 71 1402 66 3391 77
1372 77 1172 84 1403 62 3392 62
1373 88 1173 81 1404 72 3393 75
1374 96 1174 79 1405 67 3394 73
1375 90 1175 83 1406 53 3395 68
1376 81 1176 69 1407 71 3396 67
1377 90 1177 85 1408 48 3397 55
1378 76 1178 67 1409 56 3398 68
1379 87 1179 72 1410 71 3399 65
1380 62 1180 71 1411 61 3400 50
1381 75 1181 79 1412 64 3401 77
1382 70 1182 48 1413 60 3402 63
1383 70 1183 72 1414 68 3403 66
1384 81 1184 60 1415 61 3404 55
1385 82 1185 58 1416 57 3405 70
1386 72 1186 61 1417 57 3406 60
1387 56 1187 65 1418 60 3407 51
1388 70 1188 64 1419 58 3408 60
1389 66 1189 60 1420 32 3409 60
1390 65 1190 49 1421 62 3410 46
1391 74 1191 77 1422 52 3411 46
1392 55 1192 60 1423 48 3412 52
1393 50 1193 51 1424 61 3413 49
1394 50 1194 53 1425 37 3414 56
1395 55 1195 47 1426 51 3415 52
1396 58 1196 69 1427 51 3416 49
1397 66 1197 55 1428 58 3417 42
1398 55 1198 51 1429 41 3418 36
1399 64 1199 38 1430 46 3419 54
1400 59 1200 51 1431 40 3420 44
1401 54 1201 57 1432 33 3421 36
1402 64 1202 53 1433 45 3422 37
1403 52 1203 52 1434 42 3423 49
1404 40 1204 50 1435 42 3424 29
1405 62 1205 44 1436 51 3425 30
1406 55 1206 53 1437 38 3426 29
1407 45 1207 49 1438 41 3427 29
1408 63 1208 48 1439 37 3428 38
1409 60 1209 36 1440 37 3429 47
1410 55 1210 43 1441 41 3430 36
1411 62 1211 42 1442 34 3431 28
1412 64 1212 42 1443 40 3432 32
1413 48 1213 48 1444 42 3433 46
1414 49 1214 43 1445 33 3434 34
1415 51 1215 38 1446 34 3435 30
1416 39 1216 45 1447 27 3436 30
1417 36 1217 32 1448 33 3437 34
1418 55 1218 41 1449 32 3438 33
1419 51 1219 32 1450 37 3439 40
1420 42 1220 43 1451 37 3440 26
1421 40 1221 34 1452 39 3441 36
1422 51 1222 39 1453 46 3442 31
1423 47 1223 50 1454 33 3443 30
1424 44 1224 38 1455 26 3444 40
1425 33 1225 36 1456 26 3445 19
1426 36 1226 39 1457 32 3446 21
1427 34 1227 39 1458 30 3447 25
1428 48 1228 33 1459 28 3448 35
1429 43 1229 37 1460 51 3449 45
1430 33 1230 38 1461 38 3450 34
1431 38 1231 31 1462 38 3451 28
1432 41 1232 35 1463 40 3452 17
1433 40 1233 42 1464 43 3453 34
1434 36 1234 27 1465 31 3454 18
1435 41 1235 38 1466 39 3455 25
1436 42 1236 22 1467 43 3456 24
1437 47 1237 40 1468 29 3457 26
1438 26 1238 30 1469 24 3458 43
1439 31 1239 33 1470 29 3459 31
1440 32 1240 27 1471 28 3460 25
1441 31 1241 16 1472 25 3461 29
1442 37 1242 31 1473 32 3462 20
1443 37 1243 26 1474 48 3463 24
1444 33 1244 30 1475 21 3464 23
1445 42 1245 32 1476 34 3465 20
1446 32 1246 25 1477 28 3466 20
1447 33 1247 26 1478 27 3467 24
1448 35 1248 34 1479 28 3468 28
1449 32 1249 24 1480 26 3469 24
1450 36 1250 29 1481 30 3470 20
1451 37 1251 23 1482 23 3471 20
1452 35 1252 22 1483 25 3472 22
1453 35 1253 23 1484 30 3473 16
1454 32 1254 26 1485 30 3474 24
1455 30 1255 28 1486 24 3475 23
1456 22 1256 25 1487 22 3476 21
1457 29 1257 24 1488 31 3477 22
1458 29 1258 29 1489 20 3478 24
1459 28 1259 39 1490 21 3479 22
1460 26 1260 32 1491 18 3480 25
1461 19 1261 26 1492 28 3481 23
1462 33 1262 22 1493 25 3482 22
1463 35 1263 33 1494 24 3483 15
1464 33 1264 20 1495 18 3484 12
1465 33 1265 23 1496 23 3485 21
1466 32 1266 19 1497 33 3486 22
1467 33 1267 29 1498 19 3487 18
1468 31 1268 27 1499 18 3488 19
1469 23 1269 20 1500 23 3489 22
1470 33 1270 22 1501 15 3490 17
1471 30 1271 38 1502 27 3491 15
1472 28 1272 34 1503 17 3492 12
1473 25 1273 18 1504 21 3493 17
1474 27 1274 26 1505 14 3494 33
1475 25 1275 25 1506 20 3495 26
1476 20 1276 25 1507 22 3496 19
1477 20 1277 26 1508 19 3497 15
1478 27 1278 21 1509 20 3498 17
1479 22 1279 21 1510 19 3499 14
1480 26 1280 19 1511 24 3500 21
1481 19 1281 24 1512 19 3501 10
1482 25 1282 29 1513 18 3502 18
1483 22 1283 21 1514 22 3503 9
1484 22 1284 18 1515 19 3504 16
1485 11 1285 15 1516 17 3505 15
1486 20 1286 32 1517 10 3506 18
1487 12 1287 19 1518 23 3507 10
1488 18 1288 22 1519 17 3508 18
1489 32 1289 19 1520 22 3509 15
1490 19 1290 18 1521 15 3510 19
1491 22 1291 24 1522 28 3511 17
1492 33 1292 23 1523 28 3512 12
1493 24 1293 25 1524 9 3513 16
1494 73 1294 50 1525 39 3514 44
1495 60 1295 44 1526 45 3515 45
1496 69 1296 35 1527 43 3516 35
1497 66 1297 52 1528 51 3517 46
1498 62 1298 48 1529 45 3518 42
1499 57 1299 46 1530 53 3519 43
1500 64 1300 44 1531 53 3520 36
1501 48 1301 50 1532 58 3521 30
1502 43 1302 52 1533 42 3522 39
1503 47 1303 46 1534 39 3523 32
1504 51 1304 36 1535 40 3524 28
1505 43 1305 34 1536 32 3525 31
1506 51 1306 29 1537 43 3526 24
1507 38 1307 29 1538 46 3527 25
1508 44 1308 24 1539 38 3528 28
1509 30 1309 41 1540 28 3529 22
1510 54 1310 27 1541 33 3530 20
1511 40 1311 28 1542 38 3531 25
1512 30 1312 27 1543 33 3532 29
1513 44 1313 31 1544 35 3533 24
1514 35 1314 35 1545 30 3534 24
1515 36 1315 35 1546 23 3535 38
1516 31 1316 27 1547 28 3536 20
1517 29 1317 27 1548 18 3537 27
1518 34 1318 29 1549 29 3538 15
1519 24 1319 31 1550 26 3539 17
1520 25 1320 27 1551 18 3540 19
1521 29 1321 18 1552 24 3541 17
1522 24 1322 22 1553 28 3542 17
1523 25 1323 23 1554 24 3543 21
1524 36 1324 25 1555 17 3544 14
1525 28 1325 15 1556 21 3545 19
1526 25 1326 18 1557 23 3546 16
1527 19 1327 25 1558 23 3547 18
1528 20 1328 25 1559 19 3548 17
1529 24 1329 17 1560 17 3549 21
1530 23 1330 12 1561 15 3550 18
1531 31 1331 23 1562 19 3551 18
1532 23 1332 14 1563 10 3552 16
1533 25 1333 14 1564 19 3553 14
1534 28 1334 26 1565 12 3554 14
1535 21 1335 13 1566 12 3555 13
1536 19 1336 18 1567 12 3556 15
1537 20 1337 23 1568 16 3557 17
1538 25 1338 13 1569 21 3558 9
1539 18 1339 22 1570 13 3559 12
1540 17 1340 16 1571 11 3560 6
1541 22 1341 21 1572 18 3561 14
1542 23 1342 19 1573 10 3562 5
1543 20 1343 11 1574 19 3563 16
1544 16 1344 12 1575 12 3564 19
1545 20 1345 18 1576 18 3565 9
1546 14 1346 13 1577 20 3566 8
1547 17 1347 15 1578 9 3567 12
1548 18 1348 17 1579 10 3568 8
1549 17 1349 16 1580 8 3569 10
1550 20 1350 15 1581 9 3570 10
1551 9 1351 5 1582 9 3571 10
1552 14 1352 9 1583 13 3572 6
1553 19 1353 10 1584 11 3573 8
1554 10 1354 9 1585 10 3574 9
1555 9 1355 14 1586 13 3575 4
1556 15 1356 12 1587 15 3576 8
1557 7 1357 13 1588 7 3577 5
1558 7 1358 12 1589 7 3578 14
1559 16 1359 16 1590 12 3579 4
1560 9 1360 10 1591 6 3580 8
1561 11 1361 14 1592 13 3581 7
1562 8 1362 10 1593 10 3582 3
1563 11 1363 12 1594 10 3583 14
1564 6 1364 9 1595 7 3584 9
1565 13 1365 7 1596 5 3585 4
1566 11 1366 7 1597 10 3586 7
1567 9 1367 9 1598 5 3587 3
1568 7 1368 8 1599 12 3588 6
1569 7 1369 5 1600 9 3589 3
1570 8 1370 6 1601 8 3590 5
1571 10 1371 5 1602 1 3591 6
1572 12 1372 9 1603 3 3592 7
1573 10 1373 10 1604 7 3593 5
1574 7 1374 6 1605 4 3594 8
1575 12 1375 8 1606 7 3595 5
1576 7 1376 8 1607 5 3596 5
1577 8 1377 5 1608 8 3597 7
1578 7 1378 9 1609 9 3598 2
1579 6 1379 8 1610 8 3599 7
1580 8 1380 5 1611 5 3600 4
1581 2 1381 7 1612 10 3601 5
1582 7 1382 6 1613 7 3602 4
1583 3 1383 7 1614 4 3603 3
1584 3 1384 2 1615 3 3604 10
1585 5 1385 3 1616 6 3605 3
1586 7 1386 3 1617 4 3606 3
1587 5 1387 3 1618 2 3607 3
1588 6 1388 4 1619 11 3608 2
1589 10 1389 9 1620 6 3609 4
1590 5 1390 6 1621 3 3610 2
1591 3 1391 9 1622 4 3611 2
1592 12 1392 6 1623 3 3612 2
1593 4 1393 4 1624 3 3613 6
1594 7 1394 7 1625 5 3614 4
1595 2 1395 1 1626 6 3615 2
1596 9 1396 3 1627 10 3616 4
1597 6 1397 5 1628 5 3617 3
1598 7 1398 3 1629 4 3618 6
1599 4 1399 8 1630 4 3619 4
1600 2 1400 1 1631 4 3620 3
1601 5 1401 4 1632 7 3621 2
1602 0 1402 1 1633 4 3622 7
1603 8 1403 5 1634 3 3623 5
1604 2 1404 5 1635 4 3624 5
1605 6 1405 5 1636 3 3625 4
1606 2 1406 4 1637 4 3626 3
1607 4 1407 3 1638 2 3627 3
1608 9 1408 1 1639 2 3628 3
1609 4 1409 3 1640 4 3629 1
1610 4 1410 4 1641 3 3630 4
1611 3 1411 6 1642 2 3631 1
1612 8 1412 2 1643 5 3632 4
1613 5 1413 4 1644 6 3633 4
1614 5 1414 3 1645 2 3634 1
1615 2 1415 5 1646 3 3635 4
1616 1 1416 5 1647 4 3636 3
1617 2 1417 5 1648 5 3637 4
1618 5 1418 6 1649 2 3638 3
1619 1 1419 4 1650 2 3639 2
1620 8 1420 3 1651 3 3640 5
1621 4 1421 5 1652 3 3641 4
1622 4 1422 0 1653 7 3642 3
1623 2 1423 2 1654 2 3643 4
1624 4 1424 4 1655 5 3644 2
1625 4 1425 1 1656 2 3645 2
1626 3 1426 4 1657 2 3646 4
1627 3 1427 1 1658 3 3647 5
1628 4 1428 6 1659 4 3648 3
1629 3 1429 3 1660 5 3649 5
1630 5 1430 4 1661 1 3650 2
1631 4 1431 3 1662 1 3651 1
1632 4 1432 2 1663 2 3652 3
1633 4 1433 6 1664 2 3653 5
1634 2 1434 1 1665 0 3654 3
1635 1 1435 3 1666 6 3655 3
1636 2 1436 4 1667 2 3656 6
1637 1 1437 3 1668 2 3657 3
1638 3 1438 2 1669 2 3658 3
1639 2 1439 4 1670 2 3659 1
1640 2 1440 3 1671 4 3660 4
1641 4 1441 0 1672 3 3661 3
1642 2 1442 3 1673 4 3662 1
1643 4 1443 3 1674 1 3663 3
1644 6 1444 1 1675 2 3664 2
1645 5 1445 0 1676 2 3665 1
1646 2 1446 7 1677 3 3666 2
1647 2 1447 4 1678 3 3667 0
1648 7 1448 1 1679 1 3668 1
1649 5 1449 2 1680 3 3669 5
1650 5 1450 3 1681 3 3670 0
1651 2 1451 3 1682 5 3671 1
1652 4 1452 2 1683 2 3672 1
1653 6 1453 2 1684 2 3673 5
1654 3 1454 3 1685 5 3674 3
1655 5 1455 2 1686 2 3675 4
1656 1 1456 2 1687 3 3676 3
1657 8 1457 1 1688 5 3677 1
1658 2 1458 2 1689 3 3678 2
1659 4 1459 2 1690 3 3679 2
1660 3 1460 2 1691 1 3680 3
1661 2 1461 1 1692 2 3681 1
1662 1 1462 4 1693 4 3682 1
1663 1 1463 0 1694 2 3683 1
1664 1 1464 1 1695 3 3684 0
1665 1 1465 0 1696 1 3685 0
1666 3 1466 3 1697 0 3686 1
1667 3 1467 3 1698 0 3687 5
1668 2 1468 1 1699 1 3688 1
1669 3 1469 1 1700 0 3689 1
1670 2 1470 2 1701 3 3690 0
1671 2 1471 1 1702 1 3691 1
1672 2 1472 4 1703 2 3692 0
1673 1 1473 1 1704 1 3693 2
1674 0 1474 3 1705 2 3694 1
1675 0 1475 0 1706 0 3695 3
1676 3 1476 2 1707 4 3696 1
1677 4 1477 4 1708 3 3697 2
1678 1 1478 3 1709 1 3698 1
1679 1 1479 0 1710 0 3699 1
1680 1 1480 1 1711 0 3700 0
1681 1 1481 1 1712 0 3701 5
1682 2 1482 2 1713 1 3702 1
1683 2 1483 1 1714 0 3703 1
1684 0 1484 1 1715 0 3704 2
1685 1 1485 2 1716 1 3705 1
1686 0 1486 0 1717 0 3706 1
1687 2 1487 3 1718 1 3707 1
1688 1 1488 2 1719 0 3708 0
1689 2 1489 2 1720 0 3709 0
1690 1 1490 1 1721 1 3710 2
1691 0 1491 3 1722 2 3711 1
1692 2 1492 0 1723 1 3712 3
1693 250 1493 237 1724 234 3713 2
