54 0 44 0 56 0
55 0 45 0 57 0
56 0 46 0 58 0
57 0 47 0 59 0
58 1026 48 1082 60 1325
59 1552 49 1719 61 1975
60 2026 50 2175 62 2667
61 2434 51 2635 63 3100
62 2878 52 2994 64 3448
63 3025 53 3232 65 3487
64 3163 54 3352 66 3529
65 3075 55 3577 67 3447
66 2985 56 3471 68 3363
67 3054 57 3274 69 3244
68 2848 58 3121 70 3269
69 2868 59 3070 71 3059
70 2992 60 3042 72 3096
71 2611 61 2863 73 2900
72 2482 62 2919 74 2836
73 2412 63 2817 75 2755
74 2415 64 2735 76 2625
75 2358 65 2743 77 2571
76 2289 66 2649 78 2218
77 2431 67 2728 79 2634
78 1920 68 2690 80 2614
79 2379 69 2685 81 2712
80 2434 70 2966 82 2798
81 2441 71 2769 83 2673
82 2472 72 2659 84 2791
83 2481 73 2720 85 2831
84 2442 74 2726 86 2821
85 2514 75 2708 87 2738
86 2502 76 2662 88 2750
87 2559 77 2356 89 2910
88 2524 78 2365 90 2825
89 2690 79 2652 91 2681
90 2535 80 2613 92 2704
91 2504 81 2604 93 2777
92 2417 82 2644 94 2628
93 2432 83 2532 95 2666
94 2421 84 2441 96 2528
95 2517 85 2511 97 2532
96 2374 86 2510 98 2466
97 2399 87 2467 99 2371
98 2319 88 2441 100 2339
99 2178 89 2252 101 2306
100 2151 90 2167 102 2143
101 2199 91 2094 103 2106
102 2141 92 2001 104 2121
103 2084 93 2030 105 1939
104 2032 94 1942 106 1980
105 2046 95 1843 107 1815
106 2019 96 1764 108 1779
107 1876 97 1734 109 1701
108 1728 98 1633 110 1610
109 1665 99 1617 111 1594
110 1710 100 1481 112 1484
111 1652 101 1536 113 1431
112 1523 102 1550 114 1405
113 1489 103 1406 115 1281
114 1439 104 1277 116 1138
115 1084 105 1272 117 1126
116 1303 106 1161 118 1192
117 1388 107 1105 119 1089
118 1313 108 905 120 1043
119 1267 109 966 121 1068
120 1212 110 1004 122 1000
121 1239 111 988 123 959
122 1130 112 938 124 900
123 1017 113 863 125 844
124 998 114 832 126 826
125 971 115 782 127 780
126 949 116 808 128 731
127 916 117 780 129 737
128 821 118 754 130 729
129 841 119 750 131 668
130 812 120 695 132 613
131 730 121 649 133 614
132 709 122 572 134 555
133 675 123 586 135 530
134 733 124 588 136 601
135 651 125 523 137 509
136 625 126 530 138 427
137 630 127 484 139 486
138 580 128 486 140 432
139 555 129 464 141 438
140 524 130 467 142 345
141 519 131 460 143 377
142 416 132 411 144 392
143 476 133 439 145 397
144 453 134 420 146 346
145 484 135 395 147 335
146 430 136 372 148 343
147 443 137 354 149 324
148 414 138 329 150 295
149 406 139 318 151 311
150 372 140 321 152 283
151 366 141 234 153 301
152 337 142 259 154 275
153 379 143 280 155 266
154 900 144 756 156 693
155 904 145 731 157 625
156 803 146 646 158 566
157 741 147 602 159 500
158 674 148 535 160 480
159 539 149 478 161 399
160 525 150 388 162 354
161 489 151 403 163 358
162 391 152 337 164 244
163 406 153 301 165 263
164 381 154 298 166 278
165 356 155 265 167 208
166 334 156 236 168 225
167 291 157 246 169 191
168 254 158 204 170 152
169 232 159 212 171 175
170 231 160 179 172 143
171 215 161 180 173 143
172 222 162 162 174 127
173 184 163 129 175 120
174 154 164 112 176 114
175 185 165 131 177 118
176 147 166 115 178 104
177 148 167 112 179 95
178 116 168 104 180 74
179 120 169 84 181 72
180 103 170 93 182 81
181 102 171 87 183 69
182 93 172 89 184 78
183 78 173 86 185 65
184 87 174 73 186 64
185 75 175 58 187 70
186 70 176 48 188 58
187 91 177 52 189 52
188 65 178 50 190 50
189 64 179 51 191 47
190 54 180 61 192 48
191 70 181 47 193 43
192 44 182 31 194 32
193 46 183 39 195 46
194 53 184 38 196 28
195 49 185 30 197 45
196 53 186 39 198 30
197 50 187 33 199 40
198 38 188 34 200 30
199 43 189 25 201 25
200 42 190 28 202 22
201 43 191 26 203 24
202 37 192 32 204 16
203 896 193 702 205 681
