0.00
-0.01
0.17
6.82
7.58
5.58
3.83
2.42
1.37
0.67
0.42
0.29
0.24
0.32
0.06
0.07
0.10
0.02
0.01
0.01
0.07
0.03
-0.00
-0.00
0.01
-0.00
-0.00
-0.00
-0.00
0.01
0.01
-0.00
-0.00
0.01
-0.00
-0.00
0.01
-0.00
0.01
-0.00
-0.00
-0.00
0.01
-0.00
-0.00
-0.00
-0.00
-0.00
-0.00
-0.00
-0.01
-0.00
-0.00
-0.00
-0.00
-0.00
-0.00
-0.00
-0.00
-0.00
0.01
-0.00
-0.00
0.01
-0.00
-0.00
-0.00
-0.00
-0.00
-0.00
-0.00
-0.00
-0.01
-0.00
0.01
-0.00
-0.00
-0.00
-0.00
-0.00
-0.01
-0.00
-0.00
-0.00
-0.00
-0.00
-0.00
-0.00
-0.00
-0.00
-0.00
-0.00
-0.00
-0.00
-0.00
-0.00
-0.00
0.10
0.03
0.01
0.01
0.01
0.01
-0.00
0.01
-0.00
-0.00
