-0.05
0.24
9.55
8.68
5.19
3.44
2.28
1.11
0.82
0.24
0.24
0.24
-0.05
-0.05
-0.05
-0.05
-0.05
-0.05
-0.05
-0.05
-0.05
0.24
-0.05
-0.05
-0.05
0.24
-0.05
-0.05
-0.05
0.24
0.24
-0.05
-0.05
0.24
0.24
-0.05
-0.05
-0.05
-0.05
-0.05
-0.05
-0.05
-0.05
-0.05
-0.05
0.24
-0.05
-0.05
-0.05
-0.05
-0.05
-0.05
-0.05
-0.05
-0.05
-0.05
0.24
-0.05
-0.05
0.24
-0.05
-0.05
-0.05
-0.05
-0.05
-0.05
-0.05
-0.05
-0.05
0.24
0.24
-0.05
-0.05
-0.05
-0.05
-0.05
-0.05
-0.05
0.24
-0.05
0.24
0.24
-0.05
0.24
-0.05
-0.05
-0.05
0.24
