-0.06
0.24
7.41
8.01
5.62
3.52
2.32
1.13
0.83
0.53
0.23
0.23
-0.07
-0.07
0.23
-0.07
-0.07
-0.07
-0.07
0.23
-0.07
-0.07
0.23
-0.07
-0.07
-0.07
-0.07
-0.07
-0.07
-0.07
-0.07
-0.07
0.23
0.23
0.23
-0.07
0.23
-0.07
-0.07
0.23
-0.07
-0.07
-0.07
-0.07
-0.07
-0.07
-0.07
0.23
0.23
0.23
0.23
-0.07
-0.07
-0.07
0.23
-0.07
0.23
-0.07
0.23
0.23
-0.07
-0.07
-0.07
-0.07
-0.07
-0.07
-0.07
-0.07
-0.07
-0.07
0.23
-0.07
-0.07
-0.07
0.23
-0.07
0.23
-0.07
0.23
0.23
-0.07
-0.07
-0.07
-0.07
-0.07
-0.07
-0.07
-0.07
-0.07
0.23
-0.07
0.23
-0.07
-0.07
-0.07
-0.07
-0.07
-0.07
-0.07
-0.07
-0.07
-0.07
-0.07
-0.07
-0.07
-0.07
-0.07
-0.07
0.23
-0.07
0.23
