0.00
0.00
1.43
7.14
6.57
4.28
3.42
1.99
0.85
0.28
0.28
0.28
0.28
0.28
0.28
-0.01
0.28
-0.29
-0.01
0.28
-0.01
-0.01
0.28
-0.29
-0.01
-0.29
-0.01
-0.01
-0.01
-0.01
-0.01
-0.01
-0.29
-0.01
-0.01
0.28
-0.01
-0.01
-0.01
-0.29
-0.01
0.28
-0.01
-0.01
-0.01
-0.29
-0.01
-0.01
-0.01
-0.01
-0.01
-0.01
-0.01
-0.01
-0.01
-0.01
-0.01
-0.01
-0.01
-0.01
-0.01
-0.29
-0.01
-0.01
-0.01
-0.01
-0.01
-0.01
-0.01
-0.01
0.28
-0.01
-0.01
-0.01
-0.01
-0.01
-0.01
-0.01
-0.01
-0.01
-0.01
-0.01
-0.01
-0.01
-0.01
-0.01
-0.01
-0.01
-0.01
-0.29
-0.01
-0.01
-0.01
-0.01
-0.01
-0.01
-0.01
-0.01
-0.01
-0.01
0.28
-0.01
0.28
-0.01
-0.01
-0.01
-0.01
