0.00
0.01
6.22
8.30
6.77
4.39
2.84
1.56
1.07
0.80
0.45
0.29
0.11
0.07
0.06
0.02
0.01
0.01
0.01
0.02
0.01
0.01
0.01
0.01
-0.00
-0.00
-0.00
0.01
-0.00
0.01
-0.00
0.01
0.01
0.01
-0.01
0.01
-0.00
-0.00
-0.01
0.01
-0.01
-0.00
-0.01
-0.00
0.01
0.01
-0.00
-0.00
-0.00
-0.01
-0.00
-0.00
-0.00
-0.00
-0.00
-0.00
-0.00
0.01
0.01
-0.00
0.01
0.01
-0.00
-0.01
-0.00
-0.00
0.11
0.01
-0.00
-0.00
-0.00
0.01
-0.00
0.01
-0.00
-0.00
-0.00
0.01
-0.00
-0.00
-0.00
-0.00
-0.00
0.01
-0.00
-0.00
0.01
-0.00
0.01
-0.00
-0.00
-0.00
-0.00
-0.01
-0.00
-0.00
-0.00
0.01
-0.00
-0.00
-0.00
0.08
0.02
0.01
0.00
0.00
0.00
0.00
0.00
0.00
0.00
